0,1,2,3,4,5,6,7,8,9,10,11,12,13,14,15,16,17,18,19,20,21,22,23,24,25,26,27,timestamp
1.4775726,0.033669077,0.032865074,0.044876076,0.06362157,0.118054815,0.022014247,0.035675913,0.022350129,0.1483487,0.04061511,0.080093004,0.036888085,0.024294488,0.028484935,0.018212799,0.015372162,0.046672728,0.038415026,0.04514825,0.029842218,0.011366268,0.062818505,0.020988623,0.019303873,0.03253377,0.024789553,0.03537547,2024-04-02 03:25:00
1.3411105,0.04200039,0.055582605,0.020508235,0.038390443,0.20395814,0.02239175,0.015807603,0.04878415,0.060268376,0.041894015,0.07610839,0.06117765,0.017809825,0.018623676,0.015008458,0.037326917,0.063891165,0.025105009,0.038981464,0.031139921,0.027320273,0.061765388,0.031143945,0.017707936,0.1230977,0.015078061,0.01931018,2024-04-02 03:26:00
1.4473363,0.03858501,0.038843714,0.018330818,0.060001284,0.016914256,0.03688755,0.019268433,0.0348626,0.057274677,0.03819465,0.03747389,0.061149243,0.020833915,0.041205496,0.029871795,0.036851704,0.06763228,0.0497609,0.04518833,0.034983184,0.037891258,0.062490556,0.027519157,0.029264506,0.034259047,0.024003033,0.03404415,2024-04-02 03:27:00
1.1730157,0.03709595,0.033426534,0.012468116,0.046919443,0.12496544,0.01845549,0.031519607,0.024235476,0.059440106,0.04369252,0.052818216,0.061334748,0.046928085,0.041019015,0.12336476,0.022742815,0.0702393,0.04430195,0.06991932,0.026841743,0.015159776,0.06820972,0.044101324,0.018279733,0.03343099,0.017825322,0.034314606,2024-04-02 03:28:00
1.2384297,0.041092336,0.03858433,0.02860495,0.034962382,0.10579649,0.025924467,0.020716336,,0.05007935,0.036143657,0.041678213,0.06397843,0.021037048,0.03993115,0.018974701,0.043400183,0.03194802,0.041929286,0.03578507,0.028596763,0.010439084,0.062048126,0.031931605,0.025089456,0.046519417,0.017840043,0.12635686,2024-04-02 03:29:00
1.216076,0.020850258,0.03649836,0.043267205,0.036515146,0.0210461,0.013917256,0.022901732,0.02962256,0.068707764,0.040527113,0.05102007,0.05756312,0.04416114,0.04902013,0.027775368,0.031059247,0.03511941,0.048569676,0.04084431,0.03764619,0.018350814,0.07572586,0.02358743,0.021260453,0.039227627,0.02275878,0.030011384,2024-04-02 03:30:00
1.2383887,0.03570468,0.03983152,0.021632975,0.039905507,0.017019287,0.01461266,0.021045987,0.035907008,0.05557993,0.040659264,0.044081457,0.05936415,0.014923951,0.041785065,0.03883161,0.038459145,0.038773246,0.055911005,0.037989207,0.030727645,0.021636758,0.018109279,0.037781544,0.018739117,0.03042059,0.024141403,0.031813722,2024-04-02 03:31:00
1.2370654,0.036823593,0.029069819,0.03255372,0.023490341,0.07501248,0.023284337,0.020882307,,0.06205923,0.023014871,0.05459334,0.07186017,0.020415626,0.027069146,0.025455896,0.020620495,0.033530015,0.047258243,0.045131568,0.026709015,0.023703452,0.020568311,0.021771235,0.045965247,0.06888519,0.022088839,0.14676553,2024-04-02 03:32:00
1.2437171,0.041569624,0.03591148,0.01763272,0.029661734,0.017919274,0.0161692,0.015635477,0.049612597,0.05204728,0.031592693,0.048394803,0.071648225,0.027649129,0.043707434,0.026142115,0.024443028,0.029765492,0.04613204,0.04512131,0.03377738,0.017827505,0.029081421,0.01763639,0.019245783,0.054218017,0.028719114,0.035224874,2024-04-02 03:33:00
1.217398,0.07674333,0.032839622,0.15869093,0.033620793,0.019633789,0.02333882,0.018728044,0.045878187,0.060771663,0.04759805,0.059848603,0.069114774,0.016545365,0.027495619,0.022747343,0.028006282,0.023607738,0.053983167,0.035625983,0.028435707,0.027015502,0.014254452,0.024961637,0.0044942535,0.036051054,0.021783471,0.028426275,2024-04-02 03:34:00
1.1182866,0.03586895,0.036616,0.036309008,0.046581905,0.021383345,0.027772425,0.019745968,0.02193022,,0.040015392,0.048200503,0.071337424,0.027124837,0.032037705,0.024760136,0.023459356,0.02380676,0.056209087,0.037382208,0.03395853,0.018739244,0.016683001,0.040155705,0.039493926,0.055610526,0.022837495,0.041436553,2024-04-02 03:35:00
1.5416445,0.03087116,0.05201267,0.033798046,0.021253146,0.013782226,0.0265847,0.025709353,,0.060020953,0.023894709,0.04641099,0.06645699,0.016478378,0.038081378,0.027880412,0.036017243,0.036350578,0.04405645,0.03560973,0.029407276,0.020413138,0.025763884,0.043191273,0.06754691,0.029296955,0.016375164,0.039414585,2024-04-02 03:36:00
1.5153496,0.050691668,0.083592676,0.022081207,0.0279502,0.02631534,0.025572632,0.028747892,0.02637075,0.055779565,0.04524249,0.044309493,0.06679973,0.03574607,0.037493236,0.025112541,0.025230061,0.040563952,0.054659612,0.0451894,0.027176147,0.013786054,0.04337791,0.019105185,0.07434096,0.031122113,0.035991274,0.03610316,2024-04-02 03:37:00
1.5001453,0.033460706,0.022183202,0.025166016,0.017102825,0.029958064,0.016804332,0.021029945,0.019090824,0.050259355,0.030366324,0.044072494,0.05791015,0.015401384,0.048227735,0.027696267,0.033877987,0.073760055,0.040212773,0.043687243,0.03578965,0.018197384,0.021960879,0.047454536,0.11276796,0.031118782,0.027375197,0.0380351,2024-04-02 03:38:00
1.535021,0.036101017,0.03221173,0.025340354,0.025134435,0.01960438,0.019066244,0.032179512,0.020712785,0.06192787,0.044962656,0.04669297,0.06829167,0.039185386,0.045982607,0.025748204,0.027726652,0.025679762,0.052083336,0.044950936,0.026525706,0.018745698,0.01862086,0.052785415,0.12608512,0.029916331,0.024258368,0.033127636,2024-04-02 03:39:00
1.5029258,0.030386752,0.06525099,0.027001798,0.026566232,0.020900277,0.023227884,0.015346469,0.021345817,0.060430005,0.04573585,0.033612724,0.065311395,0.020445742,0.069306634,0.045347027,0.029812971,0.03767149,0.040287193,0.03618423,0.030737607,0.01445435,0.025417691,0.04283786,0.16460833,0.035161626,0.028022172,0.035224587,2024-04-02 03:40:00
1.4393325,0.16663696,0.10223209,0.026741657,0.019220319,0.0107310945,0.01825945,0.019596972,,0.06386594,0.043109506,0.043106094,0.0692966,0.011427958,0.038972598,0.020116253,0.02941956,0.049972754,0.053474877,0.038147014,0.030909177,0.016460575,0.018884417,0.03178264,0.15024492,0.040969927,0.02432111,0.029229114,2024-04-02 03:41:00
1.4980801,0.028396992,0.10094802,0.035300996,0.020754287,0.011467016,0.1097611,0.014928264,0.024402887,0.06357191,0.04263734,0.046979252,0.071597606,0.035359927,0.041942094,0.022799969,0.038892794,0.0442787,0.047518168,0.036133014,0.027767997,0.014156211,0.027388217,0.047967207,0.15229778,0.044470597,0.018096993,0.011938631,2024-04-02 03:42:00
1.5167824,0.030540815,0.12882134,0.024770604,0.04366037,0.01434495,0.025878953,0.015118407,0.026573049,0.06288039,0.03547076,0.043729067,0.072828025,0.0340181,0.042579614,0.02735245,0.018690323,0.022477819,0.045356315,0.036231548,0.026451558,0.014219821,0.024514483,0.020039896,0.15296909,0.0341535,0.02180635,0.04118959,2024-04-02 03:43:00
1.5224975,0.036256414,0.14967255,0.0284732,0.025919857,0.019872472,0.027129566,0.015685197,,0.06100059,0.044872418,0.05299409,0.068511456,0.032537945,0.041047435,0.024562899,0.022221394,0.06328129,0.043589868,0.04476004,0.028815463,0.0208868,0.02106011,0.01825734,0.15870802,0.04259954,0.030233925,0.03303349,2024-04-02 03:44:00
1.3542345,0.044551075,0.23951465,0.16637884,0.022951728,0.1635201,0.02341128,0.019544937,0.017760452,0.05934116,0.049865354,0.042191494,0.07445695,0.026497088,0.04421706,0.030629793,0.02298767,0.078814276,0.049904834,0.038683392,0.037339337,0.017332545,0.029847462,0.043430578,0.15082188,0.028439863,0.022939075,0.025169365,2024-04-02 03:45:00
1.4860308,0.030270189,0.21284,0.030199016,0.021170238,0.026322955,0.01586444,0.017269844,0.024172883,0.06471385,0.045890946,0.042673223,0.06445884,0.041203283,0.07170157,0.053897355,0.039469253,0.0743455,0.03426743,0.03659176,0.025749756,0.028586263,0.019327382,0.027854227,0.15906699,0.041285526,0.0223501,0.12564053,2024-04-02 03:46:00
1.4460113,0.048322756,0.22268848,0.029342156,0.016638089,0.021849483,0.013738549,0.023651898,,0.05234038,0.036380906,0.03494971,0.06958587,0.0336919,0.071167715,0.02687424,0.025645316,0.03537576,0.061602276,0.04523836,0.030285379,0.014492464,0.023006098,0.026228251,0.15733115,0.031682722,0.017219298,0.054753087,2024-04-02 03:47:00
1.4964342,0.034330975,0.30958754,0.035520893,0.023960538,0.025922397,0.016549421,0.016907142,0.02118569,0.061097268,0.05224752,0.044363238,0.069822244,0.016581215,0.06651071,0.023379587,0.0120274,0.04415395,0.037299074,0.100390285,0.03365358,0.024737345,0.026315218,0.04062683,0.16305715,0.039952956,0.020366795,0.03493801,2024-04-02 03:48:00
1.5146577,0.03845676,0.39140972,0.02914142,0.037807595,0.07143944,0.019414946,0.019316299,0.027597891,0.060005978,0.045796137,0.063234285,0.06655685,0.02712507,0.092824556,0.020184515,0.032202445,0.036777932,0.04221211,0.037515797,0.027793318,0.017795786,0.021836128,0.034825575,0.1698804,0.04258643,0.02354923,0.0356465,2024-04-02 03:49:00
1.4052231,0.030983262,0.4866219,0.027339738,0.03159734,0.05805137,0.016456468,,,0.06613333,0.03862776,0.043662634,0.060367927,0.017036295,0.08504876,0.043660175,0.025459882,0.06649178,0.043610543,0.043729536,0.03150265,0.020501485,0.023911757,0.09557556,0.17649989,0.083558634,0.019523742,0.037726253,2024-04-02 03:50:00
1.4097863,0.023427501,0.5318326,0.024170408,0.070265055,0.024628684,0.021554114,0.024265192,0.029461654,0.059373453,0.040748015,0.036979683,0.06278759,0.030503018,0.06268342,0.023289924,0.04492564,0.099641755,0.038527187,0.046384677,0.030440893,0.019168012,0.033189345,0.029340934,0.30896297,0.042000294,0.02460147,0.041635767,2024-04-02 03:51:00
1.4061921,0.04044569,0.46476433,0.024775477,0.024728205,0.06779641,0.034444474,0.018891321,0.06395503,0.052622866,0.043133873,0.0473037,0.060447715,0.021560384,0.076784916,0.015010856,0.036430094,0.07859005,0.05200814,0.03628431,0.029995047,0.018783117,0.018169044,0.034611907,0.2064826,0.05476356,0.01869335,0.0276779,2024-04-02 03:52:00
1.4041282,0.030371245,0.46019873,0.016912958,0.027523417,0.017977074,0.022915442,0.01761286,0.049794964,,0.03952439,0.056278296,0.059344117,0.02930719,0.0636622,0.027826592,0.03645791,0.057006937,0.037603196,0.036988996,0.027378695,0.011822719,0.023064803,0.018628327,0.16541953,0.038137894,0.024811504,0.032091063,2024-04-02 03:53:00
1.413716,0.042104553,0.4370608,0.022432962,0.025135785,0.018083785,0.1923946,0.025020625,,0.06554586,0.046560556,0.052047756,0.058679607,0.0444082,0.049186092,0.03949263,0.024626933,0.045920476,0.046176694,0.06950222,0.027275873,0.018003078,0.02146252,0.025472628,0.16641478,0.03345327,0.018020682,0.037157208,2024-04-02 03:54:00
1.4463869,0.041627448,0.48232996,0.024182754,0.029489387,0.025693007,0.011981024,0.017977484,0.044673994,0.05542643,0.042807035,0.050143994,0.04499704,0.024763461,0.05220535,0.034233283,0.022912191,0.03980013,0.04970711,0.044903696,0.031965658,0.015981674,0.028438015,0.022454677,0.16261014,0.03618362,0.0334504,0.030902578,2024-04-02 03:55:00
1.3758484,0.031965006,0.43830317,0.027054928,0.022720713,0.021569554,0.01790685,0.023618463,,0.053061333,0.044112474,0.041614432,0.040239543,0.08170941,0.018589312,0.022952745,0.025880398,0.04214789,0.046081744,0.03954724,0.04304556,0.015819127,0.030181522,0.02975447,0.15493055,0.12746233,0.018415507,0.035752166,2024-04-02 03:56:00
1.3766415,0.022145001,0.38002715,0.016848668,0.09801045,0.017594222,0.12809469,,0.0772929,0.063972354,0.039532043,0.041471817,0.031926524,0.028736388,0.02256391,0.021553172,0.03535824,0.03434225,0.05111837,0.036277257,0.026795616,0.017439246,0.029005716,0.025551671,0.16395178,0.045324303,0.030066172,0.025628598,2024-04-02 03:57:00
1.3758904,0.032381676,0.3802637,0.037021596,0.033083275,0.02340337,0.027340015,0.025042111,0.057328735,0.05542649,0.04947115,0.039972637,0.034761995,0.022403035,0.02101484,0.02521152,0.023304807,0.040820334,0.038581535,0.04476088,0.028477475,0.021662397,0.012722914,0.023498008,0.16538952,0.03080951,0.021399746,0.03092372,2024-04-02 03:58:00
1.4083037,0.036902852,0.44681948,0.030616835,0.023492077,0.031208402,0.026009059,0.019705154,,0.049682315,0.04144972,0.04503462,0.038769215,0.03853792,0.019593768,0.026279142,0.024355264,0.03842469,0.05386269,0.04487036,0.028406518,0.014360149,0.01485304,0.02863451,0.15263386,0.032676306,0.024195572,0.04165029,2024-04-02 03:59:00
1.3491814,0.037378993,0.30421963,0.024182124,0.023601074,0.02286744,0.14421466,0.018952843,0.077768214,0.06061863,0.039474424,0.04508421,0.06039965,0.026955754,0.029229987,0.024036918,0.029672982,0.038347468,0.03815434,0.04802745,0.025978858,0.029021146,0.016184874,0.021945987,0.16066577,0.0516177,0.01830146,0.04632843,2024-04-02 04:00:00
1.3426498,0.026339358,0.27926615,0.04322502,0.033326402,0.026144346,0.025353195,0.020337367,,0.0578445,0.04240909,0.035808396,0.061120905,0.016563462,0.04034554,0.026843155,0.031174062,0.038371745,0.05187,0.044809483,0.0280999,0.02483704,0.018029409,0.03264912,0.15382195,0.03838195,0.021266429,0.035877235,2024-04-02 04:01:00
1.3425052,0.02057252,0.2832815,0.029759677,0.01947814,0.028163848,0.019389877,,0.062466733,0.058691766,0.043511245,0.04563277,0.0683939,0.0403537,0.029519178,0.026543953,0.03207063,0.07096372,0.04130155,0.04485916,0.032700043,0.037075657,0.013850977,0.018149378,0.14777416,0.056878462,0.02815467,0.011082112,2024-04-02 04:02:00
1.340804,0.041500725,0.30396876,0.027807523,0.021453965,0.016333807,0.061897945,0.014708732,0.03925841,0.06533846,0.03619447,0.036207303,0.06878254,0.015281213,0.037192218,0.02734309,0.03326218,0.03932385,0.048801415,0.044915374,0.0286469,0.015075497,0.017678944,0.019413466,0.1635123,0.043304224,0.02273826,0.024025068,2024-04-02 04:03:00
1.4285752,0.034835305,0.29605493,0.03682687,0.053617828,0.031044729,0.027867122,0.057621654,,0.069665864,0.045593012,0.035205536,0.06409174,0.017610174,0.025201626,0.021787511,0.021930201,0.03249245,0.0419073,0.044923145,0.031213673,0.01372901,0.021842247,0.013701485,0.16196966,0.042577207,0.07335454,0.029807959,2024-04-02 04:04:00
1.3329047,0.031428814,0.38264668,0.043277197,0.020036332,0.026611578,0.017141612,0.02151464,0.034015227,0.072658606,0.042420436,0.04728166,0.058455862,0.031004943,0.02698954,0.021932114,0.030548578,0.027668271,0.03732532,0.036559343,0.0267067,0.01421516,0.021531584,0.017164966,0.19874536,0.06541598,0.013724224,0.035138853,2024-04-02 04:05:00
1.4087621,0.041016288,0.36457208,0.03739395,0.030468091,0.030229846,0.016325591,0.021313665,,,0.047614016,0.039756797,0.06906143,0.03876127,0.051329333,0.019940048,0.02764014,0.04003315,0.049813997,0.035721593,0.02891493,0.015205099,0.035001084,0.029998632,0.16195285,0.022330519,0.019824175,0.023356447,2024-04-02 04:06:00
1.3493382,0.019729916,0.2986397,0.0366458,0.028800135,0.030106638,0.02888449,0.016928757,0.031082729,0.065351635,0.044614464,0.0503743,0.06569697,0.032512967,0.046232004,0.023512319,0.02743202,0.0782909,0.033383776,0.03957554,0.031152682,0.017033719,0.036921397,0.03984358,0.1552655,0.024382947,0.028428202,0.03474974,2024-04-02 04:07:00
1.3389686,0.04494019,0.318017,0.031476285,0.027329225,0.064745106,0.018175984,0.026604308,0.03315349,0.058895968,0.041641157,0.040692978,0.054105032,0.037282173,0.051259726,0.051065475,0.033481255,0.042650696,0.039970536,0.047892284,0.038748372,0.025960706,0.029789953,0.028754331,0.15892932,0.032778952,0.023210974,0.034673903,2024-04-02 04:08:00
1.3603652,0.03507692,0.40196842,0.021887988,0.03587262,0.033636823,0.018769491,0.016364122,,,0.034158465,0.03922345,0.05955918,0.01502531,0.028963163,0.022186326,0.03632383,0.035369214,0.04400425,0.04521517,0.028377114,0.019664379,0.020235693,0.04251667,0.16329697,0.056753155,0.025130078,0.040813003,2024-04-02 04:09:00
1.457154,0.031439234,0.341863,0.030830907,0.022029312,0.031928856,0.017618148,0.016471004,0.04807831,0.049877714,0.04753748,0.045589995,0.06342377,0.037330527,0.065052666,0.04005367,0.034330897,0.05416144,0.039155968,0.038589627,0.29358378,0.02253499,0.022145139,0.031123985,0.15886621,0.028530167,0.030344073,0.03456363,2024-04-02 04:10:00
1.3391364,0.032182086,0.2518431,0.03049435,0.02032697,0.02215032,0.023304343,0.015314544,,,0.040236313,0.13503885,0.060242645,0.029070757,0.014897229,0.020310482,0.03300531,0.032879066,0.04832792,0.043512877,0.03671786,0.02346871,0.04703266,0.027519686,0.16098793,0.051658757,0.017708791,0.039884705,2024-04-02 04:11:00
1.3413063,0.04591013,0.43951523,0.022498509,0.057903092,0.02346139,0.019122602,0.017980866,0.04167378,0.059437934,0.040555216,0.03984586,0.069933556,0.013516566,0.021667043,0.026418615,0.021588888,0.02281503,0.050365258,0.036503956,0.033523586,0.016032599,0.030524356,0.017029561,0.15821558,0.07747041,0.017980421,0.037473384,2024-04-02 04:12:00
1.2342507,0.054497223,0.2617329,0.029410357,0.028081797,0.022906959,0.015941996,0.01595237,0.07164737,0.055742446,0.020170338,0.03992907,0.063931346,0.024611238,0.04601718,0.025549835,0.028358998,0.07021055,0.040505122,0.03751569,0.03239247,0.03292174,0.02691776,0.028496828,0.16637112,0.054541703,0.027332135,0.034721043,2024-04-02 04:13:00
1.2681527,0.039684314,0.25652665,0.03671564,0.012992974,0.0391389,0.022713263,0.0209604,,0.06719643,0.04122554,0.046021666,0.067157105,0.0134857325,0.044466235,0.02207571,0.024292527,0.05211082,0.04460054,0.044890873,0.038531214,0.019058058,0.018773222,0.017127616,0.16192524,0.042285178,0.023661546,0.035787605,2024-04-02 04:14:00
1.2980295,0.03585851,0.2873723,0.022567367,0.017730417,0.012892126,0.019837487,0.014878039,0.07171032,0.059224345,0.039602622,0.031605195,0.062242128,0.024164632,0.041979156,0.026543856,0.015253255,0.028929101,0.0148479035,0.03647505,0.031819634,0.013175972,0.020447101,0.021935271,0.1618932,0.05650042,0.020301362,0.03426107,2024-04-02 04:15:00
1.5118384,0.01393412,0.35196555,0.019373178,0.01947542,0.021925494,0.020542175,0.021200377,0.046313174,,0.024432242,0.04997464,0.045948282,0.023666682,0.05035268,0.02648239,0.019954842,0.02494018,0.042796247,0.036254082,0.026193844,0.022188881,0.018869862,0.016728451,0.11664769,0.0747623,0.02277224,0.015094075,2024-04-02 04:16:00
1.4398662,0.033563197,0.2591401,0.024009526,0.015552549,0.022630373,0.021231525,0.02959135,,0.05608626,0.033037636,0.042711664,0.052831326,0.029018275,0.040796466,0.029165441,0.026632752,0.039459955,0.03917234,0.0453247,0.029409425,0.024117846,0.02096979,0.013557035,0.14012302,0.035303354,0.019063577,0.03175925,2024-04-02 04:17:00
1.4682868,0.02581152,0.3229616,0.019107651,0.03711964,0.019869132,0.14559844,0.020510975,0.03845446,0.064849466,0.03813214,0.039854553,0.051210407,0.025171887,0.046751793,0.045858074,0.028020544,0.018755274,0.042708732,0.037243754,0.028702084,0.021207303,0.019937556,0.013808487,0.10780427,0.07566133,0.02127777,0.0319362,2024-04-02 04:18:00
1.6145574,0.04691003,0.15929566,0.049133096,0.035228826,0.039328694,0.016985776,0.021591615,0.045127846,0.06326027,0.041888114,0.036666546,0.05578504,0.05838095,0.04844525,0.020844784,0.031058762,0.02054451,0.04514853,0.036299232,0.030002497,0.016238432,0.030102992,0.019784162,0.054004535,0.03830064,0.022604378,0.03182433,2024-04-02 04:19:00
1.5086657,0.04872065,0.24965683,0.02775977,0.028648835,0.022987284,0.0135271875,0.020492177,0.039831,0.058848225,0.04401362,0.036494672,0.05496521,0.029329551,0.048757896,0.032520723,0.05189695,0.032623436,0.0407019,0.040428624,0.1356904,0.026737576,0.016633738,0.023562906,0.053631496,0.06721821,0.020568533,0.037490305,2024-04-02 04:20:00
1.4465939,0.037238985,0.15449174,0.026223142,0.014672832,0.037224267,0.0314259,0.019710088,,0.06568353,0.04921547,0.041546002,0.05023682,0.031005478,0.05310957,0.027076388,0.022084579,0.040358078,0.045614183,0.045236606,0.030533928,0.013704242,0.0219703,0.022575026,0.050661124,0.052846666,0.016388288,0.010085939,2024-04-02 04:21:00
1.5301409,0.04445103,0.1672609,0.059452627,0.027952876,0.022463955,0.032648146,0.020752816,0.030111587,0.059020277,0.025239548,0.041033607,0.049049314,0.021006314,0.054233342,0.0254859,0.011942059,0.050445158,0.051034432,0.03768208,0.030255724,0.016533207,0.03198388,0.012329115,0.014970658,0.046811633,0.024781233,0.035587765,2024-04-02 04:22:00
1.4915988,0.023113996,0.20980063,0.060232535,0.035107493,0.044632703,0.017312875,,0.03615157,0.06512803,0.026046436,0.03877912,0.051067926,0.022348205,0.03660148,0.023848662,0.024823977,0.026673669,0.051893942,0.03593934,0.031852476,0.019956173,0.025166724,0.044248577,0.040547438,0.03548422,0.024202507,0.012218693,2024-04-02 04:23:00
1.513343,0.03796115,0.16624257,0.068884104,0.03733966,0.023140943,0.02629265,0.017107766,0.03621471,0.051513746,0.04480243,0.04004713,0.053697538,0.031598005,0.040017202,0.03991035,0.02910582,0.061307207,0.03879984,0.04536849,0.038148575,0.02337644,0.033216186,0.028553115,0.024728954,0.033198074,0.022221893,0.033725653,2024-04-02 04:24:00
1.4627194,0.020911258,0.1619232,0.032969467,0.01829557,0.021376496,0.029664835,,,0.06855327,0.041987885,0.04420722,0.054395027,0.029983709,0.03812314,0.017267108,0.019688427,0.043579124,0.038608555,0.036775917,0.027534403,0.015865281,0.049593966,0.021809312,0.010667911,0.062436953,0.023832846,0.026963565,2024-04-02 04:25:00
1.4834362,0.04122427,0.1995518,0.040388703,0.033575974,0.02830533,0.028241506,0.021617915,0.029089242,0.05462463,0.033622783,0.06221325,0.052565128,0.029994968,0.04381276,0.02784573,0.013937192,0.04876325,0.041515492,0.04511264,0.032728925,0.022659693,0.023977423,0.01884402,0.021946032,0.061669294,0.08301863,0.017528111,2024-04-02 04:26:00
1.4894512,0.026466053,0.2581387,0.046932057,0.028950123,0.04004367,0.020965137,0.018706048,0.031120645,0.05959675,0.03707774,0.0431562,0.0529986,0.03456746,0.033037756,0.0322419,0.023808284,0.031913448,0.030527689,0.111587256,0.028121786,0.025560187,0.031083556,0.024958638,0.015660195,0.063204564,0.029839087,0.034057394,2024-04-02 04:27:00
1.4544429,0.047281805,0.15524608,0.03190908,0.0294498,0.024569705,0.0146389855,0.015246638,0.028821893,0.050800975,0.038551286,0.05360532,0.047839344,0.032693762,0.05166274,0.030823942,0.013085513,0.045017164,0.028107593,0.04003671,0.03153294,0.020674603,0.034313954,0.039301023,0.015199893,0.031222291,0.021561809,0.01883113,2024-04-02 04:28:00
1.5453057,0.04112355,0.14919977,0.045075662,0.025074108,0.024486054,0.033401273,,0.03743402,0.064109,0.02570288,0.040118944,0.04934716,0.023131879,0.0374523,0.044374038,0.028915871,0.06801693,0.043084152,0.04492908,0.025963869,0.015407182,0.020873401,0.016572477,0.012180062,0.062406085,0.027113227,0.039348017,2024-04-02 04:29:00
1.5271932,0.037969016,0.22418013,0.047807716,0.03516121,0.025684867,0.019693539,0.021236144,0.024416722,0.05314957,0.04404687,0.053015146,0.059480328,0.025401684,0.03592452,0.030635709,0.018600792,0.060121167,0.052204236,0.036515206,0.036724575,0.017237687,0.019224579,0.029580357,0.020810196,0.039887205,0.024822889,0.035731196,2024-04-02 04:30:00
1.4515741,0.049221,0.17182632,0.03453722,0.015854495,0.025657227,0.018108563,0.023925947,,0.057778083,0.21242674,0.045408662,0.05168175,0.023307532,0.03366038,0.035620093,0.025203573,0.056826122,0.04924275,0.040576097,0.028649319,0.01858667,0.023912087,0.019300299,0.013165205,0.027041575,0.018382728,0.033805985,2024-04-02 04:31:00
1.5568212,0.043172564,0.17688738,0.031760808,0.013371265,0.04866508,0.018841675,0.015403261,0.024362722,0.062639326,0.046669696,0.052719597,0.0629632,0.02738605,0.024581747,0.028981537,0.01872872,0.040091738,0.04792765,0.048710216,0.03924985,0.026025489,0.037304226,0.019031461,0.0143148545,0.031592175,0.024728945,0.03255949,2024-04-02 04:32:00
1.3860787,0.052672893,0.14112084,0.046120927,0.028016979,0.023417374,0.023531003,0.024504025,,0.06021255,0.03911205,0.039755657,0.058354087,0.025358615,0.050664973,0.022489913,0.02382214,0.06805321,0.046477742,0.06605578,0.029084586,0.02078739,0.031811018,0.08206811,0.011575116,0.031697307,0.02106911,0.03578412,2024-04-02 04:33:00
1.4776732,0.054638527,0.15732174,0.031980842,0.037217453,0.027249807,0.024649786,0.023074571,0.041987758,0.0570309,0.035483044,0.05101741,0.03359293,0.033438798,0.023578104,0.023843082,0.043727875,0.049915493,0.049976114,0.045114696,0.027152894,0.029014839,0.028302388,0.04602269,0.019987613,0.03648981,0.019360695,0.039806828,2024-04-02 04:34:00
1.3757942,0.03186959,0.17805769,0.026180828,0.032874297,0.02203317,0.015403455,0.023275727,0.035880744,0.056367546,0.028707365,0.036981903,0.052830677,0.031275745,0.023286423,0.019776756,0.01649991,0.09064083,0.036017504,0.04756572,0.035998,0.015971527,0.024009492,0.046979856,0.0088661285,0.05266786,0.022579832,0.033048246,2024-04-02 04:35:00
1.3918741,0.04167413,0.08987505,0.046453804,0.020589124,0.036586944,0.021180438,0.019772999,,0.06257157,0.037643358,0.047939714,0.046833217,0.024309358,0.028153412,0.06008866,0.02183187,0.0835825,0.049081013,0.04020453,0.031570856,0.015376074,0.020490576,0.03539989,0.025499975,0.06047402,0.02850665,0.03544318,2024-04-02 04:36:00
1.6272659,0.033467878,0.062551826,0.03661154,0.022401249,0.023654228,0.012231384,,0.034166284,0.064646356,0.022875069,0.13079455,0.0531995,0.024436845,0.02661319,0.08411318,0.016757326,0.038276423,0.062247876,0.06327225,0.03454269,0.013001561,0.03233306,0.012001071,0.016122686,0.02027141,0.017636953,0.4715421,2024-04-02 04:37:00
1.5771925,0.034636054,0.06287216,0.051995836,0.019518612,0.035296023,0.018989103,0.01775085,0.03787514,0.057249032,0.06424856,0.04160827,0.056883913,0.022596726,0.032050848,0.029827528,0.020812104,0.0438422,0.047512695,0.04392326,0.028464023,0.022733256,0.021995395,0.0134414425,0.018332312,0.035285834,0.02649186,0.029889433,2024-04-02 04:38:00
1.5751929,0.054127723,0.053011023,0.022900479,0.018893085,0.033498242,0.030691715,0.017404204,0.038600564,0.06259553,0.040522464,0.033313822,0.05873823,0.027599316,0.03471781,0.12482759,0.019281184,0.04130236,0.03214663,0.04346412,0.19116136,0.021119757,0.021473443,0.044051692,0.01863278,0.047111534,0.022207687,0.03363167,2024-04-02 04:39:00
1.648258,0.03316836,0.020697072,0.03414092,0.025980009,0.024178917,0.015780402,,,0.062899485,0.045062702,0.025780287,0.052568775,0.023144435,0.08064832,0.030335786,0.021087363,0.030776002,0.12501451,0.039834447,0.03027255,0.014902646,0.04410012,0.024265887,0.026074177,0.07284871,0.019962598,0.028405165,2024-04-02 04:40:00
1.5160457,0.038154636,0.042473298,0.01696163,0.028544405,0.03247425,0.0132520115,0.019694809,0.05814173,0.05909415,0.041955203,0.028433107,0.052620992,0.029217701,0.036684953,0.029479757,0.020406332,0.06510755,0.04984364,0.06580441,0.030120287,0.014885473,0.015314576,0.021932371,0.013937293,0.035080634,0.027692953,0.026351888,2024-04-02 04:41:00
1.3715068,0.03406928,0.038009696,0.025057029,0.027411094,0.032344,0.029846014,,,0.112024784,0.046743006,0.044858217,0.046818186,0.028779356,0.027223049,0.029010896,0.017172547,0.03736867,0.052314274,0.03712874,0.030577095,0.010724791,0.019050518,0.021037314,0.027931692,0.080870934,0.048315503,0.12827848,2024-04-02 04:42:00
1.5858219,0.034417808,0.045310322,0.030141687,0.017615283,0.016538598,,0.025817404,0.049526185,0.059684407,0.037396576,0.052433748,0.035884753,0.0304138,0.068790495,0.033084728,0.027152538,0.057166096,0.048071697,0.04538297,0.025700107,0.016001226,0.039506577,0.022649227,0.022080045,0.0250466,0.017305631,0.023743663,2024-04-02 04:43:00
1.5632513,0.031339902,0.046300016,0.022602454,0.06141742,0.02143822,0.017107125,0.030070517,0.05653668,0.06202565,0.0498861,0.051609755,0.032482658,0.03626437,0.031548433,0.017330354,0.015654065,0.04145912,0.049087487,0.037351307,0.03055273,0.017188536,0.024728503,0.019871907,0.026848137,0.03371463,0.017536137,0.059859592,2024-04-02 04:44:00
1.5616658,0.029228661,0.0475116,0.024549492,0.01754498,0.02658998,0.024359591,,0.037113044,0.061173458,0.21415779,0.048115086,0.026214773,0.023776587,0.034167036,0.024088882,0.02213565,0.051618095,0.052157942,0.03893269,0.029285586,0.009426388,0.025365952,0.021522393,0.017389955,0.027634734,0.021589192,0.020834835,2024-04-02 04:45:00
1.5634812,0.052459378,0.037847016,0.023524959,0.028542163,0.026187057,0.01791706,0.030094897,0.032537952,0.05553747,0.050875142,0.04682082,0.020908276,0.02738881,0.053933438,0.024646906,0.014996051,0.045869265,0.043428216,0.044950154,0.03225927,0.081845984,0.02451119,0.039107613,0.01906249,0.04459588,0.023508845,0.022089176,2024-04-02 04:46:00
1.7096742,0.03182121,0.05752641,0.03185249,0.037398636,0.028744182,0.023784488,0.027181897,,0.058581322,0.04178621,0.037263446,0.041704193,0.027995814,0.033756245,0.029165208,0.04156522,0.038920835,0.033234023,0.053137068,0.14009519,0.020880653,0.031408153,0.03762535,0.02150565,0.029959405,0.0154680805,0.03942588,2024-04-02 04:47:00
1.6400979,0.0428208,0.053360485,0.020742334,0.026699154,0.02845001,0.023460796,,0.025105992,0.058147058,0.018697988,0.048269466,0.03478668,0.026237883,0.027002022,0.015852235,0.021065151,0.096839815,0.03625678,0.044897046,0.026196232,0.017915305,0.025839888,0.059685618,0.012057154,0.036333073,0.019081146,0.03414242,2024-04-02 04:48:00
1.613615,0.042146113,0.038289357,0.01695739,0.02377717,0.02078205,0.029490868,0.017437993,0.032466386,0.060667716,0.040674325,0.04714391,0.03520422,0.056444257,0.030126315,0.021529477,0.019189602,0.045748245,0.05074422,0.036327556,0.032506105,0.0194989,0.019222314,0.03970548,0.030696038,0.026680905,0.022565223,0.02740123,2024-04-02 04:49:00
1.6054009,0.0424771,0.029402385,0.03897896,0.025361963,0.023240056,0.017381841,0.014322674,0.024824195,0.060366705,0.050301533,0.044716574,0.03994702,0.024079656,0.024864232,0.037870273,0.024764575,0.05634345,0.044895075,0.0500348,0.030625261,0.012871387,0.021036038,0.027620027,0.02673761,0.017342562,0.01389366,0.026630968,2024-04-02 04:50:00
1.7790781,0.0556915,0.041645784,0.021022668,0.025889061,0.017743481,0.024275871,0.021228198,0.026154444,0.06382069,0.052627474,0.04026292,0.02902524,0.05682149,0.016540451,0.024545234,0.018792681,0.046825826,0.03706142,0.041917853,0.029201038,0.019628936,0.03464688,0.022572013,0.016645284,0.0714494,0.021495417,0.036753587,2024-04-02 04:51:00
1.6995752,0.037286412,0.041575592,0.056804452,0.026627602,0.02354401,0.026015712,0.008333371,0.022460092,0.06351857,0.039826687,0.037946627,0.047430266,0.028825562,0.02157597,0.031739753,0.019471953,0.119364955,0.022386312,0.038438827,0.026887992,0.014074339,0.024831718,0.024176521,0.016733836,0.060594037,0.046604726,0.03252827,2024-04-02 04:52:00
1.6325454,0.042170737,0.03071866,0.051963937,0.028979544,0.039201036,0.10804739,0.025680464,0.023893584,0.064253405,0.041495305,0.06036422,0.05042117,0.033221487,0.04778883,0.0334062,0.027004387,0.09054172,0.032124758,0.04173082,0.032278277,0.024111088,0.031100977,0.04633976,0.027936513,0.038182788,0.02166097,0.031932887,2024-04-02 04:53:00
1.6757742,0.044322606,0.03142354,0.05522464,0.027374255,0.025739722,0.019208035,,,0.06000905,0.04776704,0.050382163,0.049282458,0.014218568,0.082665704,0.02559644,0.02112405,0.03405505,0.04849184,0.036734786,0.043069713,0.011994764,0.04653653,0.022701401,0.0088326195,0.11051209,0.033295922,0.040960703,2024-04-02 04:54:00
1.6091571,0.040375996,0.038028,0.07954354,0.090758085,0.02369559,0.01915205,0.017709235,0.0342694,0.060844976,0.04060982,0.04013853,0.04166272,0.017694559,0.015018841,0.022194674,0.02362048,0.0696937,0.048896015,0.04040644,0.028446738,0.034404684,0.01977009,0.030778611,0.012339104,0.039561868,0.021986103,0.035690732,2024-04-02 04:55:00
1.5669285,0.03840172,0.06235536,0.0640617,0.026892418,0.054123152,0.02601799,0.017826904,0.034693927,0.05648847,0.03762517,0.036677152,0.0384501,0.026197352,0.025477163,0.021491822,0.027977634,0.040189117,0.048536696,0.04501496,0.15320832,0.017775701,0.022021934,0.025158226,0.016698638,0.031715594,0.02532099,0.027039036,2024-04-02 04:56:00
1.6178855,0.047320418,0.0667619,0.024642948,0.028380089,,,,0.027377324,0.060762268,0.040919177,0.04351022,0.048499554,0.027532777,0.029134694,0.046868753,0.033160646,0.059070244,0.031928897,0.037335835,0.030123532,0.015425959,0.026000725,0.023173973,0.031228002,0.03869338,0.025873927,0.024299627,2024-04-02 04:57:00
1.7948772,0.04490271,0.04160164,0.021547308,0.019896595,0.021780472,0.016342586,0.009712886,0.05762158,0.061752725,0.036246765,0.044730563,0.05503758,0.03037848,0.012735942,0.023306638,0.028934766,0.031452164,0.042381432,0.045922074,0.030741947,0.015963802,0.028468192,0.030715737,0.044501513,0.03573318,0.023574093,0.041811757,2024-04-02 04:58:00
1.6299266,0.040015507,0.048388883,0.025664931,0.036733165,0.025173133,0.015320983,0.0138056865,0.031769775,0.063387595,0.038055535,0.04629058,0.03713583,0.023806853,0.043299105,0.02675614,0.030893052,0.057177864,0.044419363,0.04561089,0.03038405,0.01336437,0.026252339,0.037689507,0.014696715,0.031032184,0.029571978,0.032032706,2024-04-02 04:59:00
1.6522713,0.04324869,0.0407051,0.051223103,0.029195756,0.03363937,0.019782262,0.016592486,0.028976562,0.057814892,0.049028624,0.04536568,0.049855284,0.027502347,0.04459576,0.03178867,0.03785657,0.045368735,0.043977607,0.04545304,0.027407538,0.022772014,0.024618434,0.027397705,0.023874035,0.029617146,0.018099338,0.032560166,2024-04-02 05:00:00
1.6101279,0.04179443,0.047283024,0.0501127,0.02279151,0.02382747,0.030787686,0.021026453,0.024449399,0.059017915,0.03757811,0.04528015,0.05636408,0.031986307,0.05660409,0.02190853,0.03654196,0.054522734,0.03288221,0.04207313,0.030688068,0.021773452,0.01967441,0.02991568,0.009951422,0.03064837,0.023179578,0.03257699,2024-04-02 05:01:00
1.571378,0.028799282,0.046980806,0.018452168,0.03201501,0.033106275,,,,0.069541305,0.041661307,0.0386588,0.036060695,0.038224895,0.030765913,0.020595513,0.037358996,0.036181312,0.04317011,0.036459748,0.028837252,0.024147343,0.038601976,0.033637363,0.016662557,0.033822794,0.016939556,0.02775458,2024-04-02 05:02:00
1.7302874,0.05237073,0.08645895,0.02285118,0.023717154,0.024627823,0.018283956,0.025659213,0.032695226,0.06841541,0.041516464,0.044264454,0.039540127,0.030624704,0.026167458,0.033933666,0.033556852,0.036695335,0.045725375,0.070553824,0.025507126,0.073827215,0.024271583,0.05881073,0.022792377,0.03144874,0.02303156,0.021141827,2024-04-02 05:03:00
1.6451099,0.037897676,0.04365068,0.030617397,0.041861612,0.024280118,0.056603353,0.019383183,0.048845887,0.06330527,0.03612248,0.027690176,0.054756813,0.027041316,0.017898096,0.021276278,0.04370252,0.062262446,0.032675173,0.051215712,0.046682715,0.016360188,0.025330711,0.02803811,0.02385782,0.046882685,0.026113478,0.03714957,2024-04-02 05:04:00
1.6849937,0.04533714,0.0742237,0.024664298,0.030979164,0.040777314,0.0946547,0.014523473,0.02935536,0.057281345,0.10807458,0.14024775,0.053943407,0.03186095,0.037796397,0.027338726,0.038256705,0.05613592,0.046500508,0.05460202,0.02840236,0.016971456,0.03991499,0.027391823,0.04561066,0.025340432,0.01597195,0.031871777,2024-04-02 05:05:00
1.6717618,0.047054216,0.04173278,0.029505182,0.030669572,0.04148706,0.019049795,0.0134901805,0.021757204,0.07195141,0.027697233,0.035659343,0.042516876,0.017574146,0.01524458,0.034765337,0.03361843,0.027737405,0.033803806,0.043650858,0.027333254,0.017202843,0.025576148,0.11623566,0.017095914,0.039063368,0.017995777,0.03428993,2024-04-02 05:06:00
1.7966958,0.040137094,0.09677639,0.019413495,0.019417299,0.037758965,0.021516249,0.025769671,,0.058084965,0.029368911,0.045980733,0.047330655,0.038797162,0.015861174,0.023811046,0.039310794,0.04476834,0.048431974,0.035648953,0.03054712,0.015955303,0.044523906,0.030970164,0.022687383,0.041783337,0.016347721,0.032547936,2024-04-02 05:07:00
1.7607467,0.042236906,0.051034205,0.01915421,0.017656343,0.023513472,0.013865644,0.014930694,0.016982686,0.060614992,0.043510366,0.018051177,0.041972693,0.028456328,0.08028375,0.028215876,0.03913501,0.045303766,0.03444477,0.03778724,0.03485081,0.016712064,0.029900603,0.06601906,0.037319947,0.025913805,0.020448962,0.030478725,2024-04-02 05:08:00
1.5867105,0.063774936,0.03783896,0.018811071,0.01509732,0.021243136,0.027331239,0.010050705,,0.06572168,0.041221622,0.0320388,0.050632466,0.03840009,0.027344853,0.018813446,0.040328793,0.03583904,0.038195692,0.03659728,0.02875002,0.013802565,0.023378093,0.055422843,0.015805716,0.04062074,0.020217627,0.025291245,2024-04-02 05:09:00
1.6905912,0.036395166,0.02282757,0.03346784,0.023411691,,,,0.020714868,0.061090373,0.04060027,0.029619206,0.052023795,0.029547224,0.030548288,0.019276,0.058942266,0.0563547,0.040434316,0.036616936,0.027996412,0.016864683,0.025749208,0.02571001,0.024482653,0.07140867,0.02346701,0.04507747,2024-04-02 05:10:00
1.6367999,0.02427304,0.03756819,0.026884574,0.020249704,0.022948917,0.017549317,0.029937798,0.02781237,0.056463763,0.04184049,0.048500273,0.05143848,0.033844024,0.026501685,0.019525526,0.046556197,0.06667243,0.0593279,0.04854824,0.034317534,0.012696329,0.025442401,0.030771649,0.020472718,0.031475917,0.03622051,0.033545606,2024-04-02 05:11:00
1.6459955,0.022156095,0.096776985,0.038055733,0.021060392,0.019585202,0.0229803,0.018713826,0.022338608,0.0572281,0.0417038,0.04646237,0.048473842,0.038688593,0.04553028,0.026961379,0.04945723,0.059890863,0.034073062,0.044936664,0.025995689,0.14706191,0.023366658,0.02479429,0.034123614,0.07359995,0.04414529,0.033358734,2024-04-02 05:12:00
1.5441014,0.03875036,0.04040233,0.030139241,0.016974056,0.023682343,0.019946428,,,0.056697186,0.039543923,0.046031907,0.048949916,0.025667489,0.020392226,0.056213364,0.05373581,0.01566511,0.04834222,0.045158748,0.027245728,0.018842319,0.025102802,0.014011747,0.018824719,0.04718024,0.019325444,0.036162786,2024-04-02 05:13:00
1.5105036,0.05652609,0.035792384,0.039252136,0.02640176,0.021362415,0.01942669,0.016283548,0.034078058,0.06051774,0.041201636,0.045265622,0.044270888,0.038933318,0.049807657,0.0343015,0.039036594,0.0946783,0.039127488,0.04326664,0.03022834,0.01880937,0.041207828,0.02157128,0.029294178,0.035875075,0.024888279,0.03475215,2024-04-02 05:14:00
1.5102261,0.108683005,0.027309049,0.043285765,0.016271241,0.020119611,0.118089564,0.016416147,,0.0591075,0.040997375,0.04443326,0.050753035,0.029778691,0.015590689,0.01977181,0.038609486,0.05239638,0.0344354,0.04514084,0.24394533,0.016420579,0.021215735,0.028563801,0.02895673,0.029304776,0.02410732,0.029872097,2024-04-02 05:15:00
1.5114677,0.043112993,0.053213347,0.04888647,0.035347376,0.023438526,0.020009022,,0.01582401,0.059609983,0.04636303,0.041874256,0.036991175,0.029220764,0.031338785,0.023279252,0.024823131,0.018856572,0.042824097,0.045224424,0.033018395,0.01983135,0.026527993,0.025502862,0.0188455,0.03348178,0.025996052,0.038943134,2024-04-02 05:16:00
1.5142366,0.05202021,0.039903354,0.046830766,0.022492778,0.013533133,0.015014576,0.020877302,0.027782356,0.05041586,0.039055046,0.048070516,0.051122185,0.02535169,0.018964069,0.025681136,0.028155686,0.057687595,0.0364537,0.04512532,0.028505007,0.027412653,0.022710003,0.024406817,0.017113218,0.031048406,0.018971432,0.043006033,2024-04-02 05:17:00
1.5461527,0.038401924,0.08599043,0.02760029,0.030210055,0.039594017,0.015282073,0.017194906,,0.06570744,0.06004576,0.050291657,0.052957498,0.024749437,0.013509909,0.011361,0.01615501,0.01608001,0.04274199,0.036039233,0.027458077,0.016091809,0.095125526,0.019798942,0.016208058,0.039090887,0.027818546,0.035603415,2024-04-02 05:18:00
1.5101894,0.042205878,0.043200232,0.04537333,0.015116986,0.037004873,0.023372663,0.026366029,0.028148461,0.06275706,0.045016773,0.05143778,0.05151817,0.03045291,0.017866278,0.0443552,0.022120869,0.058779437,0.032028805,0.043113176,0.026468366,0.017888634,0.028224437,0.02844451,0.02612143,0.02643901,0.019887175,0.032819606,2024-04-02 05:19:00
1.5128047,0.05183465,0.046503197,0.16504118,0.02001974,0.019947676,0.024813185,0.039040383,0.027165968,0.08683939,0.03965094,0.033453576,0.044446006,0.017434822,0.026480546,0.02194657,0.015354402,0.043418948,0.037649684,0.045211866,0.027430193,0.016932229,0.022615178,0.020002823,0.013823783,0.056072902,0.021393798,0.047023725,2024-04-02 05:20:00
0.03589678,0.032813344,0.031099087,0.040124476,0.02636332,0.046373904,0.027890325,0.0263371,,0.061344452,0.043421853,0.049254708,0.043296024,0.037938263,0.019049197,0.021951146,0.054821294,0.061007958,0.05307845,0.045332797,0.11065751,0.015522947,0.023116937,0.030285906,0.01704335,0.027760243,0.02969321,0.0344835,2024-04-02 05:21:00
0.020740058,0.03523549,0.040804762,0.042740315,0.026386201,0.03547567,0.017051402,0.019424224,0.017718876,0.06011366,0.043742526,0.04586702,0.041101903,0.021735135,0.04601981,0.020484049,0.036846325,0.039857082,0.035654888,0.040535312,0.03432585,0.020258648,0.026470888,0.03735488,0.018732777,0.10316844,0.015979705,0.033706423,2024-04-02 05:22:00
0.025329085,0.027551321,0.034291387,0.030687012,0.028881872,0.031262755,0.016607666,0.028072232,0.015828744,0.06443462,0.05021884,0.050044578,0.05843671,0.028025705,0.016219022,0.018487085,0.028144626,0.04898187,0.04944798,0.03883317,0.021261966,0.031237954,0.025209809,0.027459651,0.0200063,0.02881344,0.03178778,0.030128058,2024-04-02 05:23:00
0.02422364,0.034265764,0.042353466,0.029327935,0.021321272,0.030144364,,,0.023568597,0.066394575,0.034944676,0.047001503,0.044250134,0.025203582,0.012498471,0.040285364,0.022254681,0.04035188,0.04769898,0.03960911,0.027156452,0.020958388,0.02481123,0.06636287,0.023669971,0.052187946,0.015345256,0.037753265,2024-04-02 05:24:00
0.029805461,0.037204478,0.052950904,0.017938463,0.034876905,0.03041719,0.022965223,0.024738718,0.020723077,0.0636283,0.033228286,0.038082745,0.03164785,0.032619715,0.028775688,0.018590396,0.022167541,0.032519598,0.047105268,0.039342277,0.031439666,0.023940219,0.017654218,0.028581392,0.02345459,0.026257398,0.045362946,0.0313638,2024-04-02 05:25:00
0.029478492,0.0446646,0.036808148,0.03211014,0.05890577,0.028310869,0.014694146,0.017464152,0.02544616,0.061766855,0.039496947,0.039208174,0.042156212,0.030129917,0.022879167,0.025548365,0.021761162,0.021820772,0.030852986,0.04511278,0.028947875,0.024801275,0.021186925,0.013934243,0.0114690745,0.032939836,0.019671597,0.025426356,2024-04-02 05:26:00
0.03168922,0.049274955,0.071141206,0.17908655,0.021364177,0.029454857,0.12783839,0.021081857,0.014509737,0.060181018,0.04188245,0.04140893,0.042199425,0.032366246,0.08452129,0.014095014,0.014023786,0.05331044,0.041871373,0.03973616,0.030760197,0.02287699,0.022258434,0.025355747,0.02569358,0.029114887,0.019440306,0.028846504,2024-04-02 05:27:00
0.034351334,0.04251162,0.034535255,0.018256176,0.014762755,0.013293943,0.012877805,0.012660375,0.020714855,0.05727819,0.03209131,0.037373632,0.03957761,0.031645756,0.062972344,0.025176214,0.012825915,0.019546954,0.03674941,0.044814043,0.031669132,0.022744572,0.015925396,0.0119475555,0.019066948,0.06922991,0.027425012,0.0148472125,2024-04-02 05:28:00
0.03241076,0.035401106,0.021717127,0.030333212,0.031073049,0.025158674,,,0.03192047,0.05636949,0.041646823,0.05381803,0.0345351,0.03370958,0.03942118,0.026896896,0.014142523,0.05278861,0.0504434,0.038226325,0.030363685,0.019017069,0.020184329,0.017977826,0.021688867,0.015370099,0.022522692,0.03868503,2024-04-02 05:29:00
0.057382762,0.051795926,0.03043748,0.030461341,0.017815826,0.017301263,0.016706843,0.023231793,0.016037,0.062268186,0.2164037,0.043226037,0.041793015,0.03436483,0.025653867,0.026046855,0.011388464,0.021332173,0.04714189,0.050098397,0.027751457,0.019507432,0.024375224,0.021607917,0.024434185,0.022906695,0.016380325,0.051141866,2024-04-02 05:30:00
0.027365793,0.045611974,0.037967082,0.022580143,0.030962648,0.024038443,0.022873823,0.08736758,0.016529456,0.057779666,0.043239746,0.04037572,0.047551848,0.023552509,0.035639353,0.019026991,0.0112718865,0.03248865,0.041512247,0.036084328,0.030268671,0.015879435,0.015971662,0.013877911,0.019817343,0.04027023,0.019316534,0.029177478,2024-04-02 05:31:00
0.0281953,0.033248328,0.041267835,0.033706535,0.025416456,0.017256705,0.025592504,0.017866,0.025738917,0.064148284,0.03207648,0.05402938,0.052202404,0.023246223,0.03460777,0.019927673,0.011001019,0.040409513,0.054516874,0.036337502,0.22337393,0.029610422,0.026725994,0.045921393,0.027136605,0.027403515,0.031028984,0.03628119,2024-04-02 05:32:00
0.036097385,0.06373961,0.026820898,0.018229961,0.03805247,0.013885362,0.030078867,0.02655921,0.026983231,0.055533007,0.046492334,0.15300456,0.043135736,0.03537244,0.022378335,0.036555167,0.015934162,0.037088837,0.04915714,0.039969783,0.027144572,0.021532144,0.030699093,0.025029479,0.025231455,0.03457606,0.03089392,0.029385231,2024-04-02 05:33:00
0.030731449,0.033274144,0.04048696,0.018914526,0.028141523,0.025382295,0.02557492,0.016710334,0.03845978,0.060718447,0.036398854,0.043182887,0.037859984,0.01908126,0.020411044,0.025020214,0.028058726,0.02514227,0.04786691,0.036475204,0.028369267,0.020317204,0.032468576,0.044022694,0.029828873,0.021474997,0.022497406,0.03058691,2024-04-02 05:34:00
0.025719019,0.03736883,0.037126295,0.026728366,0.025919568,0.025419347,0.026259065,0.049040154,0.022643965,0.058036715,0.02999728,0.049895827,0.03543585,0.031153558,0.036572836,0.021538746,0.010029542,0.08739701,0.031128876,0.04247369,0.031179955,0.018997775,0.017462622,0.019024782,0.03412143,0.046947107,0.023725562,0.028576396,2024-04-02 05:35:00
0.039871372,0.021213356,0.038865898,0.026298372,0.026126618,,,,0.018955832,0.057943944,0.018123506,0.04883051,0.04423983,0.024523195,0.031352118,0.032915078,0.023211962,0.053587858,0.047008164,0.043297783,0.03378759,0.023090536,0.02204001,0.027224002,0.0339107,0.038133044,0.021402616,0.022242183,2024-04-02 05:36:00
0.03500873,0.052998237,0.023650462,0.028870553,0.019564515,0.01705073,0.02222734,0.021757094,0.014553579,0.068262026,0.022715611,0.049883664,0.046132836,0.016840028,0.019645263,0.02705567,0.027864788,0.06932802,0.042760808,0.045171,0.035034318,0.03361017,0.024848698,0.023712026,0.029627498,0.035062972,0.018384205,0.044027336,2024-04-02 05:37:00
0.029772442,0.037268404,0.028982429,0.016956156,0.031918593,0.031264227,0.025085578,0.031669714,,0.06705334,0.038268108,0.04973688,0.042164158,0.030461293,0.019470705,0.019019648,0.022020468,0.040943205,0.044828262,0.042484727,0.030874128,0.027799668,0.01616449,0.0307909,0.019607127,0.04310414,0.036258936,0.025185568,2024-04-02 05:38:00
0.034781054,0.04564669,0.034442063,0.034240745,0.03638009,0.042852223,0.019431625,,0.03304302,0.0495811,0.033390723,0.054258566,0.04514925,0.034263823,0.025218474,0.030103574,0.01816488,0.061268575,0.037663776,0.04463438,0.029379463,0.025519945,0.025179073,0.050258245,0.03292281,0.048966415,0.019120913,0.020490827,2024-04-02 05:39:00
0.029922726,0.039131414,0.028101807,0.020609763,0.061501782,0.032683507,0.027469486,0.018447291,0.026030697,0.06460454,0.038524482,0.037830167,0.046192456,0.032577764,0.039907664,0.023300514,0.020042788,0.08275275,0.039852127,0.045581955,0.030534284,0.085702844,0.03987005,0.022810819,0.031223452,0.051870927,0.029367931,0.030900085,2024-04-02 05:40:00
0.05055358,0.059057746,0.02960549,0.016404076,0.052746054,0.03531015,0.024286194,,0.022762503,0.063326225,0.039146863,0.05229018,0.05016644,0.021525174,0.01804886,0.022735937,0.023430152,0.059261028,0.042862944,0.03624766,0.11161716,0.024570806,0.027844772,0.021863064,0.029450294,0.043067988,0.029456425,0.030016975,2024-04-02 05:41:00
0.030736813,0.047442477,0.037381288,0.032647744,0.024067335,0.0239509,,0.016846647,0.027336985,0.062830634,0.036056574,0.048212193,0.055911075,0.0150108095,0.0333241,0.023820156,0.018503632,0.11368014,0.03673703,0.065898426,0.03643171,0.05305767,0.04721139,0.017811816,0.04045368,0.02837494,0.021140527,0.030652348,2024-04-02 05:42:00
0.043569602,0.031438984,0.027383491,0.03174535,0.018338282,0.024272522,0.020257128,0.019040685,0.06815215,0.066365354,0.04216111,0.043741945,0.027691014,0.03781434,0.013298817,0.06638163,0.012890672,0.04095614,0.049341757,0.043278974,0.027383557,0.03155846,0.03192939,0.042500876,0.019556707,0.048003342,0.018672373,0.03252016,2024-04-02 05:43:00
0.030829584,0.02097512,0.02389291,0.045984417,0.030322028,0.019438082,0.022444174,0.021290552,0.022431688,0.061625972,0.041335355,0.034455,0.03909625,0.014733117,0.016486906,0.014090367,0.014245237,0.051649846,0.04180751,0.04127137,0.027981851,0.026358044,0.019245047,0.03511528,0.025230216,0.08850504,0.021114446,0.029728016,2024-04-02 05:44:00
0.019774163,0.02966004,0.02509447,0.013989819,0.02639983,0.28032553,0.020727854,0.015425846,0.017251853,0.06358841,0.03585139,0.047810942,0.028418137,0.034377623,0.020158635,0.029669642,0.018380795,0.06380224,0.043813106,0.04062941,0.031036403,0.024395963,0.031141192,0.026169192,0.031179402,0.03891631,0.017701812,0.033459812,2024-04-02 05:45:00
0.025592536,0.044624593,0.033567175,0.019262884,0.032931294,0.030717582,0.017275566,0.017976236,0.019823365,0.06683742,0.03729968,0.030420633,0.042646375,0.019256687,0.03447137,0.034415066,0.020866029,0.06269624,0.03870113,0.051329665,0.032387402,0.030504093,0.021132218,0.02248111,0.032413688,0.062977314,0.024526581,0.045463894,2024-04-02 05:46:00
0.03306599,0.04614024,0.027212618,0.04132347,0.03313543,0.026924944,0.021085277,,0.019951116,0.053683683,0.037461188,0.038450047,0.037540887,0.017199911,0.022952251,0.029237175,0.021216763,0.03306567,0.03667932,0.044876665,0.029954668,0.03169023,0.021584531,0.03158976,0.03194635,0.034010775,0.020549813,0.043422263,2024-04-02 05:47:00
0.040107507,0.043395087,0.030901454,0.05253219,0.03646337,0.016242594,0.023204472,0.034492366,0.022133967,0.06808264,0.030718079,0.15591124,0.041816194,0.026238944,0.06062917,0.025476098,0.014421167,0.07939822,0.032763585,0.044851013,0.028267208,0.03460418,0.026072493,0.018514618,0.03576596,0.04491018,0.020654328,0.031104783,2024-04-02 05:48:00
0.033091396,0.04362046,0.031369712,0.034713782,0.0327013,0.022497838,0.024131037,0.022793872,0.037414107,0.06583347,0.03425569,0.043730248,0.0438509,0.05107947,0.026120184,0.024234738,0.012401752,0.037008025,0.04248096,0.0366042,0.028306197,0.028656267,0.019066826,0.022800451,0.03503297,0.055517916,0.03210684,0.039695766,2024-04-02 05:49:00
0.08962938,0.039579,0.03348332,0.035093013,0.021934336,0.02260995,,,0.1513552,0.05546506,0.035377514,0.039935455,0.035746466,0.034110725,0.024706963,0.03072753,0.022553872,0.11269552,0.03284463,0.053225096,0.029472651,0.08352622,0.03289409,0.03211223,0.03268052,0.034996096,0.03328013,0.025450448,2024-04-02 05:50:00
0.024930285,0.045535326,0.07736178,0.035151973,0.030134426,0.05951718,0.019668484,0.019411253,0.02416071,0.05682994,0.041025493,0.035746716,0.04381218,0.030486697,0.018280733,0.021817423,0.021531325,0.092832655,0.03271673,0.035667084,0.03030022,0.028117863,0.03260385,0.03958134,0.023717748,0.0406338,0.020044245,0.039177254,2024-04-02 05:51:00
0.030334381,0.041325178,0.0272447,0.034179363,0.022478182,0.02498796,0.021333685,0.017594386,0.033947133,0.0651571,0.038896885,0.022784181,0.031794827,0.03019979,0.019332549,0.024243763,0.021957878,0.082609534,0.02738734,0.04562445,0.034140997,0.034974445,0.022603191,0.07890028,0.019673347,0.043379325,0.026390152,0.04559701,2024-04-02 05:52:00
0.033376344,0.03051268,0.028759042,0.040466595,0.016611975,0.024614079,0.017714605,,0.048583,0.06239856,0.026438696,0.043304626,0.05542877,0.026531015,0.018877015,0.032857697,0.025908777,0.033697482,0.04778344,0.040965084,0.031676926,0.03094068,0.023814235,0.02055572,0.039682265,0.035851847,0.021309575,0.04162955,2024-04-02 05:53:00
0.035841234,0.023076015,0.068918645,0.022446418,0.02954154,0.019194579,0.0172348,0.022309275,0.021469856,0.054725233,0.039024185,0.03943516,0.04856705,0.029708527,0.032097585,0.035443153,0.026836285,0.067840435,0.0442861,0.06407544,0.026556274,0.03087421,0.025840856,0.024463765,0.017450651,0.037453998,0.019070858,0.03714072,2024-04-02 05:54:00
0.025285682,0.03746663,0.04285405,0.08457617,0.03667234,0.022931838,0.0501032,0.018750282,0.023913007,0.058944166,0.03578592,0.045927733,0.028932175,0.026696814,0.027001182,0.028875643,0.02585275,0.044768274,0.03408298,0.07550362,0.03548041,0.032119267,0.026477246,0.021525325,0.018184187,0.0565423,0.022011923,0.030302087,2024-04-02 05:55:00
0.029315539,0.046631984,0.07190125,0.06309165,0.029960413,0.07350647,0.021471132,0.016317476,0.027895603,0.05824825,0.036853477,0.041620325,0.030646676,0.040285125,0.085861884,0.022067092,0.03361619,0.045242887,0.042210326,0.042649172,0.029331718,0.035564017,0.038001757,0.08348112,0.024433464,0.048810434,0.052646082,0.027973246,2024-04-02 05:56:00
0.041021705,0.041299243,0.04251452,0.02337339,0.028516887,0.034267597,0.015296994,0.021035144,0.023290724,0.065194555,0.035784315,0.030819252,0.031149803,0.029796831,0.0376952,0.027387783,0.033618864,0.06898549,0.0376527,0.041648474,0.03526756,0.03423286,0.036625054,0.025005827,0.03437766,0.040866356,0.018871687,0.027429968,2024-04-02 05:57:00
0.03231056,0.040214803,0.044688296,0.040753324,0.030744204,0.029062986,0.01991581,0.021945832,0.024399644,0.05305953,0.024941828,0.04309729,0.047252458,0.025913084,0.046881534,0.020028869,0.02769783,0.048082206,0.046551015,0.036546554,0.0314643,0.029523239,0.033108138,0.044216294,0.027710233,0.04682875,0.019864215,0.0324806,2024-04-02 05:58:00
0.030644363,0.05175019,0.040373396,0.069153056,0.032428406,0.024434974,0.026129168,,0.032697134,0.06431224,0.0336613,0.051850103,0.046983954,0.02535647,0.027057467,0.027151551,0.027195401,0.046351787,0.05371859,0.045031622,0.22231434,0.03126574,0.012920037,0.03451658,0.039358247,0.078831255,0.082168505,0.028910337,2024-04-02 05:59:00
0.033563577,0.06426989,0.0366557,0.07572487,0.025139054,0.021198241,0.027011167,0.01707739,0.017873084,0.05586591,0.027774366,0.055324975,0.047646075,0.033013992,0.01867792,0.021206692,0.029399902,0.03839473,0.049829464,0.04484102,0.031205328,0.029576695,0.018745635,0.030258168,0.025616296,0.0400749,0.016942026,0.031538725,2024-04-02 06:00:00
0.03146468,0.049635183,0.03203466,0.037413795,0.03418966,0.022542609,0.019050695,0.023043344,0.028287012,0.068670504,0.043626375,0.049926367,0.044948503,0.020700071,0.018104935,0.020330226,0.03728024,0.045834675,0.053132728,0.04515286,0.0345972,0.029518828,0.029107863,0.028849402,0.023874627,0.031648453,0.01785037,0.038335543,2024-04-02 06:01:00
0.043799277,0.0383335,0.032075662,0.038027234,0.02083901,0.022836719,0.11150702,0.013124785,,0.063599765,0.03149041,0.046824217,0.047634333,0.018886693,0.055888433,0.017770782,0.04124041,0.06105783,0.043960046,0.044832487,0.026832154,0.033709392,0.02576343,0.030011673,0.024107732,0.035926238,0.022848273,0.029475028,2024-04-02 06:02:00
0.1218365,0.03127739,0.028072568,0.06238446,0.028690867,0.021579638,0.03706373,0.023649704,0.029229717,0.061953664,0.04291866,0.04117366,0.0334599,0.03697403,0.027978405,0.01966522,0.044093367,0.04470512,0.04099446,0.03675091,0.032920156,0.027962407,0.018760823,0.033812374,0.018554874,0.037454844,0.013053636,0.037297815,2024-04-02 06:03:00
0.03244644,0.034579676,0.03942316,0.035930466,0.023816416,0.017604437,0.02699521,,0.026380958,0.05976805,0.037272844,0.04173803,0.031388324,0.038957965,0.015124488,0.020732673,0.034277618,0.042222742,0.053871244,0.04489806,0.028446404,0.029002838,0.014414693,0.025393942,0.02231076,0.036633916,0.038156006,0.03853627,2024-04-02 06:04:00
0.03434324,0.044089764,0.030054122,0.06418467,0.036941826,0.028332809,0.022268154,0.017023943,0.02081659,0.067756005,0.038440436,0.042306222,0.028841227,0.027538603,0.013014064,0.02210702,0.03304858,0.036736336,0.04738361,0.044812527,0.028491408,0.032160137,0.056742832,0.02650995,0.031370357,0.03440231,0.02774822,0.01963275,2024-04-02 06:05:00
0.03479724,0.03884803,0.029148975,0.024737548,0.03464717,0.02943725,0.01571802,0.024471762,,0.061231926,0.02111375,0.03364638,0.026213652,0.028111326,0.026640885,0.024340184,0.036351636,0.042060167,0.049967624,0.047985982,0.031133667,0.04247088,0.018439129,0.02733123,0.023067247,0.06161013,0.020418892,0.03210702,2024-04-02 06:06:00
0.029237539,0.15348136,0.03649343,0.0235954,0.030604813,0.025546981,0.026628647,0.022683296,0.018236699,0.06422065,0.046281185,0.04929441,0.046740424,0.0325842,0.030788258,0.022178007,0.03859555,0.054690477,0.033303287,0.04043515,0.03533275,0.02652688,0.039570544,0.03269903,0.026714142,0.029987382,0.023471287,0.029201707,2024-04-02 06:07:00
0.037827216,0.052643195,0.023516307,0.038440954,0.024538152,0.025322245,0.021768367,0.022366008,0.016243387,0.055790816,0.042700578,0.04266967,0.040578328,0.032012034,0.047841854,0.043605186,0.036584012,0.03810969,0.04321268,0.038077325,0.032112878,0.025627246,0.027306397,0.03183767,0.024538642,0.026932746,0.014553712,0.05247964,2024-04-02 06:08:00
0.027908903,0.05404193,0.020313386,0.031960823,0.03723441,0.0249285,0.03174597,0.02125422,0.032901097,0.057320833,0.046896268,0.043615125,0.03820023,0.034088947,0.016830385,0.019509997,0.044269603,0.035458703,0.029100144,0.03621926,0.02765175,0.024948584,0.028715614,0.030563055,0.01817568,0.03975631,0.085398495,0.02371279,2024-04-02 06:09:00
0.054206826,0.070045106,0.018012501,0.041414715,0.019912144,0.02708738,0.017858904,0.022386687,0.030308142,0.05726708,0.048021473,0.038660385,0.029914107,0.027328456,0.015282531,0.030049507,0.043688633,0.03758693,0.038309067,0.03593482,0.03644354,0.026987765,0.041775465,0.028228832,0.053175036,0.03580137,0.021117525,0.12528752,2024-04-02 06:10:00
0.02797981,0.03247601,0.02751828,0.024845958,0.029772619,0.01511774,0.020426936,0.019619333,0.07966947,0.06468389,0.04570719,0.0395288,0.042121377,0.024163626,0.024561936,0.036183834,0.041307125,0.04005265,0.043978777,0.041864716,0.030097248,0.023740333,0.025689235,0.030659826,0.024907427,0.03448222,0.020924812,0.035137456,2024-04-02 06:11:00
0.0315515,0.038459703,0.02229025,0.03402094,0.019481895,0.02039744,,,,0.05044461,0.031731464,0.032769028,0.032721832,0.02222574,0.018604403,0.040178478,0.03749834,0.09797381,0.03993276,0.058155607,0.033859253,0.026949178,0.024305383,0.08229727,0.01970646,0.027165448,0.016885897,0.03779736,2024-04-02 06:12:00
0.03007459,0.04524434,0.030915793,0.019749798,0.02444307,0.013951778,0.018246582,0.020328922,0.019910805,0.05976851,0.04407255,0.045823768,0.036114097,0.030224187,0.019725341,0.024637025,0.048860036,0.027971826,0.043256555,0.045020837,0.027049894,0.027811792,0.027721262,0.02712076,0.020613465,0.02773176,0.031568322,0.035738878,2024-04-02 06:13:00
0.028188467,0.028716546,0.034107257,0.03793601,0.023791194,0.024927001,0.016118838,0.021136122,0.038540054,0.065243654,0.04012027,0.035317905,0.03690592,0.02933695,0.035914782,0.018167673,0.0223064,0.038929354,0.055176206,0.03607845,0.032897606,0.025607463,0.022956833,0.016865399,0.024748994,0.027936283,0.022355856,0.041931074,2024-04-02 06:14:00
0.031954687,0.04345069,0.041360896,0.031074764,0.0470293,0.01260482,0.026863016,0.021077905,0.025053157,0.052411478,0.04788264,0.058425922,0.025690764,0.024805637,0.05113049,0.030311763,0.02044754,0.05380545,0.038112894,0.044840146,0.029124225,0.030898629,0.030678073,0.021123705,0.03630054,0.03192303,0.022356175,0.038442846,2024-04-02 06:15:00
0.028844073,0.03447502,0.035214532,0.045506608,0.020801773,0.02341861,0.111009136,0.02213601,,0.059104607,0.017930519,0.066726066,0.031326573,0.029426755,0.030842794,0.057381775,0.016646676,0.048256822,0.061741903,0.035860192,0.027956624,0.02774408,0.02062565,0.033463154,0.032175202,0.0577334,0.02589735,0.021378944,2024-04-02 06:16:00
0.029550206,0.03152741,0.035590176,0.04742574,0.038916066,0.012499497,0.02460197,,0.036364086,0.059020083,0.049733374,0.05435823,0.029626079,0.03181246,0.037910804,0.01481607,0.17064539,0.049745,0.050103173,0.036134694,0.018879175,0.026218882,0.02315238,0.017759431,0.020051453,0.033329956,0.025039244,0.03707499,2024-04-02 06:17:00
0.025796138,0.04080853,0.04378971,0.018502051,0.022115514,0.025085231,0.025558705,0.025256453,0.022631334,0.037027378,0.05046233,0.037823398,0.0258999,0.038279727,0.035506614,0.019506773,0.050762855,0.041479137,0.047368977,0.03653168,0.027509313,0.024731565,0.030299487,0.016388083,0.026269594,0.046326328,0.017544793,0.028689275,2024-04-02 06:18:00
0.13261168,0.030234637,0.10613119,0.048675176,0.024349585,0.026087847,0.023950543,0.034915894,0.01848546,0.0638851,0.04525088,0.049932264,0.026643459,0.023161406,0.04667313,0.03192049,0.03855472,0.023220524,0.034398988,0.04601598,0.03098919,0.026926924,0.019758664,0.019188784,0.023246892,0.037984867,0.019994935,0.031176569,2024-04-02 06:19:00
0.04355363,0.039215602,0.03293029,0.035830624,0.025088111,,,,0.03728111,0.056865025,0.039700393,0.03999017,0.031880815,0.07382112,0.04824045,0.012273313,0.02273425,0.080818325,0.0504616,0.037092783,0.033808578,0.026322568,0.018151363,0.039884288,0.023634613,0.06141023,0.024601156,0.034481104,2024-04-02 06:20:00
0.03529405,0.042212076,0.03567236,0.03671002,0.030050896,0.04259473,0.022731915,0.017850116,0.023134265,0.059255376,0.05064738,0.04986705,0.03196092,0.028686613,0.041788228,0.013968473,0.019638833,0.044156548,0.05539755,0.03854694,0.03020874,0.026892206,0.021664506,0.03690416,0.022543147,0.037549783,0.025421899,0.034744844,2024-04-02 06:21:00
0.03599964,0.033663284,0.032781657,0.032223277,0.023460893,0.026100969,0.22511254,0.016168062,0.042104013,0.06317654,0.050788324,0.04915045,0.035408247,0.025314305,0.045880575,0.025795193,0.023257809,0.03439509,0.04361799,0.0362008,0.027735194,0.027503513,0.026486931,0.024788855,0.023748806,0.058813687,0.022703022,0.04072209,2024-04-02 06:22:00
0.036713086,0.05009073,0.038274217,0.022703094,0.026861953,0.015599055,,,0.018475493,0.06987967,0.04915978,0.054038614,0.021031855,0.024775019,0.047969535,0.017641317,0.02518141,0.020792829,0.047643624,0.035958964,0.030924339,0.026721736,0.0148793375,0.025910437,0.026483525,0.026073178,0.026400337,0.02383117,2024-04-02 06:23:00
0.058477234,0.033780288,0.04866666,0.030203262,0.0282164,0.028801538,0.020940274,0.0134874135,0.02695946,0.060994066,0.033351846,0.049788974,0.026526455,0.023110926,0.06498999,0.015966058,0.02085068,0.04750687,0.051910598,0.0389781,0.029567292,0.02942695,0.023706073,0.042568035,0.019736156,0.03374731,0.024553863,0.04257617,2024-04-02 06:24:00
0.03345105,0.044202324,0.049444977,0.019602897,0.024568383,0.028641047,0.026688928,0.011947353,0.03846686,0.06726486,0.046550702,0.041573998,0.034193784,0.029242983,0.03735806,0.033575635,0.016003648,0.049055886,0.04787163,0.03724957,0.03483877,0.029681666,0.038431145,0.030650483,0.02654213,0.030997835,0.018853862,0.031607173,2024-04-02 06:25:00
0.031220773,0.027067672,0.028601827,0.020269891,0.02179109,,,,0.031223817,0.059222255,0.024412762,0.047040325,0.020390239,0.026588503,0.04177685,0.025921836,0.018060377,0.027907303,0.0414442,0.04594498,0.22110704,0.03546587,0.019573426,0.024177227,0.037596054,0.04880889,0.026115652,0.02970845,2024-04-02 06:26:00
0.030959269,0.042486977,0.05653994,0.030166999,0.013715555,0.021307273,0.024954937,0.02289217,0.028784212,0.07120647,0.048839595,0.047510073,0.022577733,0.018852219,0.036595043,0.026145106,0.030853838,0.030665921,0.053385027,0.044836935,0.027950719,0.033109758,0.024897814,0.02453858,0.01824799,0.03390008,0.019218365,0.041105732,2024-04-02 06:27:00
0.08795286,0.032747976,0.03286507,0.02500465,0.02081305,,,,0.028763408,0.06726741,0.028885242,0.037390474,0.024320662,0.02038322,0.045611493,0.02527249,0.037053224,0.029032743,0.042149805,0.04483052,0.02970433,0.034498714,0.01826545,0.017197337,0.028995808,0.03738012,0.023172326,0.037303038,2024-04-02 06:28:00
0.027541876,0.041404508,0.044989727,0.020558603,0.064672194,0.026610872,0.017376592,0.030049147,0.021671448,0.05356548,0.027778253,0.046804346,0.021458732,0.0327558,0.017117778,0.037753906,0.018227901,0.03150921,0.04140656,0.040475357,0.03150322,0.028292993,0.02691403,0.029799143,0.019637378,0.055746127,0.017501973,0.029385878,2024-04-02 06:29:00
0.039621256,0.040758956,0.020116394,0.02641961,0.011060552,0.027957419,0.022751682,0.026984965,0.034947313,0.05940176,0.022909516,0.036970988,0.043293074,0.029716238,0.104645856,0.043058466,0.016795449,0.09949381,0.034130845,0.055540644,0.029786298,0.02287533,0.033125095,0.059926327,0.014966468,0.038244896,0.024148194,0.04014872,2024-04-02 06:30:00
0.041828092,0.033586703,0.036927972,0.025006589,0.06925566,0.029235562,0.02299183,0.022481306,0.028442474,0.06400601,0.028013306,0.053840965,0.029345527,0.02511217,0.034635887,0.056772225,0.017069336,0.022519777,0.050913196,0.035650115,0.027345132,0.029267062,0.028919978,0.008996297,0.030434476,0.041587476,0.021541437,0.029732462,2024-04-02 06:31:00
0.06591105,0.03344546,0.037351053,0.024887586,0.057076417,0.025298402,0.01923136,0.022991119,0.025103902,0.050290134,0.030280985,0.0501686,0.032527488,0.03966248,0.03279639,0.012957426,0.021327363,0.044083904,0.035897505,0.0440927,0.038010888,0.032046515,0.033307977,0.030191569,0.025624696,0.036275998,0.02386632,0.03287645,2024-04-02 06:32:00
0.014873126,0.024789544,0.031572945,0.019435173,0.021937614,0.021939483,0.21964051,0.022486715,0.02021432,0.051217213,0.030743878,0.044029564,0.02706161,0.03455061,0.05766389,0.04946489,0.02735157,0.031478472,0.042040076,0.048656616,0.18010621,0.030936725,0.024489075,0.013907928,0.023851812,0.032275528,0.05584935,0.036002666,2024-04-02 06:33:00
0.024961824,0.03951176,0.059369482,0.020347962,0.033201136,,,,0.030178966,0.060543012,0.036712594,0.04214092,0.031234244,0.029769098,0.03738552,0.018176332,0.02139986,0.027351964,0.052468117,0.036932204,0.02658379,0.029682444,0.020413863,0.025210822,0.019503508,0.039281897,0.020223875,0.035748173,2024-04-02 06:34:00
0.02795864,0.041404918,0.08042588,0.02145488,0.09150289,0.03191344,0.020757515,0.019023577,0.026029147,0.06575,0.03231674,0.04354663,0.03470205,0.028725931,0.050715372,0.037833437,0.021490684,0.09448208,0.044581328,0.044730797,0.030272122,0.032572083,0.029207634,0.030794773,0.034445997,0.035091255,0.020161461,0.052452922,2024-04-02 06:35:00
0.03031222,0.03182404,0.042013943,0.02536249,0.025206733,0.022933759,0.018502599,0.04766994,0.031783342,0.060281344,0.032459367,0.043133773,0.044471584,0.020135678,0.063194215,0.048766263,0.029295491,0.14676936,0.029537337,0.056053527,0.022265008,0.044617504,0.044614866,0.022918789,0.030921314,0.04621081,0.022363305,0.031538267,2024-04-02 06:36:00
0.0377916,0.03840982,0.033303484,0.018173099,0.017565519,0.022944737,0.022176277,,0.02574347,0.056063328,0.036663573,0.06240268,0.025935339,0.032546874,0.036671095,0.024644757,0.017907457,0.039932024,0.06042109,0.037487734,0.026596887,0.030295843,0.029394198,0.022278538,0.021136275,0.034126263,0.031801533,0.04023819,2024-04-02 06:37:00
0.03269157,0.027674766,0.036886226,0.01950367,0.027996773,0.038895737,0.01916031,0.017292097,0.017611532,0.057914782,0.029420968,0.045067407,0.027548548,0.0287668,0.03390817,0.025178647,0.023524627,0.032591987,0.032395843,0.03641596,0.029624393,0.032269094,0.017413959,0.014721181,0.025306333,0.04710135,0.021335736,0.037380133,2024-04-02 06:38:00
0.034000374,0.039442368,0.04085486,0.018383585,0.022838466,0.023243885,0.023905393,0.021761796,0.027726423,0.055598915,0.02458787,0.039497618,0.028101474,0.030638995,0.035406083,0.03519049,0.018146051,0.039443664,0.045011472,0.03757346,0.030893931,0.042466253,0.025774717,0.020039134,0.03542496,0.03337574,0.01802657,0.036586214,2024-04-02 06:39:00
0.027897367,0.042211473,0.035171036,0.021982454,0.022811277,0.026939774,0.03235952,,0.023805453,0.060218677,0.030216318,0.046172604,0.020911168,0.019616898,0.032107808,0.026917059,0.042024758,0.04563419,0.044503946,0.036284477,0.038082164,0.04142501,0.025380354,0.017568627,0.04291539,0.052164093,0.016996287,0.042632014,2024-04-02 06:40:00
0.027914371,0.060480393,0.041246448,0.071325414,0.0064236945,0.020249086,0.02421455,0.028019795,0.02284617,0.068319105,0.044095036,0.04748746,0.036268257,0.028769659,0.029536488,0.022469731,0.013596824,0.060603593,0.041446988,0.03986706,0.027873663,0.039757773,0.026806185,0.027903587,0.025240898,0.044133764,0.023293652,0.056282226,2024-04-02 06:41:00
0.03727806,0.030569585,0.041497275,0.02647751,0.016753977,0.024783384,0.019742044,,0.027148005,0.062270027,0.032350674,0.047704753,0.02401991,0.028027313,0.03181401,0.042404436,0.024543354,0.04370204,0.03815125,0.035889745,0.14971957,0.038517807,0.027235182,0.019929504,0.030112946,0.036260776,0.019018909,0.040995646,2024-04-02 06:42:00
0.0374419,0.027022071,0.035246972,0.032986253,0.03365194,,,0.016810698,0.025154363,0.06056618,0.030542547,0.03878163,0.036492568,0.025808778,0.022256384,0.019865884,0.05179212,0.059071023,0.044619918,0.03650575,0.028025666,0.019259678,0.020172924,0.021331351,0.020530006,0.03854374,0.023125008,0.039112102,2024-04-02 06:43:00
0.03378303,0.042135224,0.036888447,0.0265367,0.0225311,0.039817527,0.02089658,0.024712406,0.022834403,0.08615164,0.043854374,0.03791892,0.024483552,0.032480963,0.029463744,0.019697191,0.024698433,0.035559893,0.03761499,0.049528107,0.03799249,0.0359761,0.029618915,0.051857483,0.02508306,0.039343804,0.10975101,0.039868202,2024-04-02 06:44:00
0.0336551,0.047177985,0.046159763,0.03078211,0.04059131,,,,0.026541147,0.06662643,0.040278412,0.058100138,0.031241765,0.020052992,0.019609079,0.02900529,0.0143598,0.04170726,0.039199956,0.03750197,0.030166054,0.041037206,0.016111271,0.03576299,0.026550502,0.028650047,0.02273879,0.05250892,2024-04-02 06:45:00
0.039500102,0.14664,0.05505737,0.026573606,0.02684423,0.024163967,0.035005182,0.0267869,0.028464714,0.06544852,0.030534709,0.04734715,0.027729934,0.025692709,0.027089583,0.025483618,0.018577887,0.048569433,0.051165596,0.038265195,0.13941272,0.039805263,0.022824185,0.027437374,0.019097138,0.022568012,0.024146266,0.041425984,2024-04-02 06:46:00
0.034091998,0.02991624,0.034642104,0.018991727,0.027547238,0.0302315,0.019290367,0.027048327,0.027408548,0.06409189,0.03965122,0.03618435,0.030078346,0.02673374,0.013588392,0.028493177,0.019601312,0.035054654,0.04106556,0.04485547,0.032536708,0.037696417,0.03089731,0.017735459,0.023021037,0.045708366,0.027084962,0.032602806,2024-04-02 06:47:00
0.038758226,0.01998127,0.03145268,0.019207299,0.028915918,0.024492528,0.016148569,,0.033405554,0.06677928,0.039700124,0.038640533,0.03416676,0.020057857,0.03951547,0.027113866,0.020677712,0.084778346,0.03448045,0.039990287,0.031901035,0.03664637,0.043258846,0.039869413,0.026897375,0.042519413,0.022820164,0.039989106,2024-04-02 06:48:00
0.03449564,0.029888896,0.04643439,0.04428015,0.029133178,0.028192693,0.025482465,0.025979465,0.017553585,0.06246282,0.03828877,0.054707337,0.034977272,0.032581434,0.027220888,0.02872344,0.027369259,0.041762963,0.046146136,0.036492344,0.029826641,0.03628178,0.026948031,0.03137693,0.01996094,0.032774586,0.03432069,0.039395962,2024-04-02 06:49:00
0.037995223,0.04007033,0.04012997,0.023988489,0.027421288,0.031347018,0.013118037,,0.03456638,0.06587982,0.021560218,0.04042127,0.030741796,0.033526927,0.04325841,0.025796764,0.024665255,0.036754653,0.045814723,0.04839896,0.036628895,0.036764525,0.051639266,0.032436818,0.023706187,0.042165626,0.022768268,0.04928479,2024-04-02 06:50:00
0.05184476,0.03680412,0.028493535,0.04427589,0.03365954,,,0.026193382,0.026893953,0.06302676,0.042391088,0.037218627,0.032413363,0.03965428,0.027814649,0.029252028,0.022348052,0.069241896,0.03955531,0.036395613,0.028858304,0.04386526,0.01892074,0.09425788,0.024020426,0.04050488,0.02358854,0.039740324,2024-04-02 06:51:00
0.042041026,0.038751733,0.041610736,0.040857315,0.024402397,0.025634233,0.020686613,0.02395571,0.036016013,0.06455064,0.02944564,0.03829544,0.026786312,0.035109956,0.019207105,0.023947284,0.020260086,0.038360737,0.038665995,0.053488832,0.0273168,0.04444434,0.024555175,0.045790266,0.026317205,0.026108457,0.023702674,0.054958753,2024-04-02 06:52:00
0.030756287,0.043795526,0.04794852,0.039873138,0.017781513,0.03214835,,,0.015308065,0.07089824,0.038179304,0.04951735,0.03073987,0.021918032,0.02062096,0.016903784,0.02646356,0.04554367,0.04538883,0.03587333,0.02974607,0.04459664,0.023885733,0.020134928,0.023862397,0.030864168,0.02072152,0.034873083,2024-04-02 06:53:00
0.026175339,0.04525096,0.039222244,0.01932114,0.027883518,0.033784796,0.024305584,0.032756995,0.017951954,0.066669054,0.034988202,0.041432187,0.030074293,0.021758433,0.025257112,0.034911286,0.020461572,0.065006286,0.05253688,0.043976307,0.02736488,0.044163812,0.035120256,0.03143307,0.028077535,0.025830884,0.0272577,0.025229745,2024-04-02 06:54:00
0.040870953,0.04961386,0.035097152,0.02898265,0.018169835,0.055357967,0.017774096,0.016932003,0.01911308,0.07180436,0.029952232,0.038785756,0.022748375,0.08953361,0.017762251,0.020131202,0.041965947,0.07206583,0.039959963,0.049869537,0.029189454,0.04583805,0.028226735,0.015081669,0.026052475,0.036319707,0.015927702,0.04323118,2024-04-02 06:55:00
0.030691931,0.043668643,0.042695634,0.036969446,0.03467282,0.04231812,0.021723738,,0.02348459,0.06370669,0.032892145,0.042126022,0.028705245,0.029652487,0.041274082,0.023383776,0.023366313,0.05196892,0.039041817,0.039844863,0.030206235,0.0562691,0.023252359,0.023333585,0.02237921,0.028286578,0.022260044,0.031599674,2024-04-02 06:56:00
0.036325395,0.041674115,0.042221405,0.022972956,0.031254996,,,0.02048375,0.034540333,0.06868604,0.030604508,0.049176186,0.023684721,0.029259916,0.020646978,0.037711345,0.02767804,0.041769773,0.04839627,0.041277528,0.028655877,0.051745307,0.027347744,0.043867353,0.023323858,0.053031716,0.024044704,0.037757434,2024-04-02 06:57:00
0.030548494,0.031811565,0.03389403,0.054087378,0.02527434,0.026128428,0.024712186,0.021670282,0.038542967,0.07160077,0.2167857,0.03813183,0.0415086,0.041917205,0.038516525,0.029043889,0.029280454,0.05956143,0.05473271,0.049188737,0.026809812,0.04436133,0.037710827,0.023864297,0.02946219,0.053319186,0.026974602,0.035313122,2024-04-02 06:58:00
0.030908175,0.01886931,0.031416,0.051791422,0.028374745,0.020452714,,,0.016931497,0.07360331,0.04277964,0.049446784,0.028317653,0.028693533,0.020883702,0.025900014,0.023954865,0.044010404,0.04625199,0.045044083,0.02901341,0.045389354,0.02555324,0.014069437,0.025633048,0.053505965,0.025789889,0.03805795,2024-04-02 06:59:00
0.04690692,0.028219279,0.048497703,0.043875318,0.022257928,0.028152429,0.020704504,0.023194194,0.023861045,0.07616871,0.031832438,0.035715606,0.024666196,0.029619692,0.019784637,0.025960052,0.03042248,0.033014312,0.05281211,0.045198187,0.030521607,0.04692496,0.025926847,0.02156136,0.021587601,0.033472132,0.0145123545,0.034530252,2024-04-02 07:00:00
0.027186535,0.01848597,0.035813853,0.023376402,0.036070492,0.02648513,,,0.055153873,0.06733157,0.035777695,0.03987568,0.036452502,0.078264326,0.018588567,0.032230906,0.028735736,0.07955818,0.022875063,0.04663997,0.02939844,0.055220086,0.030001387,0.017055314,0.013042179,0.031917293,0.017070066,0.041887693,2024-04-02 07:01:00
0.023925018,0.029967636,0.029827071,0.045405287,0.032572515,0.022893839,0.019470116,0.017126417,0.019488195,0.07313431,0.03690819,0.042408116,0.030376429,0.03166846,0.038706142,0.056186117,0.031356703,0.07037678,0.029974941,0.16088292,0.027980128,0.05357938,0.026123537,0.02580492,0.019136935,0.05142768,0.021339377,0.03274843,2024-04-02 07:02:00
0.030206962,0.021428345,0.027744243,0.045303244,0.029973054,0.0271111,0.02886437,0.03317183,0.03432672,0.06537,0.034593172,0.03888409,0.042965584,0.0256277,0.01655591,0.01668063,0.035487883,0.039988805,0.038244613,0.03573429,0.030568736,0.054906383,0.014711164,0.022422483,0.024890948,0.030751076,0.02070993,0.035839833,2024-04-02 07:03:00
0.028131591,0.049389757,0.027107002,0.021221656,0.026715083,0.015209961,0.03424422,0.032427844,0.03862508,0.06604153,0.0317123,0.049832262,0.035787277,0.033983864,0.0144151235,0.020474542,0.033248756,0.036940563,0.050642446,0.0356792,0.027731245,0.054438766,0.02713852,0.04186424,0.021334846,0.037614595,0.019370003,0.03915354,2024-04-02 07:04:00
0.030215671,0.025314001,0.030332264,0.021343803,0.04877185,0.026619032,0.028636687,0.019449819,0.019603858,0.06536174,0.03016378,0.04137969,0.02614639,0.016813174,0.03112592,0.029243162,0.043023042,0.03859722,0.038284477,0.04510753,0.029589556,0.054310836,0.01841994,0.021599282,0.017610736,0.031975266,0.018485792,0.031650465,2024-04-02 07:05:00
0.050455872,0.032566074,0.025321055,0.015199248,0.020090703,0.022947885,0.027485898,0.026155062,0.026039291,0.072584406,0.03840988,0.05189761,0.028378535,0.03006262,0.026372336,0.029304158,0.032566518,0.045865934,0.05462949,0.037179258,0.030823683,0.05490982,0.024245646,0.032042008,0.019603847,0.031168085,0.024232399,0.03584394,2024-04-02 07:06:00
0.039780166,0.016310386,0.03216672,0.047842417,0.032329943,0.03476079,,,0.021776764,0.066295005,0.037743174,0.049636472,0.027446598,0.031170676,0.018479459,0.024904354,0.020837821,0.04009945,0.05064153,0.039902274,0.030640597,0.054672547,0.027313568,0.021489687,0.030203832,0.06449908,0.032944582,0.037182603,2024-04-02 07:07:00
0.02461004,0.030475581,0.03892098,0.016590817,0.083389744,0.025564147,0.020218942,0.021094844,0.015957559,0.0678765,0.036712203,0.051447835,0.029290505,0.028533442,0.025511073,0.038031038,0.023263386,0.037976835,0.14505588,0.038518906,0.030501736,0.05495462,0.017979452,0.027638579,0.040027812,0.03799818,0.028226575,0.03774077,2024-04-02 07:08:00
0.025921466,0.04161711,0.025291698,0.029200064,0.02951874,0.036015216,0.02552402,0.023509508,0.026549999,0.07103286,0.03727584,0.04238995,0.030269904,0.03349724,0.009383551,0.028326033,0.014890033,0.05736745,0.051148422,0.042948402,0.04076771,0.05390492,0.027440025,0.033239644,0.025659664,0.030040016,0.030459536,0.03580286,2024-04-02 07:09:00
0.030203478,0.040571183,0.029677417,0.038640432,0.03607042,0.024976974,0.020234354,,0.01685921,0.06278011,0.03791506,0.038766086,0.031359028,0.035570502,0.024429858,0.024867488,0.0153981075,0.05727005,0.038041286,0.040279217,0.029928582,0.055673014,0.024039863,0.024398262,0.021988448,0.043107662,0.02080663,0.046459097,2024-04-02 07:10:00
0.031169439,0.045422122,0.032721933,0.18338309,0.030318582,0.03984211,0.013663047,0.019744303,0.023362095,0.07025002,0.03701975,0.03680086,0.029014658,0.020898517,0.011525799,0.024747891,0.016513094,0.05260445,0.04335102,0.038568035,0.14741588,0.0544561,0.025632523,0.037631553,0.045685496,0.044736166,0.015710948,0.030390361,2024-04-02 07:11:00
0.03253021,0.024062745,0.024723561,0.026639244,0.023523292,0.024218237,0.029691938,0.02017451,0.022329474,0.07639073,0.030602073,0.054238677,0.035630643,0.02651224,0.051777903,0.018054841,0.021603847,0.043166697,0.047049943,0.03819532,0.029678006,0.05373863,0.019124772,0.020142397,0.023108937,0.034641758,0.025695657,0.03550151,2024-04-02 07:12:00
0.038229007,0.023104623,0.026816297,0.026026828,0.06073322,0.015591892,0.016259383,0.025108961,0.028026266,0.067274824,0.037855703,0.06556468,0.036782328,0.024772778,0.013187959,0.02006352,0.021236053,0.042616237,0.04795482,0.047812592,0.029171176,0.05630469,0.015963307,0.021774005,0.024442026,0.05345824,0.02314211,0.043160055,2024-04-02 07:13:00
0.01675117,0.045362532,0.14407122,0.015641524,0.02255319,0.022867642,0.027457513,0.032228857,0.022911787,0.076310284,0.03376325,0.04211592,0.032441348,0.021632409,0.013446169,0.024122803,0.013437631,0.05922246,0.03442019,0.04778944,0.031998206,0.05409562,0.032665804,0.0299113,0.031478286,0.026013982,0.028796403,0.03450789,2024-04-02 07:14:00
0.02924032,0.01882942,0.03166876,0.01124197,0.018269777,0.027674777,,,0.03805757,0.07379303,0.034367196,0.034476537,0.035119567,0.020357152,0.0131822005,0.018133907,0.01997507,0.045364376,0.022555878,0.06571341,0.02835937,0.054321226,0.035107948,0.0279664,0.029142011,0.04177406,0.025985317,0.029761551,2024-04-02 07:15:00
0.030616362,0.04337306,0.028788052,0.02181442,0.024061598,,0.026934637,0.019552557,0.02982128,0.07188492,0.030656489,0.04670749,0.02941933,0.07696037,0.03130322,0.02074231,0.031530958,0.037473947,0.048806507,0.053024113,0.027673578,0.055883624,0.029778149,0.035004415,0.020878932,0.03271784,0.02650565,0.03626348,2024-04-02 07:16:00
0.03987983,0.13014627,0.030633723,0.01982109,0.027707325,0.021452183,0.015448039,0.018298535,0.02805143,0.066214755,0.028879294,0.05075397,0.033464417,0.023474852,0.026472235,0.016168844,0.019852074,0.037837345,0.044064693,0.06332673,0.028964266,0.05438563,0.016838672,0.029099545,0.030748395,0.030505268,0.023047753,0.07905824,2024-04-02 07:17:00
0.037360094,0.14521372,0.041031644,0.017736198,0.022614673,0.01541428,,,0.028276358,0.07323341,0.037511375,0.04294433,0.03456965,0.020085583,0.024058862,0.018073488,0.017338026,0.0756816,0.041013427,0.050003476,0.02868495,0.053772684,0.02334872,0.01996056,0.023425503,0.036447737,0.0312575,0.029043082,2024-04-02 07:18:00
0.019996217,0.037192896,0.018353414,0.03004618,0.022190683,0.023312375,0.021654185,0.032533143,0.030405052,0.06874857,0.05195481,0.06309911,0.039941754,0.024753848,0.06480477,0.027162196,0.020696098,0.046107672,0.051724117,0.0664488,0.034815773,0.057371635,0.03017539,0.040448066,0.041209433,0.04111142,0.027913855,0.036588054,2024-04-02 07:19:00
0.03360757,0.06306316,0.035759035,0.021237185,0.025469266,0.06764206,0.11235682,,0.012109668,0.07316797,0.034741603,0.04454211,0.023439117,0.03544775,0.018196976,0.029219372,0.023343684,0.037137393,0.049312234,0.058265835,0.020214273,0.055264592,0.034505337,0.02428114,0.018026212,0.035696566,0.02528307,0.030345116,2024-04-02 07:20:00
0.019969895,0.026896525,0.026119152,0.024362057,0.056949213,0.023160622,,0.0496517,0.030482342,0.0652768,0.036898144,0.04698231,0.038258705,0.023729462,0.019069375,0.019291969,0.015836332,0.04036201,0.054046888,0.04689767,0.0233778,0.05625673,0.03545166,0.02290086,0.021171197,0.04277658,0.02179401,0.030412154,2024-04-02 07:21:00
0.05113769,0.032519866,0.04823688,0.034232266,0.042162593,0.020223098,0.061553147,0.026306245,0.026666416,0.07073771,0.035997283,0.04052037,0.025381185,0.040985107,0.018243913,0.021087224,0.024471592,0.034368135,0.03986124,0.04054767,0.02792091,0.057793822,0.023932237,0.01773692,0.017045658,0.053534716,0.030715035,0.037450794,2024-04-02 07:22:00
0.029833764,0.042253617,0.027598927,0.01728727,0.031566523,0.022886813,0.0209488,0.023804458,0.022190193,0.07774604,0.030899918,0.032562796,0.03967645,0.032630302,0.036345284,0.024682548,0.016671544,0.06487395,0.039774664,0.03684093,0.19718593,0.05813992,0.03208872,0.0751985,0.02791162,0.0463808,0.020663835,0.035112582,2024-04-02 07:23:00
0.033123538,0.102813736,0.019388134,0.019342469,0.036674097,0.021499299,0.018385738,0.02242474,0.025038995,0.06420735,0.03323239,0.044348672,0.03196667,0.025157368,0.013151766,0.021950532,0.017254647,0.04296796,0.04073536,0.053434514,0.026885267,0.06602487,0.019545173,0.02341285,0.020666128,0.030823374,0.021853874,0.036657196,2024-04-02 07:24:00
0.035902023,0.022562481,0.030545898,0.03598127,0.027722592,0.02336036,0.020853378,,0.023835136,0.071764946,0.035151944,0.06556357,0.035341546,0.025147242,0.017277349,0.019060398,0.01884862,0.035613403,0.053816702,0.036636457,0.21912841,0.06610716,0.021660952,0.02152229,0.018113887,0.036593683,0.022717228,0.041302796,2024-04-02 07:25:00
0.056525707,0.041950483,0.14368199,0.021345949,0.038404778,0.032765206,,0.022449499,0.022486944,0.066440545,0.025876844,0.045813076,0.030487219,0.031410847,0.022445422,0.028921003,0.034547627,0.032323696,0.043097377,0.0451404,0.026880214,0.06604488,0.02430852,0.021957632,0.03976793,0.031802062,0.034391202,0.030781517,2024-04-02 07:26:00
0.028508913,0.038293663,0.03195558,0.026799044,0.02267958,0.036956497,0.021210866,0.0231071,0.07885972,0.070984095,0.03805771,0.040214412,0.03157922,0.02430817,0.04641308,0.028826382,0.026754744,0.08896358,0.024628716,0.044407353,0.02811772,0.067149706,0.032259572,0.025223065,0.03754898,0.056555964,0.019896422,0.03785747,2024-04-02 07:27:00
0.039338633,0.042043872,0.033303447,0.024121089,0.037667546,0.024062939,,,0.022902189,0.06933033,0.032436766,0.03482315,0.032551352,0.029565189,0.018526977,0.025103034,0.0136350095,0.05083358,0.039187644,0.040932804,0.029806921,0.0620127,0.02083011,0.025653228,0.02323851,0.0347205,0.022979977,0.03396942,2024-04-02 07:28:00
0.02970043,0.04216491,0.029726926,0.035134688,0.10115322,0.029505389,0.021565435,0.024013638,0.029466918,0.071479335,0.031298842,0.029958006,0.019710153,0.03204214,0.014984215,0.019656468,0.03368228,0.0384139,0.0504892,0.038586494,0.027064372,0.06471745,0.022959525,0.01965946,0.01569256,0.03562144,0.023935601,0.037604563,2024-04-02 07:29:00
0.01572911,0.044300012,0.025525408,0.041161496,0.05696886,0.026043773,0.028424298,,0.022970205,0.071413115,0.018624745,0.03678351,0.0296076,0.031472657,0.02064252,0.021520745,0.018699452,0.06679047,0.037447434,0.044907793,0.033746865,0.065581724,0.033513606,0.035527512,0.028633181,0.044167537,0.026327467,0.039327987,2024-04-02 07:30:00
0.03435488,0.056110103,0.03652975,0.03618112,0.018528849,0.029460475,0.025938205,0.02308981,0.02315151,0.07348984,0.030848004,0.03483794,0.021329368,0.027627647,0.017431997,0.020282615,0.015215836,0.06684625,0.043906473,0.04223936,0.02938526,0.0647641,0.018911043,0.04815953,0.027501253,0.023637138,0.024939666,0.04012908,2024-04-02 07:31:00
0.039075173,0.04668849,0.029693324,0.018909357,0.028176889,0.024076726,0.022298334,0.019951342,0.029162824,0.07523472,0.029019328,0.035410747,0.02721876,0.027466461,0.019325519,0.027187241,0.013075699,0.04701775,0.040884744,0.039221365,0.18761568,0.06044217,0.020475185,0.025512503,0.020961605,0.042505376,0.040204484,0.036440663,2024-04-02 07:32:00
0.06115569,0.029171426,0.048521064,0.028393656,0.038839642,,,,0.021319976,0.06897627,0.039084505,0.038749903,0.024761382,0.02762093,0.02980884,0.014286479,0.021686837,0.048764203,0.036809523,0.038572174,0.028948983,0.06042108,0.039007965,0.035370417,0.022482805,0.04046749,0.020980535,0.041364104,2024-04-02 07:33:00
0.02916003,0.052089524,0.02383533,0.013769198,0.034956932,0.029894175,0.018957887,0.025383348,0.020037945,0.06704108,0.040478155,0.03529128,0.033757456,0.041997716,0.06850772,0.024330942,0.02541298,0.092848554,0.036588978,0.051059484,0.02752274,0.061854087,0.020507228,0.020333448,0.023975302,0.03337688,0.018976899,0.043793008,2024-04-02 07:34:00
0.03119164,0.035293058,0.033167012,0.022317477,0.019693842,0.021025252,,,,0.0708321,0.0425732,0.03478807,0.035502627,0.025069332,0.03794228,0.028796542,0.024841823,0.043054678,0.036852535,0.043497577,0.03249885,0.06691048,0.017409196,0.054719836,0.025250718,0.03508922,0.023181597,0.03911844,2024-04-02 07:35:00
0.029582031,0.044043068,0.03877837,0.032443356,0.028631855,0.018428179,0.023057304,0.011761833,0.022442345,0.17222388,0.032425247,0.030364588,0.02646954,0.021214105,0.016042931,0.02447027,0.03668504,0.03928776,0.03761519,0.04486617,0.029732512,0.06583542,0.01892632,0.018644048,0.023074437,0.038444087,0.021106187,0.038778987,2024-04-02 07:36:00
0.024233809,0.0511632,0.024693813,0.032702524,0.047700826,0.03055817,0.021065438,,0.038966615,0.062469702,0.02561771,0.033740923,0.043190885,0.027079146,0.03490494,0.01876359,0.01632501,0.06756968,0.034586426,0.0613214,0.1576238,0.06339821,0.03885428,0.023142632,0.033100188,0.029409356,0.030779941,0.04043556,2024-04-02 07:48:00
0.02466737,0.024939017,0.033047162,0.02259477,0.019074129,0.030719342,0.022717975,0.032507442,0.020713741,0.05723862,0.03643532,0.043318015,0.03883275,0.029324006,0.03134179,0.026258025,0.021916486,0.058815505,0.047908228,0.045159798,0.0366905,0.06409611,0.028130671,0.023233209,0.028550852,0.032398142,0.030306133,0.03457868,2024-04-02 07:49:00
0.024887124,0.035918433,0.029091338,0.027346872,0.028060528,0.03791794,0.017072931,0.02870633,0.022820633,0.050641235,0.036603194,0.044382226,0.03108855,0.02803849,0.025980439,0.029478066,0.016435232,0.05049237,0.022480305,0.036601126,0.0314309,0.12749556,0.01816033,0.029618114,0.017936397,0.027423238,0.030756565,0.03095451,2024-04-02 07:50:00
0.024037488,0.029213961,0.030691328,0.03329356,0.027174536,,,,0.023497155,0.054422297,0.025729075,0.1278182,0.031868663,0.03187575,0.052102484,0.021582307,0.018842952,0.04146309,0.027005354,0.03714234,0.028441707,0.063677415,0.018179059,0.030531786,0.023716088,0.028856747,0.030749122,0.035863705,2024-04-02 07:51:00
0.024505356,0.048858568,0.02397248,0.020382462,0.01843231,0.023479644,0.020046525,0.020785699,0.022488665,0.058721352,0.032296367,0.039583992,0.034389686,0.035211023,0.032688815,0.023980727,0.016517857,0.04430288,0.04425957,0.036439374,0.036503106,0.06121739,0.018062755,0.044770017,0.024309244,0.031804625,0.021320058,0.046001196,2024-04-02 07:52:00
0.018010005,0.035193417,0.029412925,0.02007995,0.024723101,0.024318075,0.022220364,0.02250064,0.022600789,0.06152687,0.030579856,0.02629261,0.053921826,0.030029291,0.027977923,0.022234784,0.01633241,0.037556875,0.03249205,0.042045806,0.035560805,0.07448918,0.023715338,0.024298275,0.035591293,0.0308079,0.03140088,0.038510434,2024-04-02 07:53:00
0.029560726,0.038575698,0.02777492,0.03526805,0.020879183,0.025505403,0.022442454,0.024768284,0.01891952,0.060907632,0.026557183,0.04976711,0.028971165,0.023634622,0.032621272,0.015259183,0.01927148,0.054368228,0.04425451,0.03930105,0.030511416,0.072474025,0.011654299,0.03864359,0.035063107,0.038681924,0.027545376,0.038658537,2024-04-02 07:54:00
0.030809497,0.028144723,0.024484312,0.024879059,0.037336584,0.025916254,,,0.020934952,0.05828937,0.03468771,0.03910524,0.030286321,0.023567334,0.045123596,0.06328937,0.024727045,0.08906277,0.036556184,0.04160588,0.027505713,0.07039231,0.012482995,0.029953342,0.026372237,0.044168323,0.022988375,0.038351197,2024-04-02 07:55:00
0.029668637,0.04575333,0.019319152,0.028862627,0.0354072,0.023226133,0.023903059,0.021985477,0.022819566,0.05466193,0.037693463,0.030133393,0.039336488,0.03441559,0.016891617,0.021072542,0.019015295,0.08340522,0.045919906,0.046750274,0.032473654,0.064042255,0.02738458,0.027789231,0.025385669,0.087847486,0.022736423,0.04814406,2024-04-02 07:56:00
0.030722858,0.017306393,0.036655847,0.018863492,0.028797735,0.035705116,0.021430222,0.021486111,0.020327203,0.051731586,0.03573927,0.022316862,0.034120835,0.028711906,0.022396257,0.02807685,0.020795435,0.06251286,0.048028074,0.04795019,0.017336665,0.07353907,0.017126355,0.04927635,0.026209494,0.030211024,0.02341132,0.040408038,2024-04-02 07:57:00
0.030780552,0.040061034,0.022915151,0.0383498,0.031207588,,,0.024009831,0.021488793,0.05616445,0.043789573,0.0316496,0.029904688,0.041303396,0.028201899,0.031555396,0.022088435,0.030381255,0.03803611,0.06909965,0.03380333,0.05004566,0.01350168,0.04003232,0.026935453,0.030601576,0.056844283,0.08068224,2024-04-02 07:58:00
0.030181754,0.034642324,0.026659962,0.014820729,0.03248237,0.060516853,0.022421135,0.026779901,0.023416948,0.06685176,0.043159977,0.04383812,0.024614586,0.021933625,0.01915886,0.023313528,0.0174848,0.03563433,0.04465706,0.04583912,0.17333092,0.071664184,0.02360338,0.0364102,0.014896273,0.03270944,0.026121529,0.032767326,2024-04-02 07:59:00
0.026983328,0.024098055,0.0530366,0.023890365,0.023826221,0.02783398,,0.016515037,0.018575095,0.06466595,0.036815852,0.022582699,0.032974333,0.031058127,0.013536966,0.03170746,0.026604332,0.026415022,0.04610727,0.03608491,0.029819123,0.07343816,0.026807796,0.03174619,0.016315281,0.05959963,0.026643898,0.23330545,2024-04-02 08:00:00
0.028492175,0.017558593,0.04487109,0.018695923,0.032985173,0.049216937,0.018949252,0.027640548,0.024346715,0.057269618,0.034383394,0.037537776,0.03551264,0.026362969,0.026004452,0.024519848,0.05562513,0.02938101,0.051684704,0.0451315,0.028003365,0.06999209,0.028465692,0.021217965,0.018588034,0.055148568,0.021484511,0.0346336,2024-04-02 08:01:00
0.11654304,0.025466682,0.048495434,0.032597914,0.03682465,0.019301562,0.023018913,0.02311719,0.050381847,0.06705199,0.021789266,0.03822845,0.03632568,0.028450195,0.030548524,0.016756507,0.026277632,0.03313984,0.042385064,0.036243085,0.029851627,0.03868549,0.027748527,0.034521375,0.012927958,0.05777952,0.023812145,0.040903095,2024-04-02 08:02:00
0.03262828,0.017978208,0.037356522,0.036738977,0.0366112,0.02506115,0.022519398,,0.018354217,0.05865448,0.03790454,0.053521037,0.029176092,0.027848655,0.03798792,0.02763942,0.027856978,0.043306503,0.04438692,0.036047574,0.027434627,0.02743581,0.026704978,0.03069128,0.022033837,0.069610365,0.024504757,0.03469469,2024-04-02 08:03:00
0.03167704,0.050701033,0.030499008,0.033600163,0.021090254,0.018872254,0.015580475,0.032178067,0.022726722,0.055379495,0.026902918,0.04819644,0.022159439,0.028079787,0.020653298,0.02590061,0.026236534,0.03550741,0.055839226,0.035534773,0.027726403,0.05954067,0.01925512,0.0340176,0.015500392,0.036684208,0.026879193,0.045202572,2024-04-02 08:04:00
0.03109162,0.039161913,0.041505,0.034362722,0.027957635,0.040934116,0.024450853,0.02111758,0.038070984,0.059192795,0.041461974,0.051641554,0.032030303,0.05527418,0.021249251,0.022048958,0.022097152,0.030334359,0.052650232,0.04494364,0.028120099,0.06051876,0.023792094,0.034253832,0.012031718,0.031839088,0.024289686,0.03748082,2024-04-02 08:05:00
0.03563761,0.021793146,0.039848734,0.03162411,0.043632396,0.02857162,,,0.0375918,0.0563984,0.036565635,0.036930535,0.031011727,0.029729165,0.025497206,0.029087035,0.027359918,0.033256836,0.048696414,0.040121526,0.022980409,0.03969988,0.017851258,0.05998984,0.020701671,0.08326206,0.020767737,0.034230605,2024-04-02 08:06:00
0.022721255,0.029053299,0.041577827,0.014087964,0.030692479,0.025881512,0.026209451,0.02011282,0.026575934,0.059995502,0.040618896,0.050801024,0.019867009,0.040098406,0.022626055,0.029820371,0.031117916,0.0507072,0.047964912,0.045457263,0.02897314,0.10911866,0.017735489,0.049141746,0.023410987,0.062354226,0.070010215,0.035411045,2024-04-02 08:07:00
0.02710999,0.04008206,0.037499595,0.031823445,0.025346113,0.035851862,0.02342674,0.023532394,0.02243918,0.06305375,0.044065572,0.03591497,0.027169526,0.026854757,0.024245452,0.016835961,0.033204876,0.040684417,0.046999965,0.036620554,0.027612343,0.046352927,0.016398136,0.03329866,0.02211712,0.051070116,0.023376813,0.038386,2024-04-02 08:08:00
0.02339121,0.036009397,0.03820819,0.042221732,0.010376223,0.02297192,,,0.022599936,0.051096216,0.04157862,0.028556673,0.02590828,0.02067173,0.019957358,0.021979544,0.031571276,0.03161782,0.037063178,0.04494988,0.02801849,0.048936836,0.036032632,0.043440726,0.018653575,0.035865005,0.020786108,0.03841913,2024-04-02 08:09:00
0.026376462,0.047077533,0.027977368,0.02382298,0.03699402,0.031219017,0.025467247,0.021581218,0.05406686,0.05134754,0.040553913,0.05406397,0.031920373,0.037095442,0.050153814,0.022651156,0.03655677,0.040442016,0.055121616,0.03649008,0.028459553,0.04271584,0.023037028,0.03486548,0.016464924,0.056222778,0.02284455,0.04115141,2024-04-02 08:10:00
0.026366347,0.042544413,0.032940794,0.015742114,0.021919375,,,,0.03432135,0.06441822,0.029795855,0.042876486,0.036177572,0.03287436,0.026003947,0.02148737,0.04149371,0.03692573,0.046615187,0.03878701,0.028483424,0.04097891,0.02103876,0.036714226,0.01065547,0.04677254,0.023771489,0.030979844,2024-04-02 08:11:00
0.029328667,0.045580238,0.04458135,0.019654116,0.042500578,0.022390224,0.025435572,0.022104457,0.020860106,0.05419356,0.039173376,0.04409108,0.03662696,0.03461164,0.032915324,0.028835492,0.032825958,0.034549788,0.04501379,0.045525845,0.035814665,0.0321547,0.043054722,0.04104308,0.021419983,0.041212,0.026636017,0.041624736,2024-04-02 08:12:00
0.14635843,0.0382659,0.03662289,0.014417463,0.032564797,0.015060183,0.026129821,,0.029530348,0.06297182,0.03552364,0.040606793,0.039565656,0.029638419,0.025588486,0.022318937,0.05842304,0.04034345,0.046759993,0.044511013,0.22020103,0.026689952,0.03274627,0.030020367,0.019915313,0.04562975,0.025413396,0.03754291,2024-04-02 08:13:00
0.03614365,0.08799365,0.03838885,0.17520534,0.041406848,0.041401666,,0.023676904,0.021954019,0.06347154,0.031389393,0.040332213,0.025963735,0.044754587,0.023732074,0.025885267,0.050102588,0.038375508,0.049812958,0.045174953,0.18146347,0.034501392,0.025312666,0.028244771,0.05081686,0.031022264,0.06637052,0.04040648,2024-04-02 08:14:00
0.033744145,0.021956611,0.036113523,0.043038428,0.02791483,0.027699761,0.023462407,0.02228811,0.024497654,0.06464135,0.038016435,0.042387605,0.037309498,0.029003944,0.013463455,0.029723117,0.036932234,0.034884263,0.04191183,0.043768357,0.02501382,0.027418325,0.028319981,0.03474473,0.01577349,0.031911477,0.024551317,0.036469415,2024-04-02 08:15:00
0.028220296,0.03120223,0.04283677,0.03188955,0.023855899,0.026119621,0.02688323,,0.020494008,0.06608403,0.035679564,0.044352733,0.030391905,0.03109897,0.013270064,0.02279731,0.03087497,0.03329955,0.048631042,0.044980634,0.028294975,0.027130315,0.02533725,0.064296134,0.01986749,0.058192737,0.069307774,0.03911454,2024-04-02 08:16:00
0.025570039,0.026844537,0.019588523,0.045750614,0.019665806,0.039393257,,0.034008875,0.019851215,0.05610148,0.033305347,0.03602044,0.037801772,0.027799157,0.019372702,0.016499827,0.03530697,0.024041215,0.043277074,0.03645577,0.028051365,0.025432386,0.028516585,0.05272292,0.0181087,0.05197132,0.025258806,0.033433888,2024-04-02 08:17:00
0.031514995,0.03754373,0.030807786,0.03880354,0.025563248,0.015459013,0.019330347,0.022581019,0.01721196,0.05953939,0.041470747,0.027549123,0.02942697,0.031665083,0.022789802,0.018879278,0.030112874,0.034174506,0.03652993,0.036354538,0.028054662,0.025216281,0.021198925,0.040250987,0.017110033,0.028469734,0.034268733,0.035082236,2024-04-02 08:18:00
0.08618893,0.026794393,0.028759263,0.022465518,0.031549275,0.031757735,0.047060438,0.016046325,0.02225192,0.05174136,0.03297467,0.04147189,0.03126435,0.025943095,0.019264594,0.013906288,0.031260546,0.03929022,0.052907445,0.07109273,0.028946118,0.024702981,0.01889027,0.048342444,0.026204348,0.037188202,0.025920192,0.03403636,2024-04-02 08:19:00
0.064491585,0.029742746,0.025585126,0.016861774,0.029986998,,,,0.024791855,0.06838465,0.03590351,0.039537285,0.025404058,0.028835382,0.03821046,0.017128918,0.030571757,0.04955227,0.04951803,0.036121976,0.027958214,0.024721766,0.021381445,0.0424627,0.020292226,0.08056866,0.058786836,0.03367185,2024-04-02 08:20:00
0.036586273,0.027611844,0.029194161,0.045137238,0.021947658,0.022938432,0.022522135,0.021257302,0.01681147,0.06304736,0.031190008,0.024353169,0.03721025,0.028245792,0.024061985,0.029891416,0.035265576,0.070467845,0.038121905,0.04500832,0.02643621,0.024936173,0.021872163,0.05632068,0.025050825,0.026800292,0.025257794,0.040514246,2024-04-02 08:21:00
0.031664055,0.025323573,0.0434601,0.013154886,0.038587324,0.024400035,0.018838737,,0.021182682,0.05859117,0.046815276,0.024778938,0.040359706,0.023595115,0.03210252,0.02671579,0.03362035,0.0311039,0.02662396,0.04062783,0.025959032,0.033962846,0.023651164,0.03629673,0.02643456,0.06264219,0.030951526,0.035843823,2024-04-02 08:22:00
0.019895397,0.039154626,0.1499242,0.05112592,0.025032006,,,0.019575467,0.030574331,0.060674053,0.03168493,0.04136189,0.034917198,0.031473972,0.011785443,0.023837578,0.036113907,0.050105464,0.0485092,0.03623477,0.030087035,0.04580138,0.016607512,0.035372633,0.030269112,0.043218937,0.025150618,0.09066537,2024-04-02 08:23:00
0.023611655,0.03381,0.027901065,0.031864863,0.020650629,0.02418994,0.026354667,0.026019646,0.021071386,0.0642749,0.029712366,0.024579547,0.036829036,0.030092165,0.028341645,0.015916312,0.032118917,0.042210728,0.052619018,0.03609977,0.028165378,0.02566316,0.025727514,0.037125792,0.023274492,0.029245112,0.022517083,0.038889088,2024-04-02 08:24:00
0.03908816,0.044087887,0.040052935,0.02845668,0.034609154,,,0.022510517,0.011240179,0.06650816,0.046108022,0.031908587,0.03704011,0.025036493,0.035454396,0.04642595,0.03401654,0.053316437,0.03541492,0.04015749,0.028444784,0.10633769,0.021854512,0.041896533,0.027993903,0.025670411,0.02935079,0.03174571,2024-04-02 08:25:00
0.024101492,0.031951115,0.02636966,0.014004011,0.020072754,0.03001313,0.027325466,0.015683915,0.016977461,0.059732363,0.032949463,0.047116943,0.034429234,0.042279627,0.039173897,0.035963528,0.0566557,0.037957534,0.048390955,0.03874717,0.028252738,0.026012354,0.023611259,0.047045887,0.012360247,0.1091789,0.06939258,0.033303116,2024-04-02 08:26:00
0.02800139,0.028021047,0.03618702,0.019426735,0.017878644,0.026994908,0.025885547,0.015494823,0.022456028,0.06798351,0.033155352,0.04349554,0.03542284,0.022163332,0.024672512,0.014242525,0.035057094,0.03507947,0.05217063,0.03728425,0.044168074,0.02459848,0.025248934,0.04705016,0.02394969,0.049108934,0.025087792,0.038946204,2024-04-02 08:27:00
0.027966022,0.029612439,0.022980588,0.028949598,0.025665078,,,0.031807434,0.015441856,0.06857337,0.035423327,0.039939664,0.031122353,0.03429615,0.017868178,0.028098758,0.033653326,0.037762385,0.04881054,0.038234726,0.021881584,0.030893367,0.025535433,0.045415826,0.027593698,0.05324883,0.025136942,0.021377815,2024-04-02 08:28:00
0.022491787,0.0290445,0.028375868,0.013370888,0.03623062,0.023446985,0.10324873,0.025172414,0.023850456,0.07293427,0.037333686,0.045737933,0.0293737,0.02678376,0.039750826,0.016090397,0.035474915,0.04175822,0.031437,0.04152684,0.026078414,0.027582595,0.023153875,0.04400705,0.019683827,0.02840038,0.024823342,0.029569598,2024-04-02 08:29:00
0.021155957,0.03317268,0.031059856,0.028878344,0.022344593,0.029516732,0.020480474,0.019322027,0.019250372,0.075516135,0.03424356,0.050538253,0.030907204,0.021447456,0.027419534,0.024850488,0.043155868,0.04004213,0.040059667,0.03745954,0.03022429,0.026571775,0.026771212,0.07274492,0.015793933,0.06286491,0.02177305,0.03488402,2024-04-02 08:30:00
0.030743804,0.027405089,0.027176779,0.039405834,0.032894008,0.048299327,,0.025907444,0.026063178,0.06658389,0.03405484,0.056082003,0.031275064,0.021872228,0.028443871,0.015426101,0.044735283,0.035053164,0.038037084,0.04277936,0.028221982,0.027983582,0.020391006,0.04082301,0.03125266,0.053348485,0.040550113,0.036913533,2024-04-02 08:31:00
0.017374687,0.038079213,0.026181307,0.022524068,0.031215128,0.03138235,0.021528604,0.013343516,0.022351118,0.10272259,0.04521984,0.040754795,0.034726527,0.034541834,0.025353217,0.03560557,0.04545156,0.07617906,0.028977212,0.04564725,0.027662566,0.025574734,0.018111967,0.038362145,0.023846325,0.026238691,0.03355399,0.05515694,2024-04-02 08:32:00
0.026141958,0.03619581,0.036090635,0.032976344,0.019911006,0.01938339,0.027147634,0.023841405,0.034351718,0.06790945,0.03652038,0.036984485,0.029537221,0.03575055,0.0495132,0.018956922,0.047750097,0.04230865,0.042851783,0.03952111,0.034418818,0.03736172,0.030404745,0.042777434,0.023021718,0.048866943,0.02699075,0.030191477,2024-04-02 08:33:00
0.019879969,0.027085688,0.026710795,0.024428403,0.024575708,,,0.016613387,0.029348353,0.06866773,0.03786173,0.038339626,0.035211027,0.028502584,0.0154167935,0.02166907,0.044651397,0.03402066,0.04185638,0.07532893,0.03835288,0.028926734,0.08143789,0.04525456,0.01972665,0.051772837,0.03735956,0.03168619,2024-04-02 08:34:00
0.020408569,0.025439173,0.026580103,0.023567531,0.03213923,0.021425862,0.020702615,0.021811195,0.022246284,0.06827382,0.03477354,0.016880438,0.03432584,0.03836868,0.024906846,0.015046994,0.0517036,0.044435576,0.037631672,0.05250327,0.042763624,0.028020993,0.036328353,0.047398504,0.023254286,0.0373777,0.021876324,0.045498773,2024-04-02 08:35:00
0.03056961,0.02740377,0.028218511,0.05114603,0.034968615,0.021818945,0.018957961,0.014750187,0.023434797,0.054604147,0.041955538,0.029044554,0.037055917,0.02759256,0.041280575,0.014540636,0.056160957,0.04954048,0.05370111,0.06236366,0.027478803,0.05017558,0.024441132,0.028948175,0.031651147,0.10007124,0.026797457,0.045636687,2024-04-02 08:36:00
0.032118604,0.03699655,0.032808255,0.05252022,0.022644846,,,,0.028687157,0.068961315,0.025226172,0.037939474,0.028406037,0.031139148,0.013220724,0.01739274,0.052082777,0.061044067,0.046694454,0.042446777,0.16703811,0.028646933,0.017262345,0.026500633,0.028883046,0.025838483,0.02699235,0.034652244,2024-04-02 08:37:00
0.022017693,0.030689113,0.022598991,0.06185437,0.024123965,0.028835,0.08821691,0.025312074,0.020074522,0.069651864,0.039873186,0.037164193,0.026010387,0.03146482,0.040283132,0.018954955,0.053100448,0.043446865,0.04107332,0.047851764,0.03605136,0.024624916,0.020261522,0.046288986,0.018684307,0.06595114,0.01940984,0.03760223,2024-04-02 08:38:00
0.03857216,0.047078848,0.025166417,0.027020395,0.0131853605,0.02772033,0.033578496,0.02193245,0.018642997,0.06780832,0.043616645,0.08492324,0.029235695,0.08981984,0.03136434,0.02878182,0.054401055,0.06747035,0.0529569,0.03881163,0.0312896,0.12419897,0.043166444,0.050059397,0.022660557,0.037424766,0.030143159,0.04149798,2024-04-02 08:39:00
0.020048983,0.042492975,0.029989308,0.04769563,0.031252943,0.020821001,0.08255734,0.019790556,0.017435446,0.0745059,0.0318893,0.12324539,0.031436283,0.031746667,0.037270337,0.027489733,0.052689217,0.03885473,0.032254733,0.06151541,0.026933748,0.028217295,0.021036122,0.045009322,0.022657959,0.036054213,0.026298229,0.033570584,2024-04-02 08:40:00
0.020023787,0.029886844,0.03779337,0.026539266,0.013535635,,0.026907403,0.020323016,0.018062692,0.07180477,0.032167785,0.03767327,0.028551789,0.025994705,0.016649695,0.031167358,0.05244631,0.043331888,0.04768024,0.04487967,0.028947443,0.033825804,0.017729303,0.05396007,0.015328412,0.030917896,0.023809394,0.04269189,2024-04-02 08:41:00
0.029245233,0.03178281,0.028100416,0.040604595,0.036374215,0.02536621,0.023893623,0.017884044,0.026590928,0.0644056,0.043336645,0.021290388,0.035699874,0.035251588,0.02960493,0.01694412,0.043590464,0.033455096,0.031009058,0.045751616,0.02785477,0.027898513,0.022060122,0.050702624,0.032487936,0.035569783,0.023836263,0.03171583,2024-04-02 08:42:00
0.028738234,0.04658841,0.0307708,0.025437452,0.035657417,0.017743943,0.023706505,0.01814597,0.021685192,0.064587,0.04739351,0.050224736,0.030445425,0.10255789,0.016176583,0.027393593,0.02420437,0.03047085,0.052046455,0.044800177,0.031296644,0.024862787,0.033519555,0.06659507,0.033853166,0.035547603,0.022673188,0.03475942,2024-04-02 08:43:00
0.025046421,0.029985346,0.025571903,0.029513877,0.019019525,0.023486646,0.021255307,0.019339833,0.023724623,0.06724786,0.03224214,0.03077886,0.027504684,0.028865973,0.01930183,0.020529583,0.024876952,0.044643395,0.04398223,0.04493017,0.04045145,0.041748095,0.08903938,0.055124294,0.022453856,0.034666564,0.025025897,0.038831003,2024-04-02 08:44:00
0.034428466,0.047675543,0.023081183,0.021190846,0.025886364,0.023406914,0.024899554,0.017957475,0.016933281,0.06594066,0.032368086,0.053283967,0.032935977,0.027732912,0.04157854,0.064969204,0.026560375,0.06550178,0.034274396,0.053647798,0.029336497,0.037387647,0.017927583,0.05566063,0.04823043,0.031887326,0.019711329,0.040134784,2024-04-02 08:45:00
0.03048674,0.04474119,0.024474917,0.030225271,0.025220975,,,,0.018452266,0.07268871,0.043161515,0.043196633,0.03146045,0.018978108,0.0155929765,0.015496293,0.02642755,0.060898587,0.04327837,0.15461351,0.03404373,0.028929366,0.038988866,0.05770907,0.027935661,0.032704696,0.025559964,0.040771563,2024-04-02 08:46:00
0.027867746,0.026822746,0.018568575,0.030417072,0.024813721,0.021379212,0.025456985,0.02080832,0.019254094,0.078142144,0.04655082,0.050773628,0.036220547,0.029757595,0.016638901,0.025775054,0.04048739,0.044953093,0.040599275,0.037016112,0.026335062,0.03302781,0.03778966,0.036828954,0.015534499,0.037363432,0.029150957,0.047624897,2024-04-02 08:47:00
0.029561926,0.031398334,0.035544217,0.019057008,0.025560152,0.019853545,0.019450085,0.03133039,0.02834088,0.06973912,0.21465449,0.042102415,0.029255733,0.02956626,0.013057857,0.031039817,0.026661765,0.054123297,0.034286506,0.03688104,0.028255833,0.03095292,0.03153002,0.05115163,0.01910605,0.03554633,0.020602707,0.27965695,2024-04-02 08:48:00
0.12216767,0.0375256,0.030981725,0.051658552,0.030603228,,0.021817276,0.02326898,0.019460445,0.079601206,0.037763536,0.04846406,0.03093127,0.02994445,0.021772023,0.036903962,0.029370276,0.04036646,0.05473732,0.036729958,0.027170703,0.024267646,0.0975813,0.07384624,0.016834714,0.035633974,0.025816321,0.034863997,2024-04-02 08:49:00
0.025050305,0.059095763,0.033259224,0.026920604,0.02022649,0.04233885,0.025748318,0.06397853,0.025370734,0.06109473,0.0392481,0.030670896,0.025516795,0.10279132,0.028077886,0.020077415,0.029865794,0.044983048,0.05054662,0.036631662,0.030337147,0.030990563,0.02571919,0.05797799,0.017594486,0.02593395,0.0203658,0.0321114,2024-04-02 08:50:00
0.029527131,0.027570708,0.028749151,0.036085263,0.02660416,0.02945311,0.01718669,0.026236998,0.021770442,0.060680903,0.03793011,0.12235722,0.024026105,0.018777275,0.021488616,0.013991866,0.026607959,0.04066144,0.04582066,0.037627812,0.033060502,0.030247983,0.019252393,0.050441194,0.02346613,0.037357416,0.026288632,0.037372712,2024-04-02 08:51:00
0.03115339,0.043074578,0.037442587,0.05512666,0.03058086,,,0.02464395,0.015451748,0.07232263,0.042684644,0.03738578,0.0255152,0.019616242,0.029820127,0.053070847,0.027136894,0.060720254,0.046802323,0.039777264,0.027545905,0.029729392,0.07309934,0.052392792,0.0283235,0.034813,0.02164375,0.04180879,2024-04-02 08:52:00
0.034550216,0.041855007,0.025327764,0.05092174,0.019264473,0.028478995,0.02139271,0.025796149,0.024582349,0.06986688,0.040146086,0.04366365,0.025983963,0.01913886,0.02380407,0.020930462,0.026313048,0.0341528,0.0410551,0.03913051,0.027183702,0.0296933,0.022112353,0.05342162,0.026675986,0.027509864,0.026733104,0.036744203,2024-04-02 08:53:00
0.024355464,0.035345953,0.04976574,0.0409193,0.07037783,,0.0947145,0.02261387,0.02237518,0.06764442,0.028733604,0.03334796,0.035246335,0.01303453,0.023839956,0.017413462,0.027149055,0.035642028,0.032543987,0.044741873,0.028855894,0.03051091,0.024880975,0.052919213,0.024685606,0.034438126,0.022945322,0.043339323,2024-04-02 08:54:00
0.10887537,0.039200682,0.14015324,0.026230149,0.043854594,0.02549267,0.021252107,0.023661539,0.01655628,0.06992645,0.0371451,0.02757489,0.047977995,0.030516453,0.027244192,0.021919524,0.053902343,0.067755766,0.032356065,0.03649909,0.03032725,0.025939789,0.018269597,0.063134514,0.01912489,0.03198414,0.024779899,0.042290945,2024-04-02 08:55:00
0.0251304,0.031548448,0.03935903,0.0333634,0.03555882,0.023606617,0.020848952,0.019194413,0.021281922,0.06299579,0.036105953,0.041249674,0.025478221,0.022227308,0.031248068,0.014721727,0.04961353,0.029071927,0.050725125,0.044994086,0.026150092,0.032192364,0.020717137,0.05195338,0.035553154,0.0355292,0.029801136,0.038567156,2024-04-02 08:56:00
0.020928826,0.033471435,0.029185845,0.050359014,0.02382745,0.02713205,,,0.03092116,0.06456628,0.045263022,0.043825258,0.03074877,0.02532961,0.013657098,0.02037974,0.051705383,0.03125217,0.045830533,0.044807844,0.026832813,0.034569543,0.025273036,0.05248497,0.03633714,0.03241774,0.028954946,0.03888433,2024-04-02 08:57:00
0.027283553,0.031012967,0.03451841,0.039719325,0.025709797,,0.018300353,0.02415752,0.022890607,0.06913577,0.03844394,0.04530267,0.024415854,0.02100723,0.024544759,0.025850588,0.030996913,0.034828097,0.045290206,0.038696144,0.027111577,0.028368779,0.031366166,0.053351223,0.016134096,0.022653641,0.027004797,0.03390746,2024-04-02 08:58:00
0.022944355,0.043278094,0.02112503,0.051954634,0.03832332,0.060018096,0.020529598,0.022179822,0.047201235,0.06360805,0.035853878,0.042774767,0.023972072,0.01497209,0.021814901,0.016173076,0.030544061,0.02957043,0.044986144,0.043567408,0.02726185,0.039879,0.026224686,0.08250473,0.027745387,0.026557196,0.031473827,0.033771608,2024-04-02 08:59:00
0.030705143,0.042050462,0.030537838,0.03501878,0.061388336,,,0.018658483,0.036268007,0.067714415,0.034809876,0.03144433,0.043507177,0.0197498,0.019742567,0.03142724,0.02936644,0.03327189,0.039398447,0.0429196,0.03929216,0.0307587,0.04339899,0.04684268,0.019675594,0.04199473,0.023910753,0.041783992,2024-04-02 09:00:00
0.026131587,0.03824662,0.030077454,0.026119888,0.023931146,0.015745841,0.2397664,0.017372131,0.02031386,0.07194385,0.027002212,0.038303763,0.02861382,0.03068112,0.04793846,0.027148386,0.03408311,0.029854273,0.044128943,0.04489287,0.028243368,0.034300555,0.0211716,0.060651626,0.02319053,0.025333658,0.021499954,0.04086781,2024-04-02 09:01:00
0.08686264,0.03298405,0.026827516,0.030341292,0.019100407,0.03203102,0.019649392,0.11312629,0.03842141,0.06670805,0.0385479,0.027628867,0.039830677,0.018648095,0.016976574,0.023569278,0.03496843,0.024500774,0.04170191,0.03876013,0.03198803,0.03765676,0.034879822,0.06393138,0.030022891,0.032548677,0.025999265,0.040626783,2024-04-02 09:02:00
0.014388709,0.036112767,0.030658485,0.034010574,0.028113274,0.028746583,0.014300624,0.020822214,0.016713105,0.061394338,0.037711777,0.040201645,0.035851154,0.016416527,0.026926856,0.026654702,0.033371862,0.02714302,0.036475897,0.038999666,0.19621779,0.038989954,0.012911825,0.06323315,0.02328699,0.025270194,0.023907816,0.036840513,2024-04-02 09:03:00
0.022632575,0.050394136,0.071373634,0.048587814,0.03816118,0.033864982,,0.023611218,0.028646614,0.06665863,0.03669821,0.045828424,0.04428614,0.01927381,0.016566066,0.02592352,0.035559814,0.037352443,0.04113064,0.04106631,0.02474999,0.036867827,0.022176858,0.06564366,0.03501301,0.037119865,0.023099694,0.030008893,2024-04-02 09:04:00
0.068465754,0.04274517,0.030168539,0.140801,0.01645717,0.022535978,0.023596318,0.01830788,0.018536715,0.0714652,0.038411982,0.027620094,0.039087523,0.020009954,0.025520379,0.02666333,0.074279994,0.055831186,0.048504632,0.042093337,0.026585903,0.037595738,0.02124292,0.048425533,0.0312668,0.03189133,0.029904492,0.034042183,2024-04-02 09:05:00
0.022650009,0.061486594,0.027267992,0.030670468,0.036479633,0.019346189,0.018651433,0.021422027,0.018557735,0.066190936,0.030306969,0.033968132,0.035706703,0.009160005,0.028599193,0.01649127,0.04190464,0.039416563,0.042361476,0.03632713,0.030923193,0.038458012,0.022449477,0.06583728,0.03209206,0.034585886,0.023086453,0.04364111,2024-04-02 09:06:00
0.02021275,0.046774685,0.03300459,0.029219817,0.029019328,0.019564861,0.10598568,0.022941457,0.017766563,0.06512596,0.029206378,0.03621137,0.030647777,0.02598999,0.035921127,0.018681923,0.042577337,0.03463041,0.04180741,0.038616758,0.03714123,0.037062652,0.023872292,0.07173269,0.026397355,0.03382436,0.052312836,0.043521583,2024-04-02 09:07:00
0.020493302,0.034825154,0.022471499,0.0404489,0.030072378,,,0.022042269,0.038779207,0.071706906,0.034654018,0.0254135,0.037379827,0.01942988,0.025155755,0.03199961,0.044305414,0.038193353,0.039204065,0.044771306,0.027001852,0.037010364,0.027778806,0.06081071,0.021076169,0.031374585,0.02073126,0.029273214,2024-04-02 09:08:00
0.017152032,0.051243227,0.03509553,0.050912164,0.017462723,0.043813817,0.02634872,0.017818697,0.035072796,0.06252473,0.032021467,0.040663235,0.04006392,0.03562731,0.04380517,0.017583217,0.042092968,0.02583419,0.041986674,0.038393434,0.027450597,0.03581213,0.03138606,0.036269818,0.025232315,0.032748774,0.02598104,0.025246589,2024-04-02 09:09:00
0.0265904,0.022893371,0.03199144,0.016612813,0.022915812,,,0.016168658,0.020969186,0.066762365,0.03169315,0.046815157,0.035509337,0.013774582,0.05008189,0.022984305,0.04422332,0.033306785,0.044517834,0.07374201,0.030802034,0.03488169,0.034592953,0.05496111,0.026124759,0.026665341,0.0193295,0.035269402,2024-04-02 09:10:00
0.027060514,0.022315394,0.029611232,0.022907633,0.030387681,0.0135431755,0.029911648,0.026972871,0.027250538,0.07327403,0.042109262,0.030800115,0.03919994,0.019885946,0.040494595,0.018055877,0.043193422,0.0410216,0.041346956,0.043247566,0.031471413,0.038621098,0.027634792,0.054854296,0.03910235,0.03521875,0.027133835,0.038820155,2024-04-02 09:11:00
0.038925655,0.03152316,0.02613906,0.016638085,0.031683147,0.023090297,0.14306842,0.009846223,0.018213274,0.06607504,0.044726625,0.041446965,0.037859596,0.01813809,0.026525818,0.011731733,0.04340248,0.025432145,0.033208262,0.03691562,0.029815527,0.034603324,0.019426774,0.0627261,0.022727996,0.025715308,0.026767164,0.042466126,2024-04-02 09:12:00
0.023652324,0.031254694,0.034799382,0.04158612,0.030084508,0.034781832,,0.01979376,0.02286768,0.06775292,0.034822192,0.028422818,0.04057739,0.015009709,0.026006943,0.016077029,0.050228298,0.033471752,0.036950924,0.044926133,0.14634673,0.040801886,0.011669375,0.05781519,0.03569016,0.03264,0.032308765,0.048880912,2024-04-02 09:13:00
0.02428443,0.031058747,0.032790136,0.029757475,0.033397373,,0.0193689,0.020182421,0.020163603,0.06486091,0.042732403,0.029816063,0.03387888,0.018076053,0.05611038,0.025159815,0.0498362,0.037442725,0.04057656,0.073328115,0.023965284,0.033896096,0.022286333,0.060190015,0.030892096,0.028251484,0.0260955,0.039783154,2024-04-02 09:14:00
0.026485803,0.042806335,0.034747735,0.017924936,0.020337766,0.018729394,0.02528375,0.025094891,0.02032451,0.06790799,0.03158814,0.03450126,0.03588251,0.023915885,0.025261866,0.017803513,0.05196727,0.029958067,0.030632367,0.036703702,0.034955706,0.037762493,0.031593896,0.06273912,0.02528068,0.034461427,0.02567935,0.040084466,2024-04-02 09:15:00
0.0195883,0.045116976,0.030016143,0.020922447,0.028241731,0.020774515,0.017096635,0.025666406,0.02682741,0.07358838,0.0427031,0.05349483,0.042055964,0.020075334,0.04122592,0.12645574,0.053441912,0.033610217,0.038069244,0.045368284,0.02905662,0.04621553,0.022443937,0.07329013,0.03163468,0.025622005,0.027522234,0.040593445,2024-04-02 09:16:00
0.033984326,0.036694665,0.021795277,0.018868815,0.026571816,,,0.021168867,0.024985231,0.063042216,0.033874366,0.029345743,0.03521504,0.015866347,0.027693659,0.020116156,0.052196357,0.02615129,0.03831159,0.036697082,0.02695487,0.043748822,0.021404441,0.067859426,0.030184206,0.028340876,0.022163281,0.036801226,2024-04-02 09:17:00
0.024742061,0.06210373,0.029565962,0.014930627,0.04192858,0.023638388,0.022715952,0.02306778,0.03033015,0.06151539,0.043321062,0.03370833,0.0322101,0.0123787355,0.039612684,0.024139218,0.060123928,0.035197414,0.04086548,0.041575417,0.025745494,0.04725669,0.012491606,0.06736317,0.024767263,0.02722799,0.02708073,0.04463268,2024-04-02 09:18:00
0.025484147,0.04339158,0.030814774,0.012096594,0.032425687,0.019733284,0.02617717,0.016192298,0.019304363,0.05341905,0.040163018,0.03240685,0.02186924,0.018795285,0.041112933,0.013284407,0.060959682,0.022597943,0.04151295,0.03612127,0.028643264,0.044255044,0.023402026,0.058429807,0.028712183,0.03512097,0.024694216,0.034049723,2024-04-02 09:19:00
0.019459903,0.036586624,0.035777014,0.033960167,0.028078359,0.029303627,0.023490222,0.0290382,0.021120913,0.069904946,0.032464992,0.030853016,0.042448413,0.026533274,0.020486182,0.018545797,0.06040293,0.035482783,0.03634517,0.05997025,0.13826598,0.054064132,0.027842207,0.05400923,0.037455685,0.031222602,0.028858077,0.039299153,2024-04-02 09:20:00
0.019785358,0.038718645,0.034025244,0.034613818,0.030008465,0.018024895,0.023591748,0.022163013,0.014891587,0.063792706,0.047823265,0.03548438,0.028626284,0.017467795,0.027792694,0.039798632,0.06225339,0.030590644,0.038459536,0.08306082,0.028662546,0.04265319,0.030452441,0.06651768,0.03440757,0.029167596,0.023224745,0.04918721,2024-04-02 09:21:00
0.0268463,0.046161056,0.035119526,0.038382452,0.018705145,0.02088742,0.02168943,0.017730404,0.02050267,0.043453455,0.03973698,0.03941574,0.052956104,0.033767257,0.023545157,0.02130793,0.059600953,0.03595037,0.026924074,0.049002808,0.036617972,0.043854874,0.025106568,0.06042869,0.02519647,0.025979282,0.03898144,0.039726995,2024-04-02 09:22:00
0.019960493,0.043813836,0.037830915,0.016845986,0.07229852,0.018577322,0.01873499,0.026202746,0.033297412,0.059906352,0.038755707,0.02844844,0.034271844,0.01845818,0.021669874,0.019234369,0.062339004,0.03943619,0.05091693,0.03892775,0.030396737,0.043057613,0.022683732,0.061951205,0.020880707,0.02282064,0.025620837,0.12891887,2024-04-02 09:23:00
0.111940816,0.02184706,0.03896745,0.031347007,0.02646929,,,0.022589806,0.02232835,0.058136605,0.044010308,0.037059993,0.029182995,0.03660818,0.024281979,0.031066941,0.06115338,0.071221344,0.02454315,0.041810192,0.023889536,0.04332358,0.014938499,0.054992817,0.032165274,0.036580935,0.03482888,0.04047023,2024-04-02 09:24:00
0.029998003,0.029507268,0.038859915,0.018177826,0.015540153,0.018359214,0.02070545,0.019340457,0.024007175,0.05732957,0.041437406,0.028778285,0.0331558,0.019265674,0.038910333,0.018847622,0.061150506,0.022155998,0.033321433,0.045234665,0.04023366,0.044311907,0.0350643,0.031541023,0.034057397,0.021951532,0.021315193,0.040647723,2024-04-02 09:25:00
0.01774697,0.03903492,0.035423048,0.018180441,0.020549493,0.037959192,0.02094001,0.01739776,0.03206368,0.055452682,0.03923111,0.03840674,0.03700513,0.027488796,0.0469189,0.036871035,0.06185759,0.027385443,0.041629158,0.045923326,0.029518506,0.043046508,0.020579556,0.06226044,0.023283346,0.030415328,0.022960395,0.06417982,2024-04-02 09:26:00
0.034516107,0.04968144,0.039095562,0.020778282,0.025666723,0.023301931,0.02739234,0.020065047,0.02220154,0.05791608,0.043697402,0.031231083,0.04538116,0.09283635,0.031925503,0.01866893,0.07289129,0.0692577,0.029808667,0.12430474,0.038773403,0.023105493,0.023776012,0.091503166,0.057923764,0.02869301,0.028052203,0.050251383,2024-04-02 09:27:00
0.03359194,0.03920434,0.027411837,0.016349498,0.019083025,0.030434089,0.017925816,0.0146869,0.03518035,0.060056962,0.03859395,0.030937735,0.039646786,0.03071856,0.024450436,0.028673729,0.091730304,0.02683363,0.037322335,0.044799242,0.03929869,0.04458773,0.040682383,0.0774881,0.04442343,0.038130075,0.023983533,0.036361236,2024-04-02 09:28:00
0.03329957,0.038372926,0.029249106,0.018334048,0.050141096,,,0.02870716,0.026016489,0.053293858,0.03773888,0.030286105,0.01456429,0.0145449815,0.023242032,0.031888034,0.07163455,0.03842291,0.045157373,0.04494441,0.02769864,0.042904314,0.019035686,0.073916726,0.034472674,0.03327284,0.017875558,0.045850422,2024-04-02 09:29:00
0.027654586,0.044546884,0.034428928,0.016418215,0.021150216,0.02909378,0.03426859,0.020001769,0.021373643,0.047682527,0.036194235,0.046918105,0.023049368,0.025138779,0.020186206,0.013970052,0.0511958,0.03588316,0.030964458,0.03826493,0.028748099,0.11749581,0.033113588,0.07137061,0.025265127,0.03797065,0.0265151,0.039839696,2024-04-02 09:30:00
0.03365049,0.03513656,0.036008023,0.029850595,0.02801986,,,0.020870037,0.02417007,0.05215944,0.021824952,0.028613487,0.03627394,0.021623341,0.040854745,0.02327023,0.022333125,0.036057584,0.03224069,0.043988783,0.027749166,0.044999633,0.037685286,0.06963376,0.020190628,0.03347249,0.05551542,0.04839361,2024-04-02 09:31:00
0.032272656,0.0216907,0.028469129,0.017711973,0.035368364,0.021608843,0.024924176,0.023051312,0.02460128,0.05195629,0.037915252,0.04266628,0.034800407,0.035156105,0.038252775,0.029947633,0.028942939,0.039293084,0.044026487,0.043624055,0.033295535,0.043942858,0.02963139,0.07548238,0.037554003,0.02536642,0.07500988,0.048786532,2024-04-02 09:32:00
0.03103103,0.044815686,0.023968609,0.039928526,0.023305623,0.01724576,0.024180599,0.019707678,0.030730864,0.057654526,0.03651324,0.032705285,0.039218325,0.016907558,0.01977744,0.046296842,0.03517953,0.04703465,0.04380666,0.08266739,0.029871894,0.046670157,0.031925272,0.04970091,0.024132386,0.024001442,0.03702759,0.03822561,2024-04-02 09:33:00
0.02807007,0.04330231,0.033571906,0.03129361,0.03830245,,0.02496338,0.024128508,0.017775424,0.06071291,0.030760968,0.031066608,0.037541237,0.021191675,0.03767184,0.02159374,0.024610449,0.03715248,0.054750916,0.03767016,0.028185697,0.04068841,0.020693505,0.0717802,0.019729473,0.029566156,0.023652373,0.042434733,2024-04-02 09:34:00
0.02887043,0.028115688,0.026220381,0.018748064,0.041288722,0.017874584,0.023261623,0.023858985,0.022889132,0.058029946,0.02690651,0.024985623,0.040106192,0.012019168,0.023971437,0.022998765,0.023079567,0.02539432,0.046376914,0.047947805,0.027698379,0.04661224,0.030743819,0.07051931,0.021791434,0.034741975,0.02911379,0.048056,2024-04-02 09:35:00
0.024062723,0.04374915,0.03743266,0.023290258,0.032619935,,0.015977427,0.018788371,0.018942518,0.058726534,0.04426271,0.051099516,0.036045425,0.022494713,0.027977712,0.020824114,0.024092564,0.042950764,0.04263775,0.037849728,0.03589523,0.04381237,0.027107522,0.08291057,0.040837068,0.026857473,0.031009136,0.02762145,2024-04-02 09:36:00
0.027656674,0.026470829,0.028826158,0.014069354,0.02975417,0.037755985,0.017966712,0.034114834,0.025544344,0.06798147,0.040490378,0.053309646,0.029310852,0.021937957,0.01989049,0.015709238,0.019584404,0.047979906,0.03326154,0.042115748,0.038223285,0.043504547,0.061009932,0.07096171,0.020020468,0.039425485,0.0289155,0.03877556,2024-04-02 09:37:00
0.026100112,0.040401362,0.026822334,0.02163418,0.025947908,0.02039765,,0.028194718,0.018982887,0.052582745,0.044094425,0.046976205,0.029215937,0.02520378,0.022734754,0.017776847,0.02238106,0.030201579,0.028046617,0.04688826,0.2267939,0.041514426,0.026844632,0.09461278,0.03247389,0.026188225,0.02167437,0.039886158,2024-04-02 09:38:00
0.03567485,0.036776878,0.028915651,0.16127625,0.020881686,,0.028566044,0.020945074,0.023388986,0.064232916,0.038971595,0.027674107,0.034954287,0.018418325,0.027671495,0.022305321,0.030885074,0.040884025,0.04237645,0.035825465,0.029824974,0.048974775,0.013621966,0.069020055,0.0167277,0.037049618,0.021792382,0.04498564,2024-04-02 09:39:00
0.030894667,0.037272625,0.030818041,0.02612589,0.015550637,0.021329777,0.017957445,0.03480122,0.024296539,0.06200532,0.020114625,0.041883625,0.03291145,0.031124866,0.035805497,0.012326428,0.027201498,0.03372,0.053551383,0.040052105,0.02832156,0.046197947,0.02058014,0.0631917,0.021742417,0.028051583,0.023658702,0.037556402,2024-04-02 09:40:00
0.029349264,0.03922394,0.028535761,0.042957675,0.032214426,0.022849176,0.026924321,0.022717306,0.0215069,0.049054045,0.04780091,0.04713583,0.033519477,0.020731049,0.035732843,0.026051424,0.033499308,0.039042693,0.055903275,0.045883127,0.030549193,0.047747407,0.028291846,0.06803756,0.021405501,0.039418604,0.018386377,0.034374274,2024-04-02 09:41:00
0.028459981,0.03414552,0.025071643,0.016953066,0.029938174,,0.023227185,0.014598461,0.021696169,0.121605225,0.039138466,0.13153315,0.02358355,0.02792077,0.022318287,0.024640482,0.026417818,0.029014876,0.05021304,0.04491411,0.027072761,0.045557093,0.022214856,0.06844851,0.016610207,0.034515534,0.02574856,0.039846543,2024-04-02 09:42:00
0.025858402,0.029373731,0.024247734,0.020757336,0.027230825,0.021567807,0.023390291,0.019026596,0.025300654,0.059189886,0.040624835,0.028528342,0.04038495,0.024456246,0.051902678,0.025661282,0.028225467,0.044162106,0.051932633,0.041519802,0.029833328,0.045713115,0.027212903,0.07263243,0.018822966,0.022911627,0.02556315,0.04024846,2024-04-02 09:43:00
0.030325826,0.026362043,0.030531986,0.028329102,,,0.022126773,0.01767706,0.028535198,0.0648787,0.0275472,0.03690291,0.031302977,0.021148162,0.02343999,0.023786752,0.031963963,0.021027781,0.04571537,0.044847693,0.029115334,0.047654033,0.017681548,0.07074068,0.021219764,0.037563406,0.03315888,0.04059926,2024-04-02 09:44:00
0.028705599,0.02964099,0.023270763,0.03652262,0.058578085,0.055190098,0.015458453,0.029872991,0.028963434,0.058511093,0.029352533,0.049955107,0.039385293,0.018731026,0.031655468,0.021661457,0.030305643,0.032705475,0.059523355,0.03622835,0.03255932,0.0476135,0.02171576,0.0653078,0.028402735,0.044315655,0.02086937,0.040173814,2024-04-02 09:45:00
0.048191205,0.021732798,0.028562618,0.034030456,0.022581495,0.021283682,0.026484368,,0.029293058,0.05750671,0.033434186,0.029596018,0.032280587,0.039374046,0.023167297,0.023565864,0.028005665,0.021212578,0.044003356,0.036310237,0.028154202,0.046750877,0.011652918,0.07018774,0.02447778,0.028249469,0.02140561,0.04055498,2024-04-02 09:46:00
0.030107584,0.02407174,0.019163018,0.04828031,0.021746421,,,0.022109348,0.020377018,0.05813635,0.04080498,0.04586785,0.030644793,0.0153303305,0.025244344,0.026707198,0.027437218,0.038694214,0.047110576,0.04482097,0.02779712,0.046603233,0.033190493,0.065455,0.0337805,0.032855272,0.023944583,0.04288064,2024-04-02 09:47:00
0.036952954,0.03416113,0.032544788,0.015599399,0.046901174,0.01789987,0.023343505,0.02330477,0.025630897,0.069286615,0.03035323,0.030660326,0.027692655,0.026968542,0.019189516,0.027228728,0.030533344,0.025593262,0.025647957,0.045046024,0.024912598,0.047526147,0.028625928,0.016258005,0.024876598,0.04047384,0.021974636,0.042388216,2024-04-02 09:48:00
0.029901257,0.025361074,0.0251623,0.032464948,0.020786315,,0.026375271,0.021041997,0.020628212,0.05909164,0.038521446,0.05582873,0.024729883,0.021740561,0.018290963,0.023870641,0.03375717,0.039859857,0.036083195,0.045125045,0.028586034,0.048683092,0.029445665,0.026892457,0.029737948,0.027597578,0.056922045,0.042747542,2024-04-02 09:49:00
0.033176314,0.033308443,0.027465768,0.036790222,0.060811743,0.029126348,0.017035265,0.02199497,0.028875062,0.0632013,0.037525695,0.03302318,0.037895247,0.021799417,0.07112532,0.02235963,0.024726618,0.0311299,0.041437175,0.036185537,0.02983553,0.048971523,0.021877863,0.030638881,0.021196513,0.028554536,0.025253821,0.0452453,2024-04-02 09:50:00
0.036621984,0.030429613,0.0326473,0.042573452,0.02828784,,0.028027488,0.022187639,0.020682035,0.057833467,0.037009683,0.035578344,0.034839645,0.023952156,0.02555154,0.02675788,0.036175627,0.025805376,0.038010415,0.04493051,0.031492192,0.053940292,0.02102131,0.01637713,0.025261398,0.030164862,0.023383113,0.036173202,2024-04-02 09:51:00
0.033024542,0.02753336,0.031162648,0.020183316,0.015586933,0.049413946,0.024848094,0.022100477,0.021935845,0.053971104,0.03828128,0.04383501,0.045044318,0.018816914,0.02275255,0.022487015,0.041087784,0.036555238,0.04174989,0.03549587,0.02983691,0.047571115,0.015888074,0.028786588,0.035817448,0.031065935,0.03268146,0.048394486,2024-04-02 09:52:00
0.032684702,0.020330055,0.025856322,0.021790035,0.019714905,0.012537826,0.02644751,0.030029159,0.02217694,0.058027364,0.03890144,0.03349594,0.038270164,0.023515979,0.021287534,0.0212928,0.038157426,0.023857046,0.06460565,0.036938354,0.034657992,0.06596608,0.020894907,0.047280237,0.026148744,0.024259876,0.018227704,0.050579745,2024-04-02 09:53:00
0.031081047,0.032963414,0.022186093,0.018104991,0.028549101,0.020053646,0.024475934,0.024372295,0.024266396,0.050877813,0.036440298,0.037371498,0.02749257,0.019680679,0.029519046,0.029647365,0.03707857,0.031619117,0.044189103,0.03629092,0.028649647,0.045386855,0.030378759,0.024561746,0.029316222,0.04412873,0.039439492,0.044331945,2024-04-02 09:54:00
0.03383005,0.024424251,0.026847083,0.04520935,0.023503974,,0.023210263,0.023276042,0.023217423,0.04974233,0.045297656,0.028697938,0.027702099,0.0251522,0.023583585,0.02079511,0.039425008,0.033823054,0.040683866,0.046657305,0.029536532,0.04544503,0.041422106,0.029991498,0.018051324,0.033540413,0.027559193,0.04068721,2024-04-02 09:55:00
0.028989356,0.019779723,0.023313068,0.036363635,0.025527269,0.02066734,0.14173588,0.036585115,0.021867866,0.048454475,0.029003585,0.044739284,0.037536886,0.018832475,0.021315072,0.020216137,0.03557168,0.04712799,0.04307466,0.035694458,0.02061515,0.04374811,0.04754289,0.021850448,0.020247325,0.03210379,0.025109088,0.05758441,2024-04-02 09:56:00
0.030187862,0.03305412,0.027231257,0.04409312,0.034136046,0.017641608,0.025305985,0.02424801,0.03264271,0.061618105,0.037421755,0.03651274,0.026490226,0.028397873,0.026266742,0.026108107,0.036557227,0.030997436,0.03173666,0.04474019,0.024087967,0.044610344,0.022819957,0.026464425,0.022781825,0.03791443,0.020507079,0.03947102,2024-04-02 09:57:00
0.029633505,0.030925866,0.028291263,0.05240372,0.02578021,0.016200019,0.023889063,0.026894288,0.020450564,0.06787191,0.038190447,0.04454623,0.033101555,0.08196932,0.050827757,0.035277113,0.036912233,0.03413587,0.048257064,0.041394267,0.030729858,0.018144561,0.029387895,0.0321146,0.0139080025,0.024940627,0.036336865,0.04640361,2024-04-02 09:58:00
0.030295674,0.03082287,0.02736652,0.040204428,0.03072945,0.02313977,0.014052681,0.028673215,0.019441867,0.058828067,0.04327588,0.033131782,0.043133203,0.028273782,0.038590614,0.02651979,0.035974536,0.021998292,0.041430194,0.035667066,0.028879799,0.018764872,0.016583024,0.024657138,0.013194219,0.027997578,0.021793656,0.039818242,2024-04-02 09:59:00
0.03326289,0.039041307,0.029123623,0.014067915,0.030459674,0.024316495,0.021788,0.023400078,0.02061146,0.060914434,0.03463743,0.13168481,0.03200592,0.019362574,0.0314098,0.0139955515,0.031065911,0.052360117,0.03766654,0.04264962,0.026775528,0.016225534,0.031254157,0.026339617,0.017944317,0.05379097,0.03704104,0.043564152,2024-04-02 10:00:00
0.0332686,0.024111934,0.029882524,0.017801724,0.029474592,,,0.022800269,0.01778707,0.054605477,0.03382584,0.036235098,0.033389345,0.02739534,0.03649118,0.018671338,0.035984617,0.029581534,0.039612282,0.048292674,0.025743503,0.018775243,0.018529654,0.014855417,0.014821552,0.03305709,0.019150423,0.044685915,2024-04-02 10:01:00
0.03374774,0.027744317,0.036852527,0.021232894,0.02709747,0.0227723,0.026341528,0.037807662,0.021261698,0.045212183,0.20995185,0.0427344,0.034771472,0.024525547,0.023746924,0.021057729,0.042742435,0.023138955,0.04219735,0.04766338,0.031404965,0.026854604,0.023521477,0.035670694,0.02019311,0.029940493,0.022441912,0.036117297,2024-04-02 10:02:00
0.037325077,0.028239354,0.036772665,0.021079203,0.025950741,0.01803353,,0.0190268,0.018355971,0.063722804,0.038437545,0.051180348,0.02171043,0.025957165,0.036471292,0.02574453,0.043581277,0.028344164,0.045929536,0.04641416,0.031413604,0.015947055,0.021581398,0.014544109,0.017710738,0.03719894,0.023462547,0.0426445,2024-04-02 10:03:00
0.035471722,0.037375346,0.0265942,0.01578438,,,0.024565421,0.03953189,0.015556663,0.058608625,0.033657815,0.02261228,0.032086156,0.018255912,0.030815115,0.01840608,0.045088895,0.036655575,0.056194145,0.04488595,0.036681052,0.018329993,0.045133933,0.048599236,0.013422607,0.027293494,0.02597078,0.03825741,2024-04-02 10:04:00
0.032951046,0.035838384,0.03376286,0.01585615,0.013783459,0.028807793,0.028784664,0.03004039,0.014104875,0.059529364,0.03489368,0.036049806,0.03458336,0.016283505,0.022355542,0.023931425,0.044353325,0.03617312,0.051292546,0.042554975,0.029467998,0.0185298,0.017338347,0.03448915,0.011928995,0.028211545,0.021972746,0.04387734,2024-04-02 10:05:00
0.024899496,0.033661492,0.045220677,0.022856312,0.034291487,,0.02658499,0.033655435,0.020930497,0.05238829,0.0366776,0.04040971,0.027506258,0.017589128,0.044731848,0.017432546,0.0432096,0.041332085,0.049073976,0.057130296,0.031101156,0.02959515,0.033079345,0.025514016,0.02255456,0.026825082,0.050819393,0.03154196,2024-04-02 10:06:00
0.028481768,0.023995623,0.033585753,0.017290533,0.033477478,0.013881245,0.02597175,0.021333389,0.036232963,0.062485125,0.043008827,0.040968537,0.036037114,0.012722275,0.030686827,0.016798398,0.044408925,0.02197961,0.05290339,0.07456891,0.032569125,0.05952558,0.011634594,0.026628913,0.0148390755,0.03373309,0.026675738,0.058509234,2024-04-02 10:07:00
0.037668955,0.029640693,0.037316848,0.021756759,0.025276331,0.018378133,,0.023876818,0.0190609,0.04933723,0.036218826,0.03880287,0.028678952,0.020360302,0.034924768,0.01843908,0.051285304,0.040419985,0.05008022,0.11068262,0.02663602,0.020385934,0.028184338,0.025803294,0.018075526,0.03535304,0.02331998,0.051220816,2024-04-02 10:08:00
0.028092243,0.028714886,0.034023356,0.023551295,0.019599421,,0.013015029,0.021629903,0.02172155,0.06719925,0.03163198,0.041081857,0.03762991,0.027235594,0.02657311,0.026971478,0.06168951,0.039383024,0.035072304,0.052622616,0.027573902,0.019382834,0.025235126,0.0517165,0.04507414,0.028840546,0.021286746,0.042200945,2024-04-02 10:09:00
0.04567118,0.026159292,0.03169747,0.02083604,0.028244166,0.016605562,0.016657203,0.047541432,0.023081828,0.05750687,0.04083337,0.053395715,0.04212599,0.023998205,0.035268757,0.019611549,0.05678645,0.040278967,0.049554303,0.044999804,0.029114325,0.020730095,0.022571836,0.027429013,0.038311765,0.028026434,0.025106603,0.035840265,2024-04-02 10:10:00
0.027901182,0.029423056,0.047176562,0.17410465,0.032582965,,0.2524758,0.029411132,0.022623263,0.060259335,0.044324033,0.040992133,0.030016486,0.021994177,0.02313414,0.02437709,0.051339727,0.02755855,0.048594832,0.045059167,0.026715007,0.018424634,0.021292966,0.017576179,0.015975438,0.032171067,0.023474619,0.04088458,2024-04-02 10:11:00
0.03253487,0.028635003,0.034336645,0.022350205,0.023173228,0.016689967,0.019083418,0.019972917,0.031195903,0.0509988,0.040555254,0.033315577,0.026591027,0.026412612,0.034812424,0.027755916,0.051227078,0.031725507,0.033293556,0.062177625,0.02904079,0.015570164,0.024875494,0.04228812,0.019782929,0.02810547,0.024642987,0.03682089,2024-04-02 10:12:00
0.0355794,0.025316564,0.036919463,0.051451724,0.028251875,,,0.023134531,0.023362532,0.05862068,0.041507676,0.04787941,0.020371383,0.024548357,0.02393211,0.021769302,0.04853599,0.034216125,0.050174635,0.038417254,0.028173653,0.0245281,0.024394961,0.017926687,0.018246537,0.03305976,0.051347297,0.034422595,2024-04-02 10:13:00
0.043634973,0.03492509,0.03181684,0.034203157,0.03062424,0.018877018,0.019835003,0.025956731,0.033481106,0.06434931,0.045088917,0.019059034,0.028645009,0.020181557,0.02970717,0.01938602,0.049706466,0.02414945,0.042212203,0.04385322,0.025920147,0.018816335,0.034056816,0.029865475,0.020899205,0.03744714,0.02220577,0.043509923,2024-04-02 10:14:00
0.066771664,0.03062874,0.031342134,0.052836083,0.023121472,0.014785467,0.023101483,0.031199956,0.013389599,0.058275137,0.03497518,0.027568728,0.042966377,0.02525738,0.031818304,0.029395236,0.052937742,0.032579236,0.053143658,0.06743571,0.028365675,0.025795434,0.026964502,0.026109535,0.01724158,0.028373126,0.027358556,0.04076296,2024-04-02 10:15:00
0.035701763,0.029764378,0.043791916,0.030426638,0.03527126,0.01233558,0.022533976,0.030782338,0.034868546,0.066237964,0.035448126,0.039224986,0.030379275,0.02265572,0.024413206,0.025117636,0.06816983,0.0338868,0.052350115,0.044792127,0.027146164,0.019887425,0.025480878,0.020306557,0.01762649,0.02782179,0.02363109,0.03593058,2024-04-02 10:16:00
0.043980863,0.02325638,0.028288482,0.03809298,0.034109894,0.015352401,0.02119568,0.03270897,0.024505444,0.06405169,0.03982535,0.03465943,0.05461185,0.03029236,0.034361776,0.022206735,0.036609534,0.03676887,0.038493317,0.051546223,0.03532532,0.02057647,0.033078473,0.04583521,0.018392218,0.027840214,0.024039559,0.034786597,2024-04-02 10:17:00
0.02288425,0.02045175,0.032394804,0.04164031,0.03714634,,,0.02685908,0.02540093,0.05006065,0.032225464,0.031693738,0.025398152,0.020617632,0.042674895,0.027736412,0.032939296,0.037358418,0.053905655,0.03701013,0.031488184,0.02177947,0.024510503,0.023587013,0.043259587,0.04696857,0.024739228,0.033311017,2024-04-02 10:18:00
0.03180218,0.02121466,0.035129126,0.044336293,0.033522036,0.021729328,0.029643698,0.024703663,0.022921383,0.0676729,0.041064598,0.029421097,0.024911027,0.026664337,0.025385633,0.028742097,0.031344824,0.03668204,0.03704297,0.041507337,0.036497813,0.024535421,0.03735591,0.033486564,0.014601693,0.028470248,0.025873365,0.038776945,2024-04-02 10:19:00
0.017096205,0.025373526,0.030495679,0.020433174,0.027558953,0.014088659,0.02135065,0.15907876,0.02471888,0.05270848,0.02881504,0.036402445,0.029982954,0.021308182,0.023282224,0.04115143,0.031234933,0.034231484,0.05322151,0.038348876,0.027448127,0.029657172,0.029323768,0.03714754,0.027545732,0.026306702,0.026307084,0.044240497,2024-04-02 10:20:00
0.03108879,0.023288662,0.04059228,0.04818883,0.021516452,0.017291354,0.023058,0.035005435,0.019990414,0.05113024,0.029322835,0.038121376,0.045551002,0.019359795,0.041201178,0.016484339,0.035846703,0.040017862,0.04370079,0.03738697,0.031992212,0.09352825,0.0293168,0.054399032,0.014508863,0.031244183,0.026861738,0.032742776,2024-04-02 10:21:00
0.029488927,0.03818871,0.034100763,0.03839345,0.020845369,,,0.023159519,0.025847604,0.05857315,0.035647284,0.044264663,0.04198548,0.023853498,0.048427396,0.020223556,0.044194333,0.043756623,0.045933675,0.045110375,0.026101207,0.019195417,0.027357994,0.045379013,0.016570687,0.029430015,0.024992414,0.034080204,2024-04-02 10:22:00
0.04041462,0.033534955,0.027834252,0.04635923,0.012636247,0.023309924,0.024978897,0.029851614,0.023670696,0.057356324,0.04107369,0.0536667,0.037320796,0.020824932,0.052816696,0.01997211,0.030451082,0.030110681,0.040061437,0.044887725,0.032463714,0.021704921,0.01849598,0.015325877,0.022431096,0.032112233,0.024392148,0.040173963,2024-04-02 10:23:00
0.119443916,0.032671805,0.027102923,0.02326928,0.018884089,,0.060198065,0.021377627,0.022148928,0.051966056,0.034162015,0.039060175,0.0334653,0.02108834,0.028529486,0.027289988,0.03511078,0.03319206,0.04541266,0.04046914,0.033671957,0.01826566,0.028369991,0.020550076,0.008906408,0.035857283,0.03550528,0.03999212,2024-04-02 10:24:00
0.027465103,0.064937904,0.02818791,0.045468986,0.027528198,0.024735875,0.019692825,0.020742254,0.025135957,0.05097362,0.03108847,0.040587958,0.028062614,0.025351236,0.050814632,0.024669671,0.03732214,0.02885732,0.029183716,0.041266542,0.027325232,0.01688004,0.02564187,0.013640132,0.011247605,0.028717298,0.020685539,0.039143376,2024-04-02 10:25:00
0.030865014,0.02808396,0.027646314,0.019193871,0.020799065,0.024400039,0.036487635,0.03307703,0.022861803,0.06475617,0.04023919,0.034148097,0.03533199,0.017194817,0.036933027,0.023167279,0.031433094,0.029001744,0.053822175,0.040659614,0.03116584,0.019718671,0.024812624,0.023357224,0.015260511,0.051924724,0.02372422,0.041705176,2024-04-02 10:26:00
0.065372445,0.021026177,0.028631262,0.06334043,0.020590529,0.090753004,0.026562043,0.02794439,0.024191625,0.06478488,0.031568993,0.05344832,0.03461143,0.02327374,0.031428386,0.017611604,0.03135239,0.03809176,0.044256777,0.03653389,0.10039895,0.016661024,0.041243907,0.022748264,0.017815726,0.026822945,0.02058589,0.04388136,2024-04-02 10:27:00
0.021125097,0.03332688,0.030784577,0.03409128,0.027277453,,0.026949203,0.024245983,0.025110865,0.04553774,0.03804297,0.028982703,0.04064817,0.02078683,0.032557335,0.039623752,0.034343746,0.036941517,0.04942468,0.07226448,0.026729506,0.03129476,0.025411025,0.060292076,0.024957731,0.027286248,0.029178455,0.04227618,2024-04-02 10:28:00
0.03311151,0.03502347,0.019847,0.02546297,0.024888882,0.03145628,0.033176206,0.022612613,0.03714228,0.05601199,0.030406497,0.043378096,0.03755767,0.01988719,0.02704262,0.019543814,0.040159788,0.03334126,0.051099073,0.038811766,0.03460839,0.018483892,0.02320489,0.03322579,0.013902586,0.023481157,0.026075881,0.026145106,2024-04-02 10:29:00
0.025799511,0.023543734,0.03506333,0.043439507,0.030946199,0.022950195,0.018524945,0.019141799,0.027264817,0.06257051,0.03691682,0.029619256,0.04103744,0.021555653,0.022799404,0.016784742,0.03299303,0.03445332,0.032831185,0.036036782,0.025787536,0.017517708,0.034064386,0.018382087,0.035812013,0.03215537,0.023598649,0.036749166,2024-04-02 10:30:00
0.024818197,0.024511753,0.058022026,0.049566645,0.042638984,,0.025594931,0.025161589,0.020796064,0.068421595,0.03684469,0.04725118,0.037049834,0.019800484,0.03865085,0.02669891,0.03238983,0.023294108,0.042043246,0.045957144,0.0354749,0.018490782,0.030867396,0.033608824,0.022782573,0.038466327,0.022294898,0.046412263,2024-04-02 10:31:00
0.036774043,0.025231624,0.043011524,0.04413705,0.02722709,0.031255573,0.027053118,0.040227998,0.02507933,0.06350377,0.035644595,0.0311259,0.035874955,0.024845917,0.02975234,0.02705154,0.033568457,0.034291666,0.042228777,0.048168696,0.02295681,0.019398026,0.027404936,0.026765125,0.017995832,0.028550675,0.020121051,0.044419706,2024-04-02 10:32:00
0.028515462,0.025717722,0.02975974,0.018620864,0.027022684,,0.03122943,0.035133347,0.024291532,0.056339215,0.03960285,0.025253162,0.031826124,0.02142106,0.04109581,0.02413187,0.032669693,0.029381253,0.05087583,0.03968682,0.028485479,0.0178258,0.029789804,0.021602334,0.026383521,0.03167661,0.022279093,0.044347893,2024-04-02 10:33:00
0.024425916,0.029416578,0.029722381,0.018683678,0.020982277,0.028523408,0.02136542,0.02657166,0.025350822,0.062436808,0.038767584,0.031679902,0.030846553,0.02740854,0.029708762,0.027475486,0.032064572,0.02091844,0.030306494,0.04475722,0.030658796,0.017539056,0.04960249,0.01951414,0.017877417,0.03264539,0.022217086,0.03350327,2024-04-02 10:34:00
0.027817791,0.026329696,0.028759157,0.019515838,0.024152966,0.02686208,0.023073299,0.03427474,0.021508435,0.05248624,0.039088532,0.023023603,0.03111451,0.021865688,0.038594916,0.018694216,0.032607116,0.025972,0.037473332,0.044939347,0.027742608,0.017459266,0.032820646,0.024156515,0.017860344,0.035181027,0.021826616,0.039207023,2024-04-02 10:35:00
0.024113324,0.03657851,0.032885764,0.042246193,0.020790936,,0.017240189,0.024642281,0.027523478,0.07453105,0.033880167,0.03102906,0.033840805,0.038491633,0.06658791,0.01931442,0.03567825,0.03391182,0.052764665,0.045135222,0.029325565,0.02043508,0.022077851,0.014333016,0.023615645,0.036054265,0.022886109,0.041431658,2024-04-02 10:36:00
0.03210961,0.026004225,0.033335045,0.024731297,,0.022286842,0.026184686,0.038346272,0.029168924,0.06276314,0.040501907,0.03461099,0.020606661,0.024449069,0.024256099,0.024356203,0.029232403,0.023780186,0.052508537,0.05087072,0.0264247,0.016581666,0.02913924,0.018012201,0.019866833,0.02441999,0.025991827,0.040324815,2024-04-02 10:37:00
0.023525668,0.053645812,0.032988988,0.039842676,0.0209121,0.022647113,0.027777903,0.02778768,0.028674837,0.062374003,0.037644725,0.036582477,0.03393121,0.03572326,0.03354136,0.022531798,0.029850677,0.03251414,0.05409624,0.044849884,0.031907678,0.019083317,0.056419656,0.035695717,0.015303713,0.02907952,0.021548394,0.03635705,2024-04-02 10:38:00
0.01894366,0.052206572,0.024239378,0.0395032,0.026721546,,0.09524107,0.022344854,0.02675447,0.06351329,0.037561562,0.055771384,0.037781805,0.025167992,0.024505543,0.017884882,0.032250132,0.024080189,0.05626919,0.036683854,0.030542975,0.021063033,0.025859863,0.026123332,0.018276097,0.038330358,0.02442092,0.030044278,2024-04-02 10:39:00
0.019853558,0.03161292,0.029415162,0.022313643,0.02720845,0.04093251,0.028312908,0.03198541,0.02594011,0.061050184,0.037801933,0.033221655,0.030149108,0.020249462,0.030776007,0.010554916,0.029368699,0.034430996,0.058239102,0.036692802,0.027633823,0.017998116,0.024354588,0.032532778,0.0122121805,0.03258151,0.027959164,0.028168835,2024-04-02 10:40:00
0.023488928,0.03183336,0.021079566,0.023842013,0.028084937,0.024930697,0.035034075,0.027367245,0.023431733,0.048551377,0.04288968,0.030056147,0.030970464,0.11258759,0.03698619,0.016022712,0.030095696,0.038323026,0.049614847,0.03676191,0.02668575,0.015219743,0.031274848,0.016943473,0.016503528,0.033780307,0.027859256,0.043258954,2024-04-02 10:41:00
0.02629826,0.026059456,0.028946824,0.042315878,0.021049416,0.024141831,0.023709904,0.026799353,0.02792582,0.06396282,0.03590056,0.026544426,0.039167803,0.033756156,0.06608558,0.01579908,0.03890224,0.026231173,0.03889161,0.037471347,0.03468177,0.024541344,0.031037955,0.028435944,0.019222042,0.029160617,0.02057819,0.043815807,2024-04-02 10:42:00
0.02273795,0.03319562,0.0289226,0.025807567,0.021944134,0.0201587,0.026960393,0.025275353,0.023972055,0.06002649,0.034065947,0.022226522,0.042517945,0.11867892,0.04371529,0.018302774,0.03406139,0.03598406,0.041766036,0.03956049,0.035191093,0.025874818,0.032889836,0.021020295,0.049884632,0.029477915,0.06417838,0.04310158,2024-04-02 10:43:00
0.019982798,0.02925208,0.028367251,0.021064794,0.01591367,0.01823549,0.027426323,0.027021617,0.026372792,0.052998465,0.03675935,0.035071895,0.040141888,0.020424886,0.054331705,0.033825032,0.028704789,0.023072846,0.039361723,0.036763273,0.0349418,0.018906329,0.029339012,0.027077088,0.022147955,0.027047133,0.021916848,0.041065443,2024-04-02 10:44:00
0.02064475,0.028762866,0.024167528,,,,0.025216814,0.029514866,0.027506378,0.067875855,0.036467697,0.024089226,0.031206565,0.014492465,0.023816958,0.030486386,0.03470711,0.035480473,0.042183608,0.04475836,0.11246855,0.019023348,0.048883744,0.019623954,0.020436645,0.02502285,0.018879257,0.04235887,2024-04-02 10:45:00
0.029230844,0.027729666,0.026995488,0.026102083,0.02850136,0.024547277,0.021074662,0.027226584,0.021378385,0.068032876,0.044998858,0.03324035,0.027635679,0.008253382,0.030122625,0.025202017,0.03765261,0.02965887,0.051620748,0.042412475,0.035171393,0.017392648,0.044193994,0.025060281,0.018244555,0.034863558,0.022285447,0.036658857,2024-04-02 10:46:00
0.019917835,0.030291628,0.03219643,0.06060506,0.014665281,0.025086666,0.021697331,0.019856667,0.022712711,0.04801141,0.030765316,0.0290563,0.037428048,0.020881083,0.041091673,0.019692043,0.04317327,0.030016234,0.026437402,0.03895577,0.03339896,0.029376132,0.018560342,0.028696606,0.026295513,0.040677313,0.03561878,0.058587093,2024-04-02 10:47:00
0.03151369,0.038462155,0.028966034,0.039137155,,0.0276599,0.017023439,0.022435356,0.023682127,0.06380199,0.032732084,0.028629422,0.024759214,0.02347292,0.020791704,0.02518932,0.044415373,0.026435254,0.049291603,0.045113135,0.027504576,0.01796175,0.022756603,0.034194604,0.015901102,0.034372278,0.018142035,0.0366557,2024-04-02 10:48:00
0.024540385,0.03766346,0.024816183,0.054709177,0.020945016,0.023549724,0.026988367,0.03242129,0.024748307,0.056096733,0.033716757,0.01678726,0.03027795,0.019785073,0.021476384,0.023432337,0.041656666,0.023526624,0.046833105,0.035661917,0.024403466,0.014225939,0.01959919,0.021859765,0.01611825,0.027469138,0.023025716,0.03662918,2024-04-02 10:49:00
0.017919272,0.031721022,0.038218394,0.059262466,0.032691937,0.024850145,0.02306238,0.025264258,0.023701595,0.049016412,0.034778636,0.02413651,0.023136346,0.028277846,0.029514661,0.026987443,0.03811141,0.032880623,0.031523507,0.04357244,0.035612628,0.020851528,0.024065666,0.038580075,0.015632981,0.036858547,0.023121085,0.050092503,2024-04-02 10:50:00
0.023286274,0.02912053,0.026854955,0.037605092,,0.028660346,0.018035643,0.043101307,0.027578384,0.04984751,0.040469877,0.034765635,0.025664035,0.025873663,0.020686632,0.021331798,0.050198697,0.031025903,0.040567666,0.044861443,0.03494763,0.019418156,0.04662108,0.027277017,0.04036917,0.036306314,0.02509747,0.05140005,2024-04-02 10:51:00
0.024944138,0.029074162,0.020104475,0.044377085,0.020040542,0.028153468,0.017875392,0.031235237,0.022436894,0.067587405,0.04389934,0.032194134,0.049610518,0.03381954,0.020153034,0.020904897,0.041668966,0.03536372,0.027659262,0.050701905,0.026490754,0.015084079,0.027148038,0.016118027,0.018018229,0.03412382,0.023946855,0.046086986,2024-04-02 10:52:00
0.022613995,0.029738417,0.03156894,0.049212206,0.01869141,0.024801265,0.03371706,0.037835713,0.026069358,0.056164443,0.044010192,0.034245744,0.037706114,0.01998568,0.021614999,0.02738735,0.039207384,0.03829696,0.03535027,0.039047327,0.018776845,0.024899013,0.025122568,0.06062899,0.016165305,0.035088196,0.05348118,0.039469022,2024-04-02 10:53:00
0.030527217,0.038191702,0.084626384,0.04936477,0.028697588,0.026793087,0.024131969,0.028444478,0.031690072,0.056389984,0.04103844,0.035498388,0.035895325,0.008249878,0.027168714,0.02565991,0.038236246,0.029110301,0.053392954,0.036341336,0.029616619,0.018130649,0.02634497,0.021600919,0.012842688,0.035335314,0.020917904,0.046121158,2024-04-02 10:54:00
0.02432442,0.030781878,0.030945286,0.05292165,0.03348804,0.029624049,0.024623817,0.0360299,0.031531475,0.06308964,0.0391416,0.03514062,0.0611976,0.024814688,0.03335011,0.03833108,0.03423402,0.03180528,0.039574802,0.03729871,0.028027615,0.022870922,0.030615296,0.022954278,0.017893607,0.033751886,0.020391027,0.04535916,2024-04-02 10:55:00
0.02346193,0.02817394,0.028460013,0.04359577,,0.024740705,0.020344516,0.025579957,0.024191465,0.059606634,0.03852845,0.030759763,0.030802598,0.011017703,0.037011374,0.01827246,0.03930998,0.025477171,0.03223223,0.045389444,0.027840618,0.016498458,0.023995515,0.04596408,0.011778611,0.034909215,0.026248883,0.042715013,2024-04-02 10:56:00
0.027620103,0.03432204,0.03752241,0.020245152,0.024113992,0.02393535,0.019866712,0.031046607,0.027335098,0.0664987,0.04408245,0.024739306,0.038081672,0.0067599206,0.020347467,0.021743624,0.04012704,0.024302661,0.028602103,0.04648832,0.026693355,0.027930241,0.025047215,0.020412253,0.01266046,0.03316497,0.017777886,0.047174647,2024-04-02 10:57:00
0.026786383,0.03160724,0.047120564,0.050549384,0.028317118,0.037424628,0.022952547,0.042807743,0.026525397,0.06351299,0.04543284,0.026657388,0.026010687,0.024774404,0.01898772,0.026234973,0.04025971,0.034981187,0.058488768,0.044487335,0.025392745,0.033900432,0.022788728,0.042827852,0.012992935,0.03460281,0.02545003,0.048700664,2024-04-02 10:58:00
0.024455145,0.026520234,0.029389389,0.021369768,0.020946195,0.035945147,0.02526045,0.020507235,0.022030791,0.057502557,0.045152973,0.03295334,0.04790113,0.028468987,0.016355174,0.047442865,0.04203794,0.03483099,0.0357143,0.045010842,0.02988976,0.023471544,0.032668315,0.04004695,0.018146373,0.029983835,0.02379519,0.046044607,2024-04-02 10:59:00
0.21092552,0.032753147,0.08011003,0.046373077,0.044360083,0.03740444,0.01702792,0.03707083,0.025016757,0.05040069,0.041890018,0.02940975,0.040577307,0.02406938,0.025190739,0.028421145,0.041243434,0.029290807,0.03169656,0.045003057,0.032176524,0.02510918,0.042372003,0.021177901,0.016551059,0.031888545,0.020726986,0.03414614,2024-04-02 11:00:00
0.02484895,0.03385217,0.037909914,0.04665016,0.023691898,0.031284917,0.021986866,0.020945078,0.027786946,0.06248957,0.042799387,0.031458396,0.04537202,0.023166792,0.028893314,0.024945747,0.073819205,0.03393591,0.0379272,0.03656568,0.034739804,0.020619113,0.03111433,0.03239222,0.018363474,0.03005083,0.032205887,0.041547555,2024-04-02 11:01:00
0.038873654,0.025643088,0.028613763,0.022239577,0.0139122475,,,0.035587806,0.033602525,0.064695366,0.029909832,0.035022225,0.04034009,0.015877375,0.021724861,0.019440256,0.044922713,0.028585356,0.033303257,0.07738624,0.039342128,0.018735705,0.03755396,0.022135945,0.03613155,0.02896642,0.05138578,0.04337139,2024-04-02 11:02:00
0.025268743,0.030958755,0.03132614,0.050284654,0.026935378,0.043389853,0.021040043,0.02233464,0.02344779,0.056437884,0.04887798,0.032758042,0.04097113,0.030694792,0.032932278,0.030535826,0.045305297,0.020377288,0.10238926,0.04560179,0.035220157,0.021828106,0.016925905,0.017333407,0.044455595,0.029120654,0.0214421,0.049899757,2024-04-02 11:03:00
0.026301127,0.03300163,0.023557946,0.04286677,0.033426635,0.027609423,0.0190445,0.03583974,0.023202082,0.055414774,0.0318835,0.042793423,0.040961858,0.026558256,0.028471105,0.022366649,0.044826984,0.037553944,0.04101558,0.036323506,0.028052097,0.02171938,0.024040084,0.022469211,0.010812886,0.03946079,0.025955345,0.05202088,2024-04-02 11:04:00
0.02390634,0.024349688,0.02754623,0.027415305,0.027973874,,,0.024809696,0.027073216,0.06263744,0.029822405,0.03128636,0.045416582,0.018994039,0.034235824,0.028436072,0.04940316,0.025405442,0.038556825,0.037814207,0.030843351,0.020468732,0.017207846,0.01771916,0.030509422,0.02896969,0.025913771,0.14272246,2024-04-02 11:05:00
0.03311294,0.033538915,0.030677224,0.024460398,0.015395071,0.02724863,0.027349876,0.021533262,0.022937262,0.052433323,0.03683448,0.03231643,0.038180582,0.012940807,0.013943896,0.023224983,0.0466285,0.024083957,0.039045345,0.043806564,0.030889604,0.021012025,0.034112763,0.030460622,0.023056878,0.028173022,0.030969176,0.04876146,2024-04-02 11:06:00
0.047464103,0.035482373,0.019267809,0.04717485,0.0124042025,0.024845619,0.09230467,0.024855087,0.05083119,0.062115785,0.028185675,0.022146592,0.038238008,0.03184264,0.02115303,0.01801656,0.047606137,0.027403459,0.042905472,0.054210413,0.031391002,0.022064332,0.04042432,0.02846774,0.014967079,0.028076706,0.021132788,0.039586768,2024-04-02 11:07:00
0.031289905,0.03994694,0.03349432,0.029938577,0.023308363,0.026039077,0.020747792,0.02141553,0.024185887,0.0730532,0.023753624,0.039321553,0.03558248,0.032066844,0.023661116,0.018736761,0.045489054,0.02965453,0.044321567,0.049101587,0.029553771,0.021729331,0.027069965,0.038194887,0.017909393,0.03191363,0.02922524,0.04302845,2024-04-02 11:08:00
0.03214245,0.03733477,0.0342899,0.04724937,0.02261742,0.032247778,0.024877843,0.024428707,0.022289587,0.065005526,0.03800992,0.03474912,0.03194382,0.02561051,0.035675798,0.024191914,0.045566022,0.026310354,0.041695897,0.053186014,0.033903275,0.022821687,0.041980915,0.02207872,0.019208157,0.035690237,0.023781331,0.039952468,2024-04-02 11:09:00
0.027737286,0.03650587,0.02744034,0.042178333,0.023987688,,,0.02875165,0.014616457,0.050302416,0.0400165,0.03847431,0.03647159,0.021232996,0.025828406,0.030905638,0.04358595,0.03151327,0.04831845,0.079440065,0.026393367,0.030058939,0.024501994,0.022205777,0.017339787,0.026932735,0.021709483,0.037733864,2024-04-02 11:10:00
0.025849253,0.026360705,0.029097244,0.058487467,0.0177032,0.027510457,0.018216241,0.020958211,0.024438113,0.0724098,0.02568728,0.033261728,0.039738633,0.028678551,0.043012567,0.01696953,0.04524245,0.026731836,0.050834432,0.043671876,0.030868316,0.022969276,0.016736498,0.021195449,0.014265952,0.027919788,0.022636319,0.05056772,2024-04-02 11:11:00
0.027847681,0.036326557,0.035693403,0.028123954,0.026721012,0.032661356,0.025272164,0.02733287,0.031456474,0.05745781,0.041120794,0.034235574,0.04123845,0.02421268,0.017824313,0.018669989,0.045987844,0.03772802,0.04921206,0.05094873,0.026674842,0.02147063,0.012510755,0.017441008,0.017898737,0.027712677,0.0266933,0.038760465,2024-04-02 11:12:00
0.024337351,0.024220187,0.034346487,0.02182146,0.02173484,,0.027661817,0.033439968,0.035428997,0.057482783,0.031158926,0.03671035,0.037572216,0.029226072,0.018925242,0.026593845,0.043915033,0.02929272,0.0558951,0.045392588,0.03070381,0.025175791,0.03377159,0.025079317,0.022721728,0.033649743,0.04499907,0.03990135,2024-04-02 11:13:00
0.025760276,0.029332265,0.021052692,0.04647543,0.032123595,0.038428396,0.13309631,0.031972304,0.037373804,0.06458294,0.03142406,0.035628017,0.034626298,0.03170134,0.021786444,0.10121691,0.04835803,0.029358087,0.058326434,0.04321256,0.032081272,0.022869376,0.018547624,0.022542616,0.022634672,0.052903414,0.02882604,0.052345876,2024-04-02 11:14:00
0.12174626,0.032287493,0.02698887,0.023871407,0.021368727,0.03358749,0.02109267,0.048505876,0.02486718,0.06328937,0.042405937,0.03210995,0.049487296,0.026160527,0.017458647,0.024347676,0.044325966,0.024708182,0.04462245,0.05186723,0.112151146,0.023024093,0.017507855,0.029283227,0.013739138,0.04279381,0.032921907,0.037589215,2024-04-02 11:15:00
0.027084984,0.025614303,0.037159733,0.03329746,0.014242136,0.06318799,0.021871235,0.018699303,0.030803243,0.049037483,0.028902125,0.039217133,0.043801524,0.029856317,0.0476034,0.029863523,0.05671436,0.025481591,0.055051703,0.08745061,0.032980576,0.038613826,0.02162676,0.041835763,0.017754685,0.03045979,0.022983525,0.051751927,2024-04-02 11:16:00
0.032678615,0.03519411,0.023532886,0.039671883,0.031581648,0.03109321,0.024005394,0.020968754,0.023700207,0.060933642,0.037062995,0.03593831,0.040749554,0.008746942,0.03702274,0.023209728,0.05469135,0.036047444,0.027884552,0.15461351,0.030797224,0.022672677,0.01848474,0.038411178,0.027041163,0.03423691,0.023428852,0.034697723,2024-04-02 11:17:00
0.03140185,0.032237984,0.030391026,0.02181084,0.022337694,,0.022095388,0.02230748,0.05183267,0.05624915,0.039063644,0.03627061,0.0367658,0.02409418,0.027101582,0.018230887,0.056661572,0.026578952,0.05422956,0.06897874,0.038420685,0.027576035,0.015631635,0.03570984,0.021997014,0.026934788,0.025658265,0.03423827,2024-04-02 11:18:00
0.027711472,0.035849016,0.030045446,0.034553733,0.023996534,0.021061886,0.023274245,0.026299514,0.026656732,0.055701498,0.036975406,0.043975983,0.036958016,0.013100167,0.040349133,0.019984936,0.05940907,0.027348273,0.05223702,0.039503936,0.030952528,0.026382469,0.023989376,0.022187153,0.022762265,0.032830816,0.023917947,0.041208528,2024-04-02 11:19:00
0.026324412,0.033229362,0.024717316,0.04870712,0.02951772,0.024818327,0.016618373,0.026287222,0.026157534,0.061272707,0.0355795,0.03354899,0.04068591,0.019963885,0.01434369,0.021711238,0.055410806,0.030946555,0.04647542,0.036276728,0.026070245,0.025858402,0.047466643,0.033525378,0.013883483,0.02978294,0.025884375,0.037972372,2024-04-02 11:20:00
0.02205681,0.035996504,0.024011167,0.041838836,0.018935842,0.03771959,0.025374059,0.020626852,0.025784276,0.048567757,0.038837362,0.039728485,0.05149351,0.025107628,0.040147927,0.029301167,0.05353785,0.030319208,0.043030042,0.055838432,0.031030959,0.030737383,0.035961337,0.022044271,0.017981544,0.052328724,0.026473816,0.043864895,2024-04-02 11:21:00
0.030205917,0.030612914,0.025852261,0.042883415,0.03012083,0.008474874,0.023927514,0.021989612,0.027825423,0.06480713,0.16335122,0.041832916,0.040642794,0.03147169,0.01627845,0.017490106,0.05369581,0.021985432,0.03466808,0.0365474,0.025401538,0.026819535,0.032932527,0.017902344,0.015073093,0.035296872,0.038989373,0.043665044,2024-04-02 11:22:00
0.019950816,0.024292141,0.024826942,,,0.03559873,0.025759218,0.024970314,0.020350715,0.06531532,0.026269568,0.032469165,0.03963176,0.021854611,0.043618232,0.031253837,0.055195097,0.045452606,0.036488988,0.04501295,0.030346395,0.03652355,0.037823427,0.009983147,0.023126435,0.031007048,0.025423827,0.03699541,2024-04-02 11:23:00
0.025793385,0.025977114,0.028253505,0.02772122,0.025391132,0.03072327,0.021474002,0.014608183,0.024284896,0.05577755,0.02720411,0.04419101,0.036349542,0.021980384,0.041795354,0.023305349,0.05408277,0.022413522,0.042780697,0.043596923,0.033417616,0.034861874,0.048664566,0.02102277,0.018470867,0.032676797,0.029503057,0.03760179,2024-04-02 11:24:00
0.018138442,0.02791934,0.02994759,0.014237414,0.018214617,0.018389707,0.03162977,0.03400298,0.022472646,0.056466576,0.050766937,0.027511733,0.03306461,0.02290993,0.049806334,0.025609879,0.05821349,0.019928712,0.08991334,0.044910636,0.030543162,0.026383597,0.021812102,0.019883083,0.016127454,0.032575168,0.024077702,0.050252404,2024-04-02 11:25:00
0.025200797,0.03146426,0.018518088,0.048614148,0.017851055,0.03202068,0.021052957,0.01732827,0.029642897,0.060296528,0.05625206,0.03730945,0.033334907,0.026226591,0.027756559,0.021217784,0.055141985,0.022062968,0.04838907,0.037927948,0.03135292,0.025432484,0.024783535,0.02146128,0.017351791,0.035777144,0.040968668,0.0418365,2024-04-02 11:26:00
0.030606184,0.035473038,0.048656095,0.019655118,0.01599861,0.018503813,0.026361192,0.042601466,0.028493416,0.05499968,0.032681763,0.035973538,0.034363676,0.025063574,0.028551478,0.026033254,0.053417318,0.024387132,0.04420208,0.040040452,0.030731248,0.026889665,0.027803795,0.02777808,0.013179355,0.03214225,0.027178507,0.05064289,2024-04-02 11:27:00
0.030957125,0.027365495,0.025940461,,,,0.03741792,0.012140179,0.025986908,0.055153027,0.052090675,0.031886857,0.041014023,0.017359465,0.017198205,0.025354791,0.055323444,0.02245694,0.027575636,0.04487082,0.02741418,0.032172088,0.032633845,0.013763274,0.02596994,0.03108921,0.025085747,0.039741106,2024-04-02 11:28:00
0.030159289,0.040580258,0.023787435,0.02542709,0.01993423,0.023650177,0.022617491,0.030108655,0.022216579,0.061747868,0.021109015,0.038294934,0.03301933,0.021657314,0.03443155,0.026955897,0.052037016,0.03846711,0.051446345,0.044896174,0.031416837,0.02165131,0.026750447,0.021848366,0.012822849,0.03013858,0.024745258,0.04076994,2024-04-02 11:29:00
0.06430868,0.033256285,0.026552472,0.0204323,0.026523694,0.029057503,0.023935076,0.02281517,0.021356242,0.056105275,0.03454012,0.029223017,0.03109946,0.022778856,0.016053276,0.013130047,0.054764617,0.018078808,0.053631313,0.03660257,0.027735671,0.025966218,0.02296479,0.019589085,0.013858127,0.029061655,0.026617704,0.03891718,2024-04-02 11:30:00
0.030468095,0.02533421,0.031003457,0.02692165,0.016543055,0.025388563,0.01578772,0.023766614,0.05525599,0.04938324,0.038884286,0.03290826,0.034955185,0.027503798,0.032436315,0.049807798,0.05727617,0.02491454,0.039888855,0.04488889,0.028180452,0.030271845,0.03256081,0.015861813,0.013511506,0.03342268,0.033634808,0.04779872,2024-04-02 11:31:00
0.03011466,0.028290205,0.0236314,0.035911705,0.029969754,0.05261699,0.020553952,0.029844744,0.022360073,0.0554115,0.03878777,0.027146699,0.030018458,0.025877628,0.021391094,0.031488076,0.05332983,0.025337469,0.05279791,0.039500035,0.02703982,0.025852665,0.014735478,0.017641818,0.08223819,0.03211846,0.041867852,0.040434923,2024-04-02 11:32:00
0.02258786,0.03463799,0.028237807,0.022723585,0.01351488,0.016987516,0.021557389,0.019597095,0.032493997,0.06013026,0.044629637,0.026988853,0.029718282,0.020729251,0.022087634,0.024029164,0.054153636,0.028878344,0.041717745,0.036203504,0.033108473,0.026280444,0.04781506,0.021491958,0.019045828,0.042772908,0.025835365,0.032279428,2024-04-02 11:33:00
0.027206486,0.027974961,0.11364237,0.02014402,0.015998876,0.020240394,0.02107232,0.020549508,0.04372029,0.055700123,0.035416637,0.02976707,0.026878485,0.024533411,0.036276508,0.020780021,0.05442114,0.026572896,0.041968253,0.045386683,0.019595355,0.026282316,0.026219036,0.020356366,0.014461326,0.026188876,0.027094992,0.038013756,2024-04-02 11:34:00
0.03246741,0.030602798,0.020025121,0.035978172,0.015555708,0.024419542,0.0116295,0.017924083,0.024767548,0.05398852,0.041563828,0.024437767,0.032485362,0.028712686,0.02418672,0.02664743,0.058398023,0.022438355,0.12617384,0.0359898,0.027499544,0.11803263,0.036042243,0.017818075,0.04235545,0.030208927,0.024201125,0.038639043,2024-04-02 11:35:00
0.0234334,0.033124987,0.03484589,0.14660262,0.025315758,0.023538888,0.028891632,0.03322791,0.01957397,0.061086297,0.038153403,0.039705936,0.028678128,0.018746618,0.018715074,0.0212435,0.066523,0.023671435,0.05154934,0.036310077,0.031752508,0.025049098,0.022283155,0.01843483,0.022768524,0.035077877,0.018321142,0.021122698,2024-04-02 11:36:00
0.02330194,0.033304095,0.03022241,0.02270647,,0.02472066,0.023253942,0.027146522,0.029474188,0.05759667,0.040367533,0.04239592,0.03347398,0.025832016,0.02420989,0.02347663,0.051847942,0.13119918,0.056601368,0.036942575,0.026067646,0.024006346,0.021142708,0.03223245,0.023828615,0.028470986,0.031078357,0.050239924,2024-04-02 11:37:00
0.07642126,0.031061009,0.021857165,0.045014586,0.021875562,0.034492362,0.021267442,0.027038088,0.018610643,0.0456085,0.038525272,0.021860437,0.046794,0.027191797,0.027016217,0.019808758,0.05182193,0.0321625,0.03324333,0.0401509,0.02845144,0.026380427,0.021524165,0.056509078,0.041131385,0.028513802,0.025302846,0.044588357,2024-04-02 11:38:00
0.022603571,0.029184291,0.019344797,0.028067132,0.017894352,0.024210423,0.02401067,0.042082995,0.01658804,0.06179078,0.032000642,0.031824015,0.05408762,0.032856256,0.046188645,0.047067456,0.055798415,0.018389035,0.02150852,0.04254247,0.027604718,0.028698947,0.022933014,0.03435357,0.01966685,0.03160511,0.04890358,0.043270268,2024-04-02 11:39:00
0.036633063,0.029881876,0.023281045,0.033605844,,,0.026264874,0.024869302,0.021787692,0.055192523,0.02822165,0.027182527,0.040315352,0.026548382,0.018835017,0.015095644,0.05571494,0.030405464,0.02217692,0.043398406,0.03202984,0.05840429,0.023576306,0.019091006,0.016511412,0.02734182,0.022690943,0.043396972,2024-04-02 11:40:00
0.01215256,0.038446832,0.03307625,0.18671416,0.026946165,0.048511073,0.01839128,0.027757758,0.028547201,0.054563846,0.034978665,0.030040404,0.040071014,0.02358123,0.035271537,0.02517467,0.049000658,0.024567956,0.05018715,0.06688934,0.029107276,0.023487262,0.02197527,0.071971685,0.032903995,0.030512424,0.072227016,0.046603847,2024-04-02 11:41:00
0.028560914,0.05215489,0.024269257,0.20932087,0.013989103,0.017562544,0.021024507,0.0146939885,0.026178122,0.05633428,0.019999517,0.03733355,0.039189376,0.02393965,0.0355724,0.024022767,0.05180505,0.030750224,0.05942716,0.03562584,0.029336955,0.027355118,0.021330127,0.04600665,0.028757388,0.031817615,0.018606704,0.043599132,2024-04-02 11:42:00
0.02721785,0.034083772,0.026182892,0.049363207,0.026686715,0.017568432,0.020986302,0.01738107,0.023987053,0.06305053,0.04046685,0.039741322,0.032886293,0.017930314,0.01503678,0.02202171,0.051613986,0.022124773,0.054437406,0.045302223,0.03251911,0.031340025,0.010570751,0.027995808,0.01891684,0.02705862,0.022248905,0.033878718,2024-04-02 11:43:00
0.022701504,0.02647974,0.029906623,0.033959348,0.018558096,0.018721944,0.023455884,0.029214418,0.030149985,0.05026079,0.03118749,0.03900596,0.06517237,0.024256084,0.020167843,0.022851871,0.056929555,0.027681157,0.061938405,0.045518883,0.029539604,0.029685674,0.019900784,0.01817867,0.04190831,0.028237334,0.024507474,0.0356651,2024-04-02 11:44:00
0.021316437,0.028307725,0.04942684,0.022018354,,0.027369006,0.020511307,0.023546698,0.022510804,0.06735634,0.031651262,0.046413936,0.03924693,0.023082368,0.03887568,0.027255567,0.033654682,0.024912082,0.05058444,0.03636374,0.02916401,0.02768634,0.028843932,0.04121517,0.015370989,0.030165277,0.03209319,0.042234495,2024-04-02 11:45:00
0.026140079,0.026739296,0.025177058,0.016992657,0.020618599,0.036818843,0.0224015,0.023562927,0.023216354,0.046106428,0.048763666,0.021150002,0.03669772,0.01903944,0.024924884,0.018577803,0.021067096,0.036507666,0.043093633,0.047358084,0.03496238,0.035331633,0.03560858,0.017264787,0.020552889,0.055444673,0.03262349,0.04287411,2024-04-02 11:46:00
0.021644086,0.032630406,0.032773532,0.02611083,0.026541915,0.014696241,0.027174685,0.019423924,0.02258496,0.05371479,0.039002217,0.040112965,0.032473598,0.023579314,0.027195605,0.029644758,0.025012106,0.022171833,0.052109066,0.04483186,0.03008353,0.03577961,0.023714812,0.018578086,0.011706883,0.033409525,0.025289875,0.041925907,2024-04-02 11:47:00
0.02266096,0.030662881,0.02362685,0.029160911,,0.037002023,0.020807529,0.016169708,0.057654798,0.0572883,0.021208322,0.026584279,0.026818262,0.01824104,0.016998282,0.020534549,0.013411267,0.02532947,0.044553805,0.0441462,0.030901477,0.033007447,0.025724066,0.018428482,0.019668257,0.031551514,0.025085032,0.046440274,2024-04-02 11:48:00
0.027237182,0.035164542,0.025486946,0.035416238,0.02284184,0.045366935,0.11161702,0.028843466,0.03129432,0.06268681,0.037885785,0.039305292,0.036600348,0.032080002,0.046061054,0.028359704,0.008592643,0.034585893,0.049939122,0.044130582,0.020315176,0.02642172,0.020246709,0.022860404,0.015057036,0.0322217,0.031649213,0.038917866,2024-04-02 11:49:00
0.023054628,0.034923844,0.028495666,0.019577956,0.0528262,0.04866453,0.019960616,0.01361112,0.029010424,0.04999542,0.03259991,0.03492308,0.037211828,0.019960145,0.023510521,0.02252193,0.027874285,0.02911382,0.03966706,0.05648248,0.030450573,0.03070385,0.011799913,0.026755985,0.014652714,0.038323034,0.02879243,0.027562605,2024-04-02 11:50:00
0.021280227,0.0349318,,,,0.030470127,0.016576748,0.025395468,0.020365708,0.07084176,0.04143888,0.033939235,0.03348842,0.027686423,0.029167034,0.021575263,0.022104334,0.029409122,0.051549815,0.036262985,0.03650301,0.018324703,0.015444313,0.0322095,0.033651993,0.033443414,0.026822431,0.025368389,2024-04-02 11:51:00
0.024313776,0.033803094,0.026494663,0.017986348,0.0204392,0.031328656,0.022264846,0.017190458,0.022681879,0.057300102,0.03756038,0.028404,0.036043465,0.030133523,0.016707616,0.021527924,0.04239938,0.026560258,0.040706895,0.06686423,0.031160932,0.01857255,0.019104153,0.029007057,0.014552123,0.0286708,0.030057011,0.034106776,2024-04-02 11:52:00
0.022487266,0.030778911,0.021941368,0.046001814,0.050516065,0.032952458,0.019360669,0.083740704,0.012990411,0.057574853,0.034993935,0.0345665,0.034450464,0.034802124,0.019767623,0.026021646,0.012996396,0.032913532,0.03754761,0.039990302,0.03470364,0.018298604,0.029296305,0.034771137,0.030133113,0.042322833,0.027203787,0.045309912,2024-04-02 11:53:00
0.021950988,0.026556745,0.029331543,0.017808389,,0.02372297,0.034729984,0.023068655,0.023163054,0.06342865,0.04115334,0.041203476,0.03891759,0.031986404,0.030683456,0.03253177,0.014781679,0.026733873,0.040514946,0.04507146,0.031259995,0.012632299,0.024970595,0.01952895,0.047601566,0.038254045,0.023718573,0.026904263,2024-04-02 11:54:00
0.02294174,0.03268292,0.044813294,0.029810144,0.019921081,0.041576855,0.021414757,0.02149407,0.02261263,0.052010767,0.05403286,0.04664677,0.031794786,0.029994562,0.02716503,0.025017932,0.0032467432,0.031585846,0.039601095,0.041448053,0.025581626,0.014775938,0.021899266,0.034345146,0.025965173,0.037030812,0.026844863,0.040104877,2024-04-02 11:55:00
0.02373851,0.028067037,0.04355633,0.021005897,0.024213744,0.05913529,0.023265311,0.010746417,0.025402017,0.06703173,0.0385101,0.032570764,0.04278849,0.011859836,0.03520508,0.057290703,0.019791862,0.030842258,0.019350411,0.038615476,0.037579473,0.012582573,0.025929712,0.016624337,0.028934427,0.028639792,0.02411207,0.04372206,2024-04-02 11:56:00
0.023023287,,,,,0.03692995,0.026628055,0.022549639,0.027326152,0.056269135,0.03253686,0.047543745,0.04322088,0.026986415,0.04337122,0.028042682,0.024165934,0.02262471,0.04117741,0.044994637,0.035101485,0.012319813,0.02322855,0.020312665,0.028565915,0.03306045,0.027311927,0.033739336,2024-04-02 11:57:00
0.017252235,0.026304178,0.040742073,0.015422626,0.021363458,0.023712518,0.018666472,0.014752058,0.023780387,0.0509092,0.04265505,0.02589166,0.04107697,0.02563578,0.020090379,0.017235396,0.01565923,0.027720265,0.03343552,0.03597631,0.029565392,0.019066064,0.025671152,0.035231996,0.030463932,0.027544016,0.02609737,0.01810595,2024-04-02 11:58:00
0.026849497,0.028704258,0.019121476,0.034813177,0.02432769,0.03468128,0.022749463,0.017753221,0.025004486,0.06064727,0.04291649,0.033624962,0.04560031,0.060801007,0.022868082,0.01813569,0.02807256,0.026185641,0.040894702,0.035791006,0.027512448,0.014183881,0.026678206,0.02407111,0.036680724,0.04269337,0.030207276,0.033472262,2024-04-02 11:59:00
0.02399011,0.029986221,0.041091423,0.042118803,0.015622082,0.022371098,0.017422356,0.033100232,0.023517268,0.052632686,0.048749294,0.044630885,0.027016487,0.024311345,0.036411762,0.032061815,0.014863424,0.021189,0.05060301,0.035878915,0.028398992,0.016327875,0.037360374,0.021127312,0.029562103,0.031661008,0.028656485,0.04291217,2024-04-02 12:00:00
0.08055086,0.027777206,0.03946577,0.031905517,0.02726929,0.038829938,0.01611303,0.0072361864,0.058846124,0.060010776,0.04897325,0.024374044,0.045294955,0.028640484,0.027208326,0.023540704,0.01916549,0.018509796,0.019150134,0.042042673,0.032360666,0.018633842,0.014917696,0.0606075,0.019435449,0.02621087,0.02126653,0.05352745,2024-04-02 12:01:00
0.021616181,0.02919647,0.04046008,0.03313806,,0.022212734,0.026072348,0.02146232,0.019241923,0.058376066,0.04141793,0.028794304,0.043583818,0.0076522515,0.029611196,0.0480737,0.033084784,0.031241344,0.028482335,0.03988131,0.035628386,0.016114129,0.025512733,0.044862144,0.031193817,0.032784972,0.01980768,0.032093037,2024-04-02 12:02:00
0.02186923,0.023911709,0.02722552,0.026127553,0.024328386,0.0293366,0.021298388,0.023498613,0.017777037,0.053928245,0.05180192,0.024288716,0.04496139,0.029231235,0.01614027,0.029734155,0.015714508,0.028493796,0.031826112,0.04417142,0.036897097,0.044803824,0.02179437,0.029800858,0.01941733,0.03519202,0.021026889,0.04156334,2024-04-02 12:03:00
0.022210797,0.017326623,0.027451647,0.017333955,0.01609668,0.025696803,0.024571018,0.05148036,0.021256974,0.06615743,0.032670952,0.027309261,0.035095736,0.014370897,0.037990198,0.020634204,0.01117122,0.025162926,0.03251991,0.06579809,0.039240453,0.015013391,0.01945336,0.037902113,0.021634763,0.032041904,0.017835489,0.046396,2024-04-02 12:04:00
0.019719647,0.03399171,0.0275664,0.036104947,0.012044832,0.01382628,0.02745226,0.018046087,0.027943347,0.056357484,0.034749005,0.04599635,0.034314767,0.017670892,0.026025824,0.017587395,0.018355733,0.025271432,0.035244968,0.036631975,0.025800591,0.016758857,0.017040687,0.018992543,0.022927217,0.029393185,0.023272574,0.034243673,2024-04-02 12:05:00
0.019328374,0.034349877,0.03609252,0.027373299,0.014002745,0.016416823,0.023187013,0.023305036,0.023081256,0.057317074,0.032425363,0.022916196,0.02589775,0.021409614,0.028240971,0.066888675,0.019105116,0.021404613,0.026816169,0.04484126,0.034124944,0.012782005,0.022216827,0.03065915,0.0148939295,0.04387524,0.028263278,0.04965067,2024-04-02 12:06:00
0.035611987,0.019410426,,,,0.034137126,0.023041379,0.015799517,0.024585312,0.043846607,0.049070623,0.038976718,0.029089015,0.029927557,0.023576666,0.022030769,0.021987615,0.035093576,0.05342052,0.043290146,0.033344433,0.015268864,0.01890865,0.028128866,0.022652708,0.03095657,0.05005378,0.046000283,2024-04-02 12:07:00
0.07684886,0.03696412,0.0507539,0.0725662,0.031507358,0.024752619,0.02044332,0.02379067,0.021211082,0.060104724,0.030399721,0.022760456,0.040785983,0.03137109,0.027349718,0.018965794,0.01744626,0.028244419,0.028636353,0.036747117,0.02738063,0.019035125,0.027413389,0.031342335,0.02791577,0.03173598,0.022338986,0.029624779,2024-04-02 12:08:00
0.028064445,0.020566234,0.027224611,0.029531933,0.043173205,0.021254838,0.027321007,0.02437648,0.022053402,0.053560715,0.029730827,0.038837355,0.032623325,0.028873011,0.033973254,0.028512713,0.027888484,0.037645355,0.01317354,0.04498175,0.22151628,0.025521161,0.026217446,0.016592022,0.021320054,0.035551447,0.019292362,0.0546027,2024-04-02 12:09:00
0.024768809,0.02696374,0.023550538,0.029363101,0.018566169,0.03218308,0.030064065,0.024322301,0.018318268,0.04743252,0.030475834,0.022375189,0.029985588,0.025564367,0.01837501,0.022767827,0.024198838,0.053986564,0.035279922,0.039949697,0.02935671,0.025536768,0.025266005,0.026411662,0.034453273,0.03044615,0.013499555,0.045820028,2024-04-02 12:10:00
0.021787575,0.0332779,0.026598044,0.028582808,0.013451082,0.025327742,0.015976202,0.025341013,0.02254818,0.05001571,0.039747104,0.03271629,0.029776882,0.016427608,0.0440073,0.030104732,0.011622255,0.023482705,0.031042054,0.055121627,0.033544723,0.025856603,0.021424174,0.022632983,0.016152676,0.029283633,0.023470385,0.04592848,2024-04-02 12:11:00
0.025845552,0.03391655,0.02225282,0.028022138,0.02012762,0.02721011,0.016234899,0.016568141,0.02216147,0.061974987,0.03841697,0.035848852,0.04508882,0.017774096,0.042836122,0.024696851,0.017928217,0.031734582,0.030516595,0.05038419,0.037089895,0.014093758,0.017778467,0.022621764,0.027908556,0.032697283,0.020399012,0.047625046,2024-04-02 12:12:00
0.026686937,0.02288638,0.022873865,0.03363718,0.01254175,,0.02302666,0.019178245,0.021081923,0.048050493,0.034771774,0.03194179,0.028639372,0.019272711,0.02333747,0.032601036,0.02077616,0.031697825,0.049449086,0.03639082,0.026412169,0.015449652,0.021070203,0.026044164,0.032492086,0.029819662,0.0115669705,0.0392561,2024-04-02 12:13:00
0.027133074,0.037994277,0.031279556,0.02845829,,0.025278106,0.014753989,0.016012762,0.020273544,0.06271325,0.044441182,0.05096277,0.0297281,0.020267121,0.026418824,0.01593085,0.019485822,0.034835618,0.051472165,0.045128927,0.031965237,0.011914933,0.032047603,0.025980769,0.013390655,0.04068517,0.068772376,0.038582876,2024-04-02 12:14:00
0.027621074,0.037321538,0.024561599,0.029720413,0.020952256,0.046951424,0.025385698,0.023723837,0.0261201,0.05614624,0.037159473,0.022986779,0.0299495,0.020729238,0.03150994,0.020706274,0.04297843,0.0275958,0.040942386,0.04171489,0.02869475,0.018529454,0.025810294,0.021336405,0.017722782,0.02265949,0.025711551,0.05577272,2024-04-02 12:15:00
0.023427684,0.03955278,0.027040105,0.032811213,0.017125009,0.030811848,0.025820954,0.022768369,0.016980985,0.05646687,0.027827239,0.050884116,0.033402994,0.02466332,0.019341726,0.01612035,0.047894496,0.034907337,0.05431746,0.036162715,0.028421808,0.019662326,0.01819147,0.035009056,0.024013054,0.0362143,0.021776589,0.05296022,2024-04-02 12:16:00
0.02502423,0.016697844,,,,0.03311376,0.022357471,0.032639336,0.019862063,0.05432439,0.042611185,0.044376113,0.035068363,0.021163665,0.020408634,0.024861151,0.022698807,0.03383235,0.035044685,0.04512505,0.030034015,0.016986223,0.020272063,0.044328317,0.019263694,0.03726003,0.02403426,0.053768445,2024-04-02 12:17:00
0.032956917,0.024038862,0.026946133,0.03326544,0.023248121,0.021627877,0.028408945,0.018004974,0.029947083,0.06672712,0.042634755,0.018865846,0.029941322,0.021826494,0.028455218,0.020153532,0.018751973,0.036792774,0.03433216,0.03669807,0.038983412,0.017042262,0.030581314,0.030361252,0.040844727,0.027808877,0.02236529,0.04651722,2024-04-02 12:18:00
0.03193116,0.019875806,0.027748436,0.015826155,0.011970242,0.016900709,0.026940633,0.01417642,0.020367576,0.050935205,0.030377883,0.02889599,0.034556676,0.028162042,0.041890036,0.06429958,0.020605959,0.031746615,0.043398038,0.038698357,0.021177273,0.021135313,0.032796275,0.03161833,0.020932913,0.030773124,0.031056454,0.048172247,2024-04-02 12:19:00
0.030855333,0.029778495,0.030804615,0.01736228,0.013264078,0.036008395,0.022753483,0.019180615,0.019563645,0.05845993,0.032245614,0.03275703,0.032499485,0.017359266,0.022397624,0.015612558,0.017465385,0.13062419,0.054125044,0.0754076,0.028213035,0.020618835,0.038072903,0.01821062,0.017198144,0.041600194,0.022090878,0.042981777,2024-04-02 12:20:00
0.13507305,0.02715355,0.026780285,0.019594539,0.020176781,0.022246767,0.024624847,0.02356728,0.020644864,0.051746193,0.039050367,0.024332367,0.0316194,0.023034051,0.026771432,0.028499253,0.01764337,0.030216688,0.038882833,0.04488524,0.029173004,0.010361949,0.023817036,0.020403253,0.031023087,0.026290655,0.03040976,0.04816961,2024-04-02 12:21:00
0.022390705,0.029688299,0.027980864,,,0.02515472,0.015960004,0.01659187,0.024472099,0.04966905,0.041568737,0.030601619,0.03574288,0.02368364,0.029711686,0.027041847,0.024612648,0.028806543,0.030763414,0.07132466,0.030320775,0.017053766,0.06444071,0.031259567,0.020641305,0.03252853,0.024048798,0.04715735,2024-04-02 12:22:00
0.024418002,0.037326504,0.029617112,0.011930097,0.045603205,0.01430241,0.02375706,0.026344864,0.020296209,0.055901565,0.02845831,0.020321809,0.028924396,0.01667226,0.032587923,0.028212767,0.018618707,0.028378058,0.035898693,0.036004588,0.024835974,0.011211676,0.042157862,0.031570733,0.017589748,0.033772524,0.022671282,0.04328064,2024-04-02 12:23:00
0.026453227,0.03454611,0.03256342,0.028954796,0.017071655,0.026036639,0.028993875,0.019385144,0.017968992,0.056872826,0.039453443,0.029727267,0.041424602,0.015247385,0.021214807,0.018617252,0.023907555,0.027471678,0.038940508,0.095600285,0.037225056,0.023714686,0.03173936,0.03402929,0.02345598,0.03285101,0.03627989,0.049232718,2024-04-02 12:24:00
0.021616085,0.01675494,0.03067346,0.0206341,0.020323575,0.030684505,0.028464815,0.010988419,0.024251355,0.05833936,0.022232639,0.029452974,0.039056964,0.01953724,0.04870557,0.019882344,0.026754772,0.031039296,0.034743886,0.03908672,0.03629648,0.036925834,0.027481642,0.03344271,0.020926582,0.030904638,0.015527159,0.035578486,2024-04-02 12:25:00
0.028011544,0.03210427,,,,0.022080392,0.021451885,0.018593611,0.02195265,0.059239287,0.030546807,0.027839974,0.028738918,0.018769285,0.028752415,0.03414398,0.023207318,0.03873422,0.038711164,0.041457377,0.037918124,0.02260154,0.03135052,0.033071004,0.02439941,0.034179952,0.022439439,0.048552077,2024-04-02 12:26:00
0.021570604,0.033979446,0.034547567,0.025852367,0.026457736,0.0344144,0.023967594,0.03171623,0.022484858,0.058423363,0.034684837,0.032058697,0.0291992,0.018568136,0.041093502,0.017295934,0.021744028,0.032203805,0.043460023,0.041354284,0.027294816,0.023474429,0.025103956,0.044008702,0.02516367,0.030132394,0.02132469,0.033399403,2024-04-02 12:27:00
0.027880596,0.019261843,0.02798593,0.02657375,0.017179072,0.02014061,0.01774311,0.13049237,0.028243152,0.056211304,0.038332902,0.027483115,0.0321585,0.021506391,0.031272344,0.024717191,0.025940863,0.030553833,0.03271667,0.054893475,0.028734574,0.01865829,0.031446908,0.028816411,0.021973686,0.033374347,0.019942764,0.030202588,2024-04-02 12:28:00
0.0257848,0.024447026,0.02384649,,,0.020943342,0.023719704,0.025124112,0.015921783,0.057687145,0.030052278,0.020971656,0.036779203,0.021583196,0.023213781,0.038231995,0.022464218,0.033674378,0.02951792,0.0461733,0.03506596,0.024792252,0.026988829,0.03077892,0.020706447,0.033912994,0.040235322,0.049473796,2024-04-02 12:29:00
0.0346864,0.03836275,0.034708448,0.042910654,0.028048154,0.03389876,0.020139994,0.019688655,0.029798174,0.105993226,0.02930975,0.033036817,0.046239775,0.018681457,0.023752335,0.027583359,0.046001937,0.033284657,0.033995517,0.06514908,0.034149893,0.016574929,0.018776262,0.02458716,0.022468664,0.026371295,0.020148123,0.05482221,2024-04-02 12:30:00
0.031016886,0.035055205,0.023892982,0.019809186,0.022118788,0.02221512,0.022566913,0.035919234,0.024151413,0.06021546,0.033314023,0.028691117,0.034939088,0.026942207,0.024716076,0.016501008,0.02348414,0.03365455,0.03439075,0.039214943,0.030314539,0.016677663,0.015685061,0.02681252,0.019957095,0.02597747,0.02402423,0.056927588,2024-04-02 12:31:00
0.020900153,0.019602172,0.027883383,0.027030129,0.038757507,0.041063063,0.02551291,0.036652062,0.019958826,0.052021515,0.04953736,0.031186273,0.042434145,0.020514067,0.027216779,0.043796368,0.024535468,0.029491298,0.030282272,0.047281798,0.031220378,0.016547091,0.025999,0.023784628,0.01863807,0.03275769,0.023228746,0.042540338,2024-04-02 12:32:00
0.03212585,0.025222367,0.028310472,0.03968483,0.026177298,0.04200654,0.022377793,0.015750807,0.025138281,0.051828016,0.05559563,0.029181808,0.036497027,0.02384244,0.040213734,0.019788193,0.024559205,0.032135732,0.0298504,0.047305368,0.03912884,0.09883299,0.021696368,0.033112668,0.16148454,0.02998031,0.017203845,0.01449904,2024-04-02 12:33:00
0.02130301,0.03932098,0.022468144,0.02078739,0.018338883,0.031744946,0.02577602,0.028263835,0.02503159,0.06795234,0.050047025,0.028761636,0.0371307,0.022080338,0.030893,0.032422036,0.022708047,0.036217004,0.036557276,0.046558686,0.03411847,0.017900715,0.026587475,0.02849016,0.020099413,0.033965897,0.026424164,0.050182525,2024-04-02 12:34:00
0.02567508,0.034996357,0.032947738,0.01696873,,0.023453142,0.040036917,0.022806158,0.026044738,0.060246196,0.052606378,0.028616935,0.03669024,0.018697519,0.031300645,0.013971997,0.021824725,0.027495867,0.037273854,0.035700582,0.026126944,0.0165553,0.012655395,0.02687551,0.022337828,0.03118033,0.023610534,0.041457996,2024-04-02 12:35:00
0.024923991,0.034049273,0.026564261,0.01606429,0.02664182,0.03956653,0.021829592,0.024946691,0.019938538,0.054894444,0.04612127,0.026859937,0.03598224,0.04278847,0.04181496,0.029103296,0.021802954,0.032921433,0.032226026,0.063472874,0.035281427,0.06036816,0.02878369,0.04586097,0.016983395,0.025708046,0.016594972,0.0508068,2024-04-02 12:36:00
0.027924305,0.038182907,0.023829201,0.025541997,0.013684917,0.036287673,0.019453429,0.016270773,0.016159726,0.054271147,0.039693326,0.041608058,0.030331805,0.021804227,0.02760093,0.025573248,0.02338714,0.031435914,0.051200356,0.06885141,0.035127062,0.029558195,0.032004576,0.07633717,0.014660947,0.04101642,0.023135828,0.025834708,2024-04-02 12:37:00
0.02584341,0.031224782,0.031415127,,,0.022699561,0.022649884,0.017520282,0.024616268,0.06437776,0.038521558,0.034913562,0.032504432,0.018999055,0.031325355,0.025243439,0.019583311,0.036797024,0.023160275,0.035784043,0.028819347,0.014261469,0.022524077,0.020658746,0.06426141,0.03245504,0.022519557,0.048199583,2024-04-02 12:38:00
0.019662598,0.016068663,0.029358076,0.02012231,0.015803026,0.05068249,0.020410188,0.019808995,0.016936209,0.04391914,0.03309047,0.029119156,0.03689658,0.021601738,0.040084913,0.021969685,0.028932156,0.034577526,0.025053253,0.11628158,0.038883008,0.036082484,0.026550747,0.030208677,0.024490695,0.033520196,0.047441304,0.04984243,2024-04-02 12:39:00
0.04489816,0.025307627,0.025629431,0.029420977,0.021337705,,0.021216642,0.015965892,0.014213106,0.05661561,0.03392547,0.033086233,0.037043165,0.024642946,0.05359069,0.015271254,0.019850986,0.041584365,0.030829553,0.03608128,0.031454433,0.015397832,0.048345316,0.040985033,0.028486598,0.029341087,0.020935217,0.048384566,2024-04-02 12:40:00
0.027266206,0.032582447,,,,0.022842756,0.019007685,0.0142511325,0.020014022,0.054806408,0.031197842,0.01917879,0.030673672,0.027363336,0.02327356,0.021536725,0.024040421,0.026542196,0.036405124,0.036319442,0.030549109,0.012154534,0.0165588,0.03622196,0.016245995,0.038096953,0.023184897,0.050405774,2024-04-02 12:41:00
0.018610582,0.02440606,0.022740066,0.03907419,0.02333683,0.0460664,0.031876665,0.019341366,0.018000571,0.055800386,0.21346019,0.039882433,0.02830986,0.027464272,0.042715207,0.03396554,0.01938958,0.033394173,0.08235004,0.040930364,0.028807066,0.034949675,0.030085782,0.023993943,0.1453442,0.03736572,0.021521324,0.04665254,2024-04-02 12:42:00
0.02550668,0.03450477,0.028476177,0.021370709,0.019721944,0.034142748,0.025833499,0.022060113,0.02587709,0.064227685,0.046542805,0.026734492,0.03449141,0.018393598,0.041294873,0.01748172,0.010139022,0.027323356,0.04960028,0.03866707,0.029451236,0.0158369,0.020634538,0.025704397,0.016264236,0.027432567,0.018446505,0.046116732,2024-04-02 12:43:00
0.024711633,0.017605647,,,,0.021383492,0.025529904,0.025015868,0.01417883,0.048510756,0.041557495,0.025918188,0.041128486,0.024350425,0.028156439,0.0377679,0.015013111,0.03092516,0.030703705,0.040363297,0.18835975,0.014966573,0.032359615,0.04003574,0.020372149,0.028949508,0.021249989,0.029850155,2024-04-02 12:44:00
0.022456111,0.02615316,0.029120184,0.02359294,0.04058944,0.040375732,0.022739926,0.028233843,0.028598608,0.05631193,0.04231299,0.029349884,0.03985464,0.020615721,0.048727166,0.021192433,0.026880465,0.020402232,0.029767526,0.044398006,0.037372228,0.025175065,0.026753359,0.03144877,0.01996641,0.024677975,0.025247358,0.041663848,2024-04-02 12:45:00
0.03347988,0.048652314,0.022557817,0.026782038,,0.037943643,0.018619556,0.03006954,0.018811604,0.058124945,0.04077197,0.04676035,0.038848147,0.029894987,0.030617813,0.0139790885,0.011359029,0.033899684,0.054685935,0.036242824,0.02672778,0.02519996,0.03237877,0.024722092,0.009554779,0.023094768,0.023360925,0.04096909,2024-04-02 12:46:00
0.023676436,0.03691189,0.029438073,0.044879135,0.020396743,0.027255444,0.02277796,0.021389302,0.08642915,0.0616724,0.025875805,0.021536527,0.036282882,0.018660307,0.03312034,0.019572271,0.0374968,0.12873414,0.04264689,0.07231368,0.036193438,0.09677968,0.029697586,0.021710305,0.016642412,0.033417717,0.05705316,0.05601158,2024-04-02 12:47:00
0.025658712,0.028426373,0.0313081,,,0.022676172,0.01585733,0.01923151,0.024658853,0.057223324,0.035560116,0.02208069,0.03269105,0.020686705,0.023039164,0.030990664,0.013667132,0.028828317,0.02424871,0.036130615,0.027946167,0.018373935,0.021749696,0.018657023,0.015713463,0.03135387,0.025223056,0.041437183,2024-04-02 12:48:00
0.02175081,0.0166989,0.023979064,0.041071802,0.069617905,0.04193595,0.03965266,0.02494228,0.021862932,0.059345394,0.03829253,0.025665784,0.03469405,0.021327438,0.02737491,0.02708306,0.021280516,0.035656802,0.055954777,0.0443051,0.03184085,0.021775281,0.019905448,0.035186842,0.015039206,0.025642123,0.037558306,0.050033163,2024-04-02 12:49:00
0.019731319,0.025218863,0.031236729,0.035430323,0.020671029,0.035090785,0.017152157,0.03535463,0.019597188,0.066022575,0.031821515,0.042625852,0.030150129,0.023765635,0.038893454,0.025766421,0.014734931,0.03433456,0.02878933,0.042813472,0.028374003,0.025513489,0.019101793,0.022573743,0.022293426,0.04190361,0.02385523,0.04723449,2024-04-02 12:50:00
0.020327765,0.03687484,0.028518047,0.05183092,0.022488847,0.022176147,0.023966081,0.01681181,0.019694677,0.05152675,0.03354642,0.028046604,0.041840244,0.02128393,0.019726716,0.023217008,0.032940455,0.033172667,0.046407804,0.04674629,0.036596436,0.016904486,0.021076318,0.029472828,0.020699902,0.02726097,0.018393602,0.04167359,2024-04-02 12:51:00
0.019440548,0.018022457,0.03853817,,,0.028208239,0.023952577,0.022030443,0.019912532,0.06675379,0.045952443,0.043370157,0.04717849,0.021696229,0.02083858,0.028190672,0.02704347,0.040239766,0.049103934,0.06633337,0.029032348,0.023263825,0.018759744,0.049247134,0.015088899,0.025883365,0.023547415,0.046488255,2024-04-02 12:52:00
0.028690586,0.035112463,0.027265858,0.043281313,0.029701287,0.023755249,0.016226094,0.018001761,0.025098095,0.061089035,0.22003627,0.027885513,0.040174633,0.014408518,0.041247193,0.017103009,0.024563327,0.030865723,0.03109826,0.060835563,0.04464822,0.031077828,0.020992182,0.029643584,0.016019898,0.028881172,0.025378961,0.04365371,2024-04-02 12:53:00
0.019084726,0.023282617,0.025285771,0.04563387,,0.022204503,0.019364735,0.03097354,0.02256456,0.06378772,0.03382509,0.028791565,0.03863835,0.02039579,0.0237472,0.016024841,0.032590654,0.025850136,0.031148717,0.036948867,0.030580506,0.015959064,0.019402562,0.024031252,0.029699024,0.030192297,0.025541767,0.0426575,2024-04-02 12:54:00
0.024042895,0.031645957,0.027506303,,0.025232267,0.012976178,0.026670609,0.009555706,0.0145367645,0.053042002,0.046917453,0.037274566,0.036989033,0.01825101,0.022844141,0.025550049,0.02431386,0.026058435,0.040545616,0.03606014,0.030730527,0.0147084715,0.01654371,0.026129507,0.019887289,0.0331134,0.022238996,0.024554683,2024-04-02 12:55:00
0.020985192,0.03476155,0.032634906,0.054971125,0.017329022,0.028912982,0.020958172,0.023297045,0.018644355,0.056937683,0.02577606,0.03047219,0.028276768,0.034683045,0.033733316,0.017219514,0.025078341,0.026336927,0.03374619,0.042800702,0.027858587,0.017661363,0.046442486,0.0455317,0.020659605,0.028545137,0.023672938,0.029771619,2024-04-02 12:56:00
0.0187139,0.025225302,0.038132653,0.03408518,0.018751986,0.02027565,0.028205613,0.020548187,0.030443253,0.04873204,0.03351596,0.0319633,0.04265543,0.015388928,0.027097775,0.026853492,0.031096535,0.03008296,0.033350915,0.046053782,0.031070737,0.01964891,0.023832226,0.030407561,0.017081117,0.049845852,0.022713726,0.052505836,2024-04-02 12:57:00
0.020064464,0.03811547,0.024564933,0.056304246,0.042795207,0.022966994,0.11251724,0.028540572,0.047992922,0.06984179,0.02589924,0.031345103,0.0470194,0.026016807,0.045492183,0.022390455,0.02099816,0.032975726,0.031908248,0.03586157,0.026129486,0.015368884,0.032494683,0.028360281,0.014706292,0.026312489,0.023834089,0.043190185,2024-04-02 12:58:00
0.01841846,0.018006153,0.029769838,0.049933285,0.017870694,0.014316875,0.025669755,0.02636552,0.021290528,0.065571025,0.026109515,0.03833609,0.039152645,0.021975182,0.03306648,0.022647573,0.022025315,0.032516833,0.04414662,0.044823643,0.030830484,0.019483699,0.026253087,0.025323989,0.023752367,0.037083052,0.023693731,0.047119875,2024-04-02 12:59:00
0.018622307,0.04091328,0.030645669,0.047363617,,0.019568611,0.024805008,0.017738963,0.023569478,0.047932662,0.03752102,0.02801407,0.04482096,0.023118727,0.01878719,0.019079022,0.018285941,0.030847771,0.02017717,0.03758755,0.025881233,0.018896785,0.010359638,0.024717271,0.029335655,0.038535714,0.020075701,0.039405733,2024-04-02 13:00:00
0.018619798,0.039829586,0.030030636,0.03896496,0.023685353,0.037347566,0.019406276,0.028177204,0.018913414,0.06620214,0.041847695,0.0435295,0.04042043,0.017725272,0.01935475,0.020186178,0.025313977,0.030347353,0.032452106,0.038600616,0.026911918,0.02335525,0.026401691,0.019403286,0.011422886,0.026757266,0.023743505,0.053680927,2024-04-02 13:01:00
0.017917467,0.034035426,0.02480395,0.051402535,0.050427612,0.032546785,0.027073722,0.017799562,0.06727571,0.058271773,0.04541598,0.04902598,0.03673094,0.019345151,0.026612638,0.035196338,0.017664185,0.041249324,0.028709209,0.04363421,0.027486205,0.018815674,0.057844788,0.04251105,0.02284561,0.026881196,0.044121567,0.037699517,2024-04-02 13:02:00
0.027993621,0.0376201,0.023370003,0.057562493,0.031100335,0.024215959,0.017653108,0.02350501,0.015456195,0.050317015,0.044351015,0.03465079,0.034240242,0.016230924,0.019551985,0.025657343,0.037994422,0.022674987,0.037336286,0.04651284,0.02745636,0.015929544,0.0108708795,0.021966632,0.01729188,0.03450875,0.022133427,0.14983854,2024-04-02 13:03:00
0.025075404,0.03194608,0.031955335,0.04806412,0.032713722,0.03656325,0.026872158,0.015143566,0.029615173,0.060570177,0.030216904,0.025952436,0.036785208,0.024273954,0.021259265,0.017280862,0.027330589,0.02462875,0.033985432,0.053816818,0.02975523,0.020749105,0.025648579,0.038445357,0.023622317,0.037285715,0.015863176,0.04826647,2024-04-02 13:04:00
0.029399915,0.033169832,0.02723338,,,0.020950504,0.022543443,0.00936864,0.021736193,0.061897404,0.030608365,0.037777722,0.04131692,0.019065563,0.07790928,0.031070204,0.038814355,0.024585754,0.018195426,0.037508275,0.025676742,0.014553304,0.016630499,0.026521463,0.02160454,0.027207403,0.026302729,0.059200145,2024-04-02 13:05:00
0.02821049,0.0413001,0.025744725,0.04128893,0.029563196,0.020901676,0.24852718,0.010574246,0.03126578,0.052899472,0.036052737,0.040130477,0.027612325,0.022979703,0.02238568,0.015571827,0.03031455,0.027521718,0.045763742,0.036401924,0.029794168,0.016202243,0.030440124,0.017141778,0.015573267,0.03356375,0.026807103,0.05913814,2024-04-02 13:06:00
0.02285604,0.03235969,0.065287456,0.03567594,0.027164498,0.00983997,0.103286915,0.015010136,0.022461094,0.06907701,0.028138507,0.03357977,0.050973766,0.034324575,0.020792436,0.015494547,0.023863433,0.025942586,0.029475652,0.04000177,0.027868798,0.019362237,0.022097044,0.020899685,0.016908213,0.03320704,0.049832784,0.057566095,2024-04-02 13:07:00
0.027703678,0.039723013,0.0238973,0.04095645,,0.018023185,0.019568227,0.030143969,0.025630608,0.048628062,0.035777837,0.042005986,0.0412991,0.023069112,0.019127034,0.027619986,0.024686651,0.022860253,0.02559095,0.05327314,0.028989282,0.020961706,0.031765487,0.01830507,0.017546665,0.036964666,0.021499433,0.053533312,2024-04-02 13:08:00
0.023764199,0.020165808,0.026273461,0.036827654,0.027949996,0.02163846,0.022777168,0.014730545,0.023254137,0.05507142,0.046872247,0.048702203,0.041535247,0.025822846,0.015254393,0.028386403,0.034123097,0.022209145,0.026992371,0.043903053,0.02957211,0.016837228,0.013117882,0.00936827,0.015382545,0.036440816,0.021536263,0.050700225,2024-04-02 13:09:00
0.024060389,0.027241655,0.02329218,0.030309634,0.018988037,0.022263382,0.022188913,0.022217141,0.025203764,0.05407663,0.036768228,0.04728402,0.033810407,0.021222934,0.027017273,0.029824158,0.033205695,0.036156256,0.047257952,0.045697715,0.028135281,0.027973939,0.057996035,0.027914273,0.014575905,0.02825073,0.024153136,0.061292022,2024-04-02 13:10:00
0.02362972,0.03790961,0.027881296,,,0.024820615,0.021183925,0.016636778,0.021045115,0.06632837,0.03452687,0.03563821,0.030720979,0.035377335,0.028598541,0.016363103,0.022666898,0.032435838,0.05189293,0.036218226,0.028204128,0.015294613,0.024351435,0.027063638,0.018625744,0.030933484,0.025931856,0.048536293,2024-04-02 13:11:00
0.02501919,0.020256951,0.027419228,0.03278778,0.018387344,0.029501447,0.022941146,0.017682718,0.02329029,0.051144183,0.03730334,0.029597629,0.029929707,0.022319647,0.038411852,0.026330205,0.027374716,0.028769061,0.04759129,0.039304156,0.028659314,0.02040475,0.021863135,0.032312956,0.01605562,0.030147448,0.02360547,0.051669646,2024-04-02 13:12:00
0.022672763,0.025098415,0.023102194,0.035891656,0.042353004,0.024084799,0.026099078,0.016713338,0.0296933,0.06432395,0.03373101,0.02966286,0.034325264,0.052486323,0.049986243,0.028631466,0.02999154,0.02648413,0.051419217,0.043446146,0.029372815,0.028063321,0.03278815,0.036487237,0.01570838,0.02460084,0.021641666,0.032621097,2024-04-02 13:13:00
0.025098676,0.036153536,0.026573354,,,0.017602427,0.019549238,0.027480224,0.019100027,0.059251476,0.023346473,0.025254872,0.033959616,0.02026715,0.02105773,0.021154067,0.028733015,0.028266082,0.031052347,0.04477277,0.02923464,0.014766819,0.026099896,0.020868206,0.017828885,0.033078935,0.025501812,0.07308547,2024-04-02 13:14:00
0.029414933,0.016630128,0.028668843,0.03434515,0.03175714,0.025243767,0.022386657,0.025724107,0.02115403,0.066037014,0.031494033,0.030273179,0.030093247,0.019323636,0.05162876,0.018211486,0.032096136,0.02454172,0.048643075,0.038628064,0.027225114,0.016556267,0.015349419,0.038398936,0.016298015,0.034232985,0.03239606,0.05886282,2024-04-02 13:15:00
0.023428695,0.034867786,0.02775623,0.030853996,0.019104792,0.03477007,0.017821612,0.015521778,0.022226047,0.065875776,0.032802027,0.04316916,0.0336697,0.025496338,0.023492534,0.025797473,0.032153618,0.02782955,0.0491422,0.04886402,0.027635848,0.017861344,0.02559556,0.02605284,0.025763104,0.033365153,0.026819833,0.049961895,2024-04-02 13:16:00
0.02500431,0.042216286,0.028052917,,,0.018130306,0.020450132,0.010796795,0.020963032,0.053742204,0.034523726,0.03806747,0.03838572,0.017006647,0.021154787,0.02123283,0.031650435,0.027893806,0.023932755,0.036090687,0.22751251,0.08539137,0.022282043,0.039340526,0.016854033,0.028216422,0.02573612,0.055866573,2024-04-02 13:17:00
0.017883265,0.0198643,0.025903136,0.03808397,0.02485452,0.02774228,0.018179543,0.0141627425,0.024308335,0.04440656,0.030937552,0.04080897,0.037419718,0.022237252,0.03171045,0.027269743,0.016727993,0.022733353,0.053018644,0.044847477,0.030492295,0.011913081,0.021844646,0.037364956,0.01534152,0.030509925,0.027360952,0.056057796,2024-04-02 13:18:00
0.01792599,0.0380606,0.025056884,0.019662041,,0.020093365,0.018193953,0.014435795,0.019339371,0.05757724,0.05108718,0.035075165,0.029828554,0.023860674,0.024710262,0.039194673,0.028373562,0.02171214,0.02946346,0.044814214,0.02795688,0.016284963,0.028089426,0.01884496,0.012536648,0.023565756,0.025538415,0.04833185,2024-04-02 13:19:00
0.01910388,0.03618805,0.017477077,0.018902412,0.036212407,0.015548601,0.01774457,0.016246112,0.020445773,0.061721463,0.046891082,0.046431873,0.03571909,0.029037172,0.03190577,0.026254445,0.03274116,0.027791575,0.050446253,0.044857413,0.027588401,0.020006625,0.061081175,0.025240576,0.030147895,0.030606948,0.03457607,0.05504245,2024-04-02 13:20:00
0.02040538,0.033645358,0.027964272,0.014972,0.019564416,0.018110063,0.020687975,0.015319717,0.019620549,0.05292272,0.04450624,0.039330095,0.020530036,0.024816392,0.019360695,0.022480797,0.025862329,0.028707007,0.047727786,0.04496831,0.029009521,0.022334434,0.01863172,0.027282871,0.034649692,0.033109974,0.01830122,0.0534909,2024-04-02 13:21:00
0.022441173,0.025614735,,,,0.04222447,0.026158499,0.013813416,0.016060492,0.060494896,0.029632334,0.026858393,0.0332595,0.038739838,0.027832558,0.028137168,0.015655648,0.028619211,0.045608565,0.043175265,0.031264745,0.021146402,0.028659482,0.090960704,0.010317226,0.034419443,0.030104658,0.047395654,2024-04-02 13:22:00
0.017344702,0.012995565,0.022071607,0.017911986,0.015300641,0.027503101,0.022527475,0.019056097,0.041415952,0.05012504,0.03338873,0.029631916,0.026663566,0.023809223,0.015827945,0.023647478,0.023862947,0.027578296,0.05461942,0.058433305,0.027792366,0.017443696,0.024835877,0.02146232,0.016416473,0.025005208,0.028266542,0.040370326,2024-04-02 13:23:00
0.017363345,0.026964882,0.034680147,0.022249775,0.018036682,0.015629001,0.02051728,0.018064944,0.02051954,0.054059345,0.020275053,0.02584254,0.037063055,0.025379088,0.039579134,0.028870864,0.024724487,0.024824277,0.03169291,0.045713514,0.024047052,0.015784765,0.026491646,0.031223942,0.014543173,0.03798,0.022837866,0.041930042,2024-04-02 13:24:00
0.026512401,0.024576113,0.028539786,0.038676873,0.027765526,0.031830627,0.026545046,0.018541263,0.02344382,0.044697177,0.042997994,0.026015488,0.027471986,0.030174946,0.019654632,0.030150974,0.033455886,0.029334208,0.026701607,0.044853494,0.034655757,0.021225981,0.026191818,0.0745399,0.0144238565,0.032807834,0.021190554,0.024730789,2024-04-02 13:25:00
0.030946918,0.033902477,0.021562928,0.04375267,0.022052033,0.01750511,0.02413399,0.016453369,0.013763802,0.05933368,0.03626273,0.030825553,0.035709143,0.0234645,0.01840386,0.018662238,0.029815963,0.03092291,0.020103283,0.03726205,0.029946,0.014672466,0.0112854475,0.025699366,0.021857573,0.03500347,0.015663296,0.041003834,2024-04-02 13:26:00
0.03769109,0.035296213,,,,0.013733689,0.012757263,0.013070886,0.024291698,0.068096474,0.051084794,0.040997174,0.026822135,0.014891111,0.018621346,0.019189963,0.054208472,0.029398162,0.05059518,0.044885453,0.027377613,0.01311986,0.025693122,0.020456696,0.013825894,0.023894351,0.02501995,0.05425094,2024-04-02 13:27:00
0.029576696,0.031110173,0.030410953,0.023331545,0.02119004,0.0138392085,0.02143058,0.019982673,0.022249809,0.06896509,0.038426086,0.034898978,0.031323686,0.028542282,0.034871437,0.018865611,0.05246603,0.02783642,0.042299327,0.044940267,0.027738553,0.025081463,0.028662559,0.022611162,0.020952715,0.036710303,0.04198761,0.04917323,2024-04-02 13:28:00
0.029032301,0.04128325,,,,0.018232908,0.026309358,0.018441316,0.022911077,0.056675285,0.022870027,0.040726893,0.03320791,0.024308816,0.026219964,0.022231529,0.016075088,0.030237362,0.036939662,0.044797108,0.028222859,0.023803512,0.016819427,0.031290818,0.011402542,0.04426066,0.027651291,0.056890935,2024-04-02 13:29:00
0.031939674,0.026674218,0.026398852,0.025416622,0.024518235,0.023001214,0.015424584,0.019687505,0.018565824,0.050361097,0.04177589,0.028198661,0.044521175,0.030472092,0.041029654,0.027011035,0.024067378,0.026118182,0.033466607,0.036822982,0.026964938,0.022165451,0.0292656,0.024047256,0.016690578,0.03308356,0.026899645,0.054142237,2024-04-02 13:30:00
0.033285815,0.03149055,0.03156117,0.0150584895,,0.015350826,0.019249266,0.025932768,0.021104412,0.057535734,0.03540698,0.03094585,0.030526653,0.023101253,0.02213329,0.02409115,0.02670003,0.028732015,0.036669817,0.04588733,0.027097203,0.014496565,0.025103912,0.021633364,0.014611707,0.041348103,0.01984945,0.051263057,2024-04-02 13:31:00
0.028928624,0.0418809,0.02394475,0.020818124,0.014339343,0.014447379,0.023095306,0.022937944,0.038170397,0.06267515,0.03883582,0.03945027,0.029567566,0.01714216,0.01945504,0.04043441,0.02687221,0.027099857,0.03921606,0.049794093,0.03171891,0.017096533,0.031555325,0.030252095,0.025956336,0.02851436,0.019456156,0.052206848,2024-04-02 13:32:00
0.030180944,0.020988088,0.023985654,0.018157234,0.027594656,0.01571714,0.03364837,0.022675326,0.031868353,0.052894,0.045649882,0.03896836,0.033914093,0.018392455,0.015827626,0.024224713,0.021806614,0.021727966,0.045392867,0.045104325,0.02900681,0.019639622,0.020595904,0.019475944,0.017425958,0.030652665,0.02320832,0.057611335,2024-04-02 13:33:00
0.027830092,0.012691745,0.033082295,0.03025386,,0.021063998,0.014038367,0.015009761,0.034928385,0.046076957,0.037265267,0.03931991,0.033890083,0.024595525,0.016292231,0.0356772,0.028795939,0.02497144,0.031157754,0.045457054,0.02993073,0.02088325,0.02213657,0.019129377,0.041613407,0.030871404,0.027205713,0.04837402,2024-04-02 13:34:00
0.027996361,0.034010977,0.02680315,0.020519178,0.027074168,0.022385268,0.026447298,0.019866468,0.027144337,0.04922625,0.05102344,0.037631344,0.028116433,0.021058435,0.0153216645,0.020470748,0.016873403,0.03634067,0.061925724,0.045096286,0.030480579,0.021154376,0.023277372,0.04640147,0.021566782,0.03755602,0.019511461,0.058287576,2024-04-02 13:35:00
0.02401909,0.030905703,0.023519263,0.019569172,0.023586014,0.013346143,0.021568846,0.024510425,0.018274402,0.069277935,0.023596937,0.028778581,0.034802854,0.020944824,0.025066972,0.017882485,0.018047042,0.024629058,0.027257986,0.044995256,0.028155841,0.018502383,0.017666051,0.025438366,0.017652698,0.029303037,0.019911092,0.066082254,2024-04-02 13:36:00
0.028728161,0.024874913,,,,0.021620784,0.02276954,0.020012014,0.017269155,0.050572835,0.050196745,0.034208346,0.03520061,0.026092632,0.039773293,0.021637263,0.019688424,0.07570292,0.032949746,0.036408,0.030026918,0.020887457,0.027088173,0.018564016,0.015513339,0.02393351,0.017926807,0.05508926,2024-04-02 13:37:00
0.031122942,0.03001329,0.03359912,0.013715903,0.02474303,0.016219566,0.023465833,0.021615433,0.025997294,0.055971712,0.044506267,0.0377885,0.028906727,0.02180874,0.017152129,0.02217962,0.04339101,0.023944419,0.032777492,0.04488684,0.029989108,0.020950953,0.023352373,0.028990254,0.020221025,0.032261442,0.017471557,0.05309101,2024-04-02 13:38:00
0.032875214,0.033228386,0.030674888,,,0.031844523,0.03637666,0.013458469,0.031289205,0.0665872,0.03385473,0.025798678,0.032178167,0.025087953,0.019188492,0.018630207,0.03762305,0.10116143,0.0371538,0.041291367,0.029658504,0.021440586,0.016013414,0.032369096,0.019974764,0.02716764,0.018978804,0.06369985,2024-04-02 13:39:00
0.02933186,0.034312174,0.036692664,0.040611893,0.026252372,0.017351026,0.027045147,0.023483427,0.028411292,0.036328197,0.030562453,0.032220885,0.028638678,0.016670724,0.017740719,0.017874362,0.02129314,0.031526264,0.046214134,0.044346206,0.03202812,0.015273583,0.025936726,0.02832041,0.011186588,0.0226393,0.018288577,0.063610494,2024-04-02 13:40:00
0.027487736,0.032099307,0.028862983,0.034438502,0.041921247,0.015606394,0.020582559,0.017578728,0.030652486,0.053494558,0.034609064,0.042308424,0.022006296,0.030318687,0.034525145,0.019677266,0.024759267,0.02440982,0.033871368,0.044968005,0.028203173,0.017460233,0.03459282,0.02601498,0.014434292,0.037181024,0.019444631,0.06504121,2024-04-02 13:41:00
0.029945532,0.03763429,,,,0.022182385,0.01590403,0.0143201295,0.034502763,0.06133491,0.026814692,0.030280383,0.042224515,0.022036204,0.049678404,0.02706979,0.02522992,0.022618636,0.12947753,0.03575386,0.027339486,0.018349111,0.02034925,0.025565024,0.030863166,0.035782915,0.017312637,0.056390822,2024-04-02 13:42:00
0.03222212,0.027703606,0.028794015,0.0273639,0.01954019,0.01865926,0.09856581,0.0207554,0.025464818,0.04700827,0.031982906,0.033073585,0.029732795,0.029217463,0.020685181,0.020650232,0.033740427,0.023370467,0.03745908,0.04476423,0.028449373,0.016541705,0.027262203,0.036407568,0.015745673,0.03052703,0.028642273,0.05647222,2024-04-02 13:43:00
0.03381501,0.025343716,0.017628241,0.026826818,0.016213547,0.014109059,0.10641704,0.019322196,0.022837302,0.059339833,0.03372119,0.026081359,0.02873715,0.030490516,0.028914263,0.026830187,0.050808374,0.025158882,0.024943888,0.045035616,0.029817993,0.014743404,0.030335255,0.027120797,0.013346185,0.029793546,0.02441053,0.058612045,2024-04-02 13:44:00
0.02549005,0.032159314,,,,0.013172389,0.018965812,0.020000108,0.023751821,0.057028763,0.041024543,0.0443812,0.028898207,0.026223177,0.02107109,0.020700764,0.019620653,0.025204755,0.040677156,0.04489847,0.026963623,0.015902698,0.0213395,0.024742529,0.011902275,0.030390993,0.02150091,0.055822104,2024-04-02 13:45:00
0.028792525,0.023250753,0.02320644,0.02345721,0.014750648,0.0142856045,0.023694985,0.011136885,0.024204068,0.041529972,0.03585574,0.027774077,0.043709222,0.022822676,0.026951607,0.044958483,0.019331312,0.023256337,0.031053776,0.052384935,0.026921235,0.01797066,0.019210018,0.021631164,0.012994199,0.028335027,0.022581968,0.04863193,2024-04-02 13:46:00
0.03406947,0.027575985,0.03481369,0.034176283,0.024517026,0.026225017,0.08476458,0.020373493,0.020586565,0.061757114,0.0383399,0.02076154,0.03999755,0.02036461,0.016705856,0.027402125,0.026754748,0.030254617,0.0238374,0.046241663,0.030103527,0.028980108,0.028874645,0.03181802,0.015359438,0.040416136,0.026766961,0.14937396,2024-04-02 13:47:00
0.03193718,0.027821807,,,,0.02286793,0.0182998,0.058229137,0.027229354,0.057610877,0.03864471,0.018791324,0.034178913,0.021760544,0.021989672,0.024391903,0.048311677,0.028500216,0.030740561,0.046588365,0.032218933,0.016900068,0.0341735,0.034413964,0.016906507,0.028314479,0.023859236,0.027931137,2024-04-02 13:48:00
0.04032811,0.020546623,0.023707874,0.030069428,0.033659965,0.014839948,0.11298028,0.016983008,0.027763963,0.05173722,0.0405697,0.03514801,0.032822337,0.024210794,0.015788833,0.021972679,0.049205326,0.031365532,0.02746121,0.0454477,0.030003773,0.02740487,0.018283354,0.021036152,0.016576309,0.037169114,0.026309123,0.03755723,2024-04-02 13:49:00
0.031835325,0.013602825,0.033743482,,,0.0153223025,0.018854275,0.016675074,0.02258679,0.057893645,0.039946984,0.033070575,0.029309891,0.019829499,0.045078214,0.023373397,0.01861688,0.026452873,0.031347614,0.044768177,0.028096998,0.011694821,0.01928144,0.024885066,0.019450353,0.028337976,0.029910646,0.05489977,2024-04-02 13:50:00
0.043909106,0.020444253,,0.036353614,0.02200998,0.016889121,0.019223113,0.015118675,0.023365038,0.061056938,0.043611996,0.02822079,0.030340046,0.024630208,0.020544067,0.02219009,0.038117208,0.027436497,0.03973239,0.044855326,0.029141279,0.019926801,0.031901322,0.027134582,0.014403025,0.031578973,0.07400944,0.069191314,2024-04-02 13:51:00
0.023255186,0.030503232,0.028463148,0.03213558,0.033170827,0.01932201,0.022797301,0.022446513,0.020800957,0.042806037,0.034029685,0.024091063,0.03496198,0.031934094,0.019911027,0.0266886,0.01751215,0.024084948,0.027334424,0.045167398,0.02889817,0.015700232,0.028023003,0.035078414,0.019258467,0.032642014,0.026205149,0.052394237,2024-04-02 13:52:00
0.08242765,0.031895787,0.028605996,0.029507892,0.01572203,0.017920285,0.02258092,0.016573401,0.015642714,0.052019693,0.03388463,0.045397066,0.030771814,0.02435769,0.019514946,0.02526244,0.025632065,0.018321075,0.033475604,0.04474761,0.031366624,0.015384317,0.022631599,0.023067527,0.026079135,0.041259363,0.08725119,0.045950208,2024-04-02 13:53:00
0.02763708,0.024568679,,,,0.019206325,0.018978631,0.025245756,0.020732593,0.056259196,0.02834474,0.021561937,0.031438284,0.016951868,0.017065896,0.026613496,0.036638092,0.02274182,0.02750413,0.04490254,0.030430699,0.018129157,0.013478696,0.019115057,0.02438936,0.023048727,0.022045625,0.05043637,2024-04-02 13:54:00
0.030239388,0.039184894,0.030355176,0.022166904,0.019826934,0.015109901,0.024157634,0.028487373,0.023837356,0.050745267,0.03800294,0.027824553,0.03646338,0.02368777,0.02062793,0.021352634,0.0441283,0.028578045,0.036329757,0.046193697,0.027569711,0.016235486,0.0188066,0.030922389,0.01588031,0.030160343,0.018955769,0.06670055,2024-04-02 13:55:00
0.029325707,0.03297404,0.03160898,0.029655851,0.021953588,0.019957103,0.021086998,0.019912533,0.025529066,0.05049617,0.043590277,0.03201254,0.03306506,0.032334533,0.018668119,0.02838405,0.038101017,0.029807314,0.03218549,0.04486815,0.028281698,0.016311899,0.024487251,0.034284707,0.02064154,0.030833716,0.025381206,0.06385862,2024-04-02 13:56:00
0.028638396,0.03393787,0.029149216,,,0.037024077,0.023096895,0.0231899,0.022591647,0.062997185,0.043270074,0.039755058,0.040130585,0.024555258,0.02533446,0.028568009,0.03481935,0.022549791,0.027935887,0.039423384,0.029215867,0.018949745,0.019845122,0.025628353,0.020525742,0.03442912,0.04759612,0.052971173,2024-04-02 13:57:00
0.030272992,0.02812942,0.02675504,0.028914185,0.023231199,0.0369778,0.02372406,0.04727645,0.027998928,0.066178545,0.037644256,0.02800778,0.04234482,0.02771258,0.026366128,0.038066596,0.01953743,0.036626976,0.036264736,0.078812435,0.028117029,0.018658442,0.02788495,0.03998972,0.019998822,0.0352228,0.018390134,0.067502335,2024-04-02 13:58:00
0.030837506,0.026476404,0.025241533,,0.019727293,0.03179961,0.019481774,0.021751953,0.019502522,0.06327601,0.026980864,0.026587365,0.03360037,0.024515914,0.03391955,0.029534332,0.03044089,0.03334899,0.04797397,0.042534605,0.027797308,0.036585744,0.018564114,0.02718903,0.035774194,0.02585583,0.022496236,0.06661539,2024-04-02 13:59:00
0.043512437,0.027092364,0.022831487,0.03819516,0.032661047,0.019598363,0.015702331,0.017778397,0.017990775,0.06309384,0.041451715,0.049920674,0.026210433,0.022705384,0.042307723,0.037069324,0.018263359,0.027386973,0.025213825,0.04490439,0.036784273,0.00936399,0.0213089,0.02941407,0.028749034,0.038614463,0.023031332,0.05376026,2024-04-02 14:00:00
0.025781117,0.026160002,0.028960573,0.023086457,0.13893189,0.016319456,0.022646984,0.024702862,0.02732128,0.05007312,0.037513793,0.03522084,0.031322308,0.019252967,0.026569638,0.030025812,0.0342412,0.033467986,0.029722948,0.044969976,0.027920563,0.020188928,0.014881817,0.02267167,0.015985137,0.038630318,0.017119125,0.056746956,2024-04-02 14:01:00
0.042959686,0.025194071,0.054963343,0.025300914,0.015438203,0.014307949,0.014426585,0.018571699,0.0230514,0.07226882,0.036894094,0.043806203,0.039225727,0.02229558,0.04913137,0.032323617,0.044193503,0.028299103,0.029179877,0.044822566,0.029967817,0.021572547,0.019139502,0.0302553,0.014693274,0.041557796,0.022447813,0.07406839,2024-04-02 14:02:00
0.028434789,0.026474727,,,,0.016622469,0.014203511,0.023786176,0.023187753,0.06391644,0.04872389,0.04188352,0.033089425,0.022395736,0.018054051,0.027670663,0.019688737,0.037052732,0.039960906,0.045199685,0.16693665,0.01862155,0.055347312,0.038455013,0.026645914,0.04302543,0.030173996,0.05917589,2024-04-02 14:03:00
0.030311031,0.034732714,0.02223571,0.017595526,0.022484286,0.01406407,0.024002748,0.022741804,0.020154143,0.06491919,0.04444555,0.03460492,0.045102924,0.015157079,0.018916154,0.03253561,0.025672238,0.035385277,0.023964262,0.044860784,0.028500883,0.01739206,0.028516937,0.027599206,0.017053906,0.04113928,0.024086364,0.0464177,2024-04-02 14:04:00
0.038581826,0.026228208,,,,0.015738638,0.022423958,0.018652575,0.0232511,0.06026741,0.036339477,0.03360155,0.039157305,0.02683314,0.019028755,0.04199983,0.028676782,0.029010281,0.021743767,0.049134698,0.028888758,0.09720614,0.01613675,0.045783132,0.02182467,0.038161077,0.027384201,0.074336894,2024-04-02 14:05:00
0.03624052,0.021283807,0.031559862,0.03491193,0.022730717,0.018196208,0.020238476,0.019294748,0.025480123,0.061933182,0.046140336,0.032326635,0.030209236,0.023981635,0.020293372,0.024102462,0.02288,0.021684589,0.0411679,0.044884805,0.062117938,0.02247551,0.02192328,0.028133037,0.01602667,0.03963629,0.031103428,0.04817399,2024-04-02 14:06:00
0.03977276,0.028019091,0.020164238,0.025679389,0.017942442,0.018539177,0.028075341,0.016386833,0.029620446,0.062096477,0.037792098,0.040086262,0.037299484,0.024120325,0.02726208,0.023004035,0.058158148,0.036793422,0.04029838,0.044914823,0.15844022,0.019695535,0.020904526,0.0357543,0.018413372,0.03803579,0.018032687,0.033039253,2024-04-02 14:07:00
0.02638482,0.02750436,,,,0.017542256,0.023035882,0.01819652,0.022052584,0.060330443,0.042206254,0.037908886,0.043838035,0.033492316,0.060224403,0.024726577,0.018309984,0.037609283,0.020704169,0.04585074,0.02622795,0.01931567,0.023812128,0.02890436,0.036548615,0.036361516,0.030219732,0.06278984,2024-04-02 14:08:00
0.026344737,0.040886875,0.023321081,0.043488566,0.028525036,0.015904374,0.030548641,0.016372005,0.023761524,0.056656975,0.024531377,0.026625501,0.028690314,0.01645935,0.02082423,0.024907554,0.033360817,0.02276585,0.029861825,0.04684241,0.04501514,0.018991884,0.026051199,0.015350863,0.025659308,0.03508847,0.024904309,0.058394015,2024-04-02 14:09:00
0.03542626,0.015992124,,,,0.018601663,0.020307612,0.025937606,0.027849365,0.058348726,0.032982104,0.030591197,0.036542453,0.022069504,0.03766534,0.029188896,0.036572497,0.0232718,0.01737313,0.04628927,0.030644028,0.013119236,0.033115443,0.03145104,0.02485344,0.04392887,0.022604292,0.082163244,2024-04-02 14:10:00
0.026672648,0.030028587,0.022112703,0.020024939,0.036374226,0.02749367,0.021981023,0.023630822,0.022133965,0.06988369,0.028548291,0.040790696,0.04509823,0.017822105,0.021192893,0.027482526,0.027294299,0.020836886,0.036681913,0.043585934,0.029343212,0.018030439,0.023869088,0.027883064,0.024603646,0.0434162,0.021156883,0.060009312,2024-04-02 14:11:00
0.03146844,0.028641548,0.038281754,0.024565486,0.018288238,0.023911793,0.023646068,0.023849102,0.02575321,0.054422908,0.022700628,0.046713058,0.03416366,0.052675813,0.0445326,0.033363853,0.028710825,0.0335821,0.048437912,0.036001753,0.03011331,0.03828164,0.02103085,0.030342434,0.015700124,0.043669596,0.021204865,0.062494937,2024-04-02 14:12:00
0.035312716,0.037149087,,,,0.022485062,0.02368376,0.020733189,0.050787807,0.06135786,0.03183228,0.04654356,0.038083382,0.019863738,0.03138139,0.026010942,0.015878988,0.0372389,0.03213413,0.036444698,0.03034135,0.026973832,0.011982458,0.02671532,0.016375339,0.036474343,0.018230123,0.0793832,2024-04-02 14:13:00
0.121101275,0.02813558,0.022815926,0.020046558,0.025039151,0.018679393,0.022834852,0.017157188,0.032535695,0.059586573,0.049782906,0.043702982,0.037127845,0.025066504,0.03616028,0.033384066,0.041970264,0.027508141,0.037232738,0.05078986,0.03769731,0.023714816,0.033621594,0.04416406,0.013362725,0.03381825,0.024211055,0.061170913,2024-04-02 14:14:00
0.032127332,0.028391873,0.032417323,0.022722103,0.030512054,0.018337961,0.08586482,0.019110402,0.08534149,0.05966271,0.036399838,0.031590503,0.038515072,0.034930114,0.016026162,0.028579503,0.035156846,0.025952358,0.029928543,0.045174643,0.036062278,0.015155738,0.019661305,0.0403437,0.01618619,0.03647351,0.021112844,0.040635202,2024-04-02 14:15:00
0.02733757,0.037051156,0.019605445,0.12927307,0.034749366,0.020605803,0.02010226,0.015400314,0.043102235,0.053999066,0.03612809,0.040545594,0.028819844,0.025074886,0.028044336,0.018841667,0.020108717,0.03353541,0.0488357,0.04507844,0.031253878,0.018299337,0.032006226,0.023906447,0.01872316,0.039801665,0.024762923,0.061410517,2024-04-02 14:16:00
0.03464459,0.02389652,0.027094318,0.020352295,0.020326559,0.04361073,0.030373609,0.015134412,0.017545464,0.060335115,0.03643705,0.036099534,0.036378875,0.030429572,0.037732136,0.02841294,0.04488266,0.02205732,0.025689658,0.048275,0.035767913,0.01945971,0.033377334,0.027175492,0.012488698,0.03234587,0.024297873,0.04855743,2024-04-02 14:17:00
0.029191492,0.017809568,,,,0.018545829,0.020542307,0.018006587,0.03109172,0.06741258,0.03835616,0.033207495,0.025916036,0.023048092,0.026681118,0.025359891,0.045297585,0.036510553,0.052647762,0.044875506,0.02984837,0.024289483,0.033144485,0.017625581,0.016202306,0.04526498,0.034380034,0.037919667,2024-04-02 14:18:00
0.043373525,0.028772177,0.03726263,0.023322318,0.03132281,0.013237296,0.015066819,0.020372076,0.017218735,0.04866939,0.028140308,0.03040455,0.029699814,0.02502716,0.023908837,0.02456839,0.03029971,0.037301846,0.042077955,0.044799305,0.030725645,0.0145874955,0.030294908,0.025611866,0.025420511,0.03776622,0.02252575,0.05895184,2024-04-02 14:19:00
0.03231114,0.02369931,0.022300348,0.031856608,,0.048408665,0.012351754,0.015146263,0.027752396,0.05625054,0.028015302,0.03274919,0.036113415,0.019065887,0.025016647,0.029613258,0.04644944,0.024252037,0.030540327,0.049356975,0.0328941,0.016030911,0.023839207,0.022205075,0.011357957,0.05566975,0.025460351,0.032880127,2024-04-02 14:20:00
0.030410696,0.025513176,0.026308317,0.022055093,0.016844925,0.025439138,0.027822498,0.029884921,0.024292214,0.065296754,0.03988035,0.049426384,0.03615797,0.033550438,0.023488212,0.03115951,0.020711467,0.026946444,0.028963145,0.050347522,0.031337917,0.018218774,0.020461284,0.036756195,0.022367572,0.045103665,0.028552912,0.051795706,2024-04-02 14:21:00
0.032260533,0.03344353,0.025610663,0.016650008,0.027947493,0.017726645,0.02285404,0.06874616,0.058261283,0.05496359,0.028267013,0.04907046,0.028363941,0.038690988,0.019586302,0.024869854,0.026624683,0.017557887,0.03998716,0.044869266,0.037058078,0.026027879,0.027020156,0.059667595,0.029273296,0.038639046,0.019368926,0.0711066,2024-04-02 14:22:00
0.023456963,0.030160435,0.02775408,,,0.01906066,0.02650045,0.017098906,0.026095957,0.056410503,0.035175797,0.034214403,0.03080061,0.021681685,0.019308252,0.032556206,0.022727147,0.030801835,0.051579177,0.04715511,0.029430538,0.022126457,0.026252145,0.026591526,0.023978887,0.038800247,0.023578875,0.067202546,2024-04-02 14:23:00
0.04009907,0.023327284,0.02874707,0.017301308,0.024643589,0.023735084,0.015975539,0.030932482,0.01900714,0.06006255,0.02916482,0.026384605,0.04850963,0.026271004,0.044723343,0.03987886,0.03700763,0.028033935,0.038576793,0.043934796,0.22560109,0.025192682,0.01466503,0.033930343,0.013870951,0.039144628,0.022773707,0.05775772,2024-04-02 14:24:00
0.027700212,0.013364113,0.025967365,0.022920707,0.03252023,0.028505811,0.025288342,0.022852002,0.030362682,0.058332346,0.039773762,0.025415806,0.037606448,0.024548814,0.01427237,0.04150324,0.03935543,0.04071921,0.03610827,0.043171808,0.032856524,0.018495088,0.02724232,0.02838249,0.019863939,0.041257475,0.029789984,0.073139235,2024-04-02 14:25:00
0.028556727,0.032939587,0.03043515,,,0.018701352,0.012022618,0.024793252,0.024688998,0.05919083,0.050824933,0.028062008,0.03558155,0.016440105,0.039100513,0.032921802,0.048380967,0.033495083,0.0406666,0.04492388,0.029641528,0.022182932,0.023885699,0.047013965,0.020913392,0.03621838,0.026690725,0.078221135,2024-04-02 14:26:00
0.030774858,0.028911518,0.022356415,0.025169972,0.017066492,0.027622936,0.024402613,0.028930807,0.03427712,0.060327336,0.039938293,0.023359481,0.036157504,0.022396646,0.035884738,0.04391638,0.03764133,0.03330182,0.042916723,0.039958842,0.029931556,0.032586157,0.021822728,0.05084073,0.012082654,0.046816263,0.024678487,0.06630362,2024-04-02 14:27:00
0.025378296,0.02016449,0.022407485,,,0.013392704,0.023528012,0.029080337,0.026724495,0.060925327,0.038110312,0.03654903,0.031989254,0.023327978,0.02855319,0.031446386,0.0350634,0.02480613,0.032747753,0.045056134,0.02923797,0.016212193,0.025162127,0.014774325,0.017633293,0.041328836,0.027437268,0.04888948,2024-04-02 14:28:00
0.03539774,0.031256665,,0.0169453,0.023000112,0.01924655,0.02116795,0.0241816,0.025621727,0.060161922,0.017698092,0.045226134,0.03131758,0.025649045,0.022473173,0.03261086,0.036385592,0.020623937,0.033615403,0.04613881,0.028891932,0.017653301,0.023836726,0.02680133,0.01337878,0.040262535,0.0262371,0.047771636,2024-04-02 14:29:00
0.026655303,0.015254087,0.02413437,0.0205851,0.015604504,0.016130216,0.022163847,0.014580427,0.020555202,0.056203157,0.040643156,0.03145919,0.038839128,0.022787323,0.033185124,0.045732018,0.028470976,0.02448297,0.032682996,0.044921663,0.030358778,0.018037269,0.04788628,0.028719943,0.015610456,0.035750125,0.023713376,0.040369116,2024-04-02 14:30:00
0.03452414,0.044654068,0.031264763,0.02017574,0.02695777,0.016765887,0.020838892,0.019256003,0.027060693,0.055409487,0.026050003,0.023418894,0.035427455,0.022658601,0.03323963,0.036991704,0.038521014,0.0153074525,0.030688835,0.044777647,0.025275134,0.01579798,0.030163348,0.034098957,0.012164328,0.041344278,0.021019023,0.07979385,2024-04-02 14:31:00
0.031012494,0.05351167,,,0.026221428,0.026954634,0.024786586,0.03456585,0.023493225,0.060678035,0.03805336,0.049361657,0.03263289,0.023463532,0.021350322,0.024603128,0.03544877,0.032839734,0.042468708,0.03915592,0.024564676,0.015969297,0.02104623,0.04744055,0.018092446,0.04283255,0.017306792,0.080904864,2024-04-02 14:32:00
0.03087529,0.018427309,0.028089553,0.021794833,0.022925273,0.025513114,0.025677724,0.028156552,0.031012902,0.0524371,0.032191075,0.042502973,0.03563736,0.047079775,0.025083652,0.027245468,0.02874744,0.028180834,0.036913905,0.063701786,0.039737288,0.017165273,0.0169035,0.03422274,0.010399934,0.043908097,0.02983307,0.066291295,2024-04-02 14:33:00
0.0307977,0.013869281,0.031052973,0.021704743,0.017184515,0.03300207,0.028409662,0.017256152,0.03185518,0.056486364,0.05044287,0.021788085,0.027570952,0.02377772,0.028538166,0.027669845,0.029760389,0.028262652,0.02772283,0.041401263,0.030281909,0.026875775,0.019303111,0.020344371,0.011104641,0.045585323,0.024316888,0.06753966,2024-04-02 14:34:00
0.030517193,0.029416634,,,,0.024400251,0.020768011,0.014094831,0.024716543,0.060189605,0.030007716,0.044246357,0.03599242,0.021673782,0.018777242,0.031070782,0.03123981,0.033179473,0.041751683,0.044785112,0.02922426,0.016033622,0.02258133,0.04690817,0.042055577,0.04098808,0.032640252,0.07709535,2024-04-02 14:35:00
0.030600283,0.03321184,0.026409768,0.017909603,0.04206824,0.021031467,0.024577131,0.013017982,0.036669303,0.04581531,0.051501475,0.045725778,0.028643526,0.022690214,0.027525075,0.026193582,0.0399419,0.020015363,0.044056416,0.036020745,0.03431576,0.029505784,0.026344018,0.020322451,0.015158889,0.040157434,0.02043812,0.079278775,2024-04-02 14:36:00
0.024276407,0.025147865,0.025517028,0.014859475,,0.03087444,0.01737561,0.028715428,0.02858153,0.060345892,0.04700374,0.032361608,0.03986699,0.04061395,0.020814078,0.02540126,0.03545985,0.025115272,0.057196677,0.04473673,0.032089144,0.023328904,0.029384129,0.028687622,0.014881123,0.038653113,0.023225116,0.068449326,2024-04-02 14:37:00
0.024076622,0.03484335,,,0.035665605,0.040093157,0.025463229,0.019548016,0.03817444,0.0662319,0.036297385,0.029408196,0.03648454,0.02489689,0.047631644,0.035248734,0.031528734,0.027082082,0.050742876,0.08488401,0.027372919,0.019939795,0.020537637,0.03351424,0.012418499,0.042694185,0.02516845,0.07037761,2024-04-02 14:38:00
0.027343625,0.026051171,0.02607166,0.02146107,0.026467554,0.024964945,0.025458839,0.035811577,0.03815961,0.0543721,0.03655315,0.030269438,0.032620195,0.014821204,0.02918637,0.025805805,0.04084948,0.029070048,0.029765747,0.0364905,0.03474121,0.019163016,0.037241884,0.028213538,0.008002147,0.04771931,0.021906009,0.0682414,2024-04-02 14:39:00
0.032081634,0.016837852,0.016373374,,,0.022118384,0.022267805,0.017267365,0.028622149,0.05785878,0.037843626,0.02709034,0.04922772,0.018981384,0.025374442,0.0228994,0.029568478,0.018106133,0.03388234,0.035979357,0.041804824,0.023435326,0.02813468,0.03385167,0.009992017,0.03980959,0.029357828,0.06748124,2024-04-02 14:40:00
0.028439272,0.03118454,0.023882112,0.014758344,0.017869275,0.0189849,0.02057375,0.02881108,0.038282663,0.059354026,0.04190083,0.02705857,0.030798076,0.022653488,0.019495862,0.027794434,0.022974173,0.032526523,0.032867815,0.044545528,0.027265387,0.019702978,0.01722994,0.024614444,0.022285484,0.039112277,0.09747289,0.06872061,2024-04-02 14:41:00
0.025204327,0.07216964,0.02423674,0.036253206,0.012779017,0.022134071,0.053751938,0.023568643,0.03137048,0.053473007,0.039786674,0.030515632,0.037513763,0.018141463,0.029694896,0.03207832,0.02999886,0.030154143,0.027672675,0.038919065,0.029227829,0.039802402,0.023818681,0.029316247,0.009846735,0.043896075,0.024256073,0.07999485,2024-04-02 14:42:00
0.029553942,0.0354,,,,0.02806822,0.020370398,0.018620549,0.019226799,0.046514798,0.0296172,0.029353859,0.0376625,0.017396688,0.01927755,0.027529659,0.029003918,0.026739607,0.020615824,0.055731397,0.028898563,0.037554175,0.026298389,0.032153204,0.024596367,0.042071436,0.02441626,0.11332909,2024-04-02 14:43:00
0.024534456,0.028018396,0.026333166,0.06504041,0.029115694,0.022350296,0.019469786,0.0136340195,0.023120435,0.055416346,0.04639481,0.019946592,0.067829765,0.021231627,0.021552924,0.047002047,0.035660118,0.026746685,0.029796971,0.046806786,0.028877521,0.019813502,0.018500358,0.038740464,0.022155724,0.041839253,0.04393105,0.02675428,2024-04-02 14:44:00
0.01911654,0.03878707,0.0249421,0.02861742,0.024617605,0.03140942,0.023126008,0.01810964,0.031995572,0.04870253,0.04531403,0.019125918,0.03500178,0.048906844,0.024303058,0.033054084,0.028983917,0.028531788,0.038999807,0.043363493,0.028128544,0.03195683,0.03889348,0.036946725,0.015780149,0.041648082,0.025769914,0.03266119,2024-04-02 14:45:00
0.026232036,0.03339358,,,,0.028635012,0.021813126,0.027119426,0.023731044,0.06410228,0.037687898,0.028439024,0.03574038,0.02448829,0.024458565,0.019552402,0.02318595,0.029406955,0.030932227,0.03596607,0.035464272,0.023484193,0.031315465,0.033808343,0.015824128,0.043728046,0.027796045,0.041054428,2024-04-02 14:46:00
0.027382698,0.020572959,0.02268385,0.019991904,0.023458738,0.025120946,0.02173253,0.017764146,0.028602773,0.05646665,0.029900547,0.031568497,0.037211064,0.018885775,0.024822991,0.019974438,0.03046417,0.028170923,0.030855991,0.06196476,0.029470336,0.019414043,0.020652222,0.031814907,0.012099852,0.043871008,0.033601448,0.05078068,2024-04-02 14:47:00
0.027680892,0.038533933,0.020756362,,0.01995637,0.025903823,0.02531529,0.019923694,0.027543217,0.049409125,0.028050113,0.030619346,0.029111063,0.03174567,0.018388702,0.025197878,0.019923624,0.029505426,0.038680736,0.036311865,0.033741888,0.017871007,0.0523506,0.03216607,0.012467385,0.04211461,0.027782604,0.038109194,2024-04-02 14:48:00
0.027692227,0.027550252,,0.023822464,0.023317743,0.020736698,0.024348477,0.02224813,0.025511682,0.055299103,0.027731534,0.026616039,0.026387876,0.024935048,0.033035576,0.029565664,0.036628164,0.025203604,0.0557554,0.03673188,0.026895087,0.016415488,0.03395653,0.033743955,0.011259122,0.042384602,0.029203322,0.04438238,2024-04-02 14:49:00
0.028556312,0.047427524,0.025884515,0.021616219,0.031480305,0.026501887,0.018406503,0.017283734,0.037292674,0.051762577,0.039416138,0.028071761,0.03577595,0.023973431,0.021516498,0.026462989,0.033124194,0.032522403,0.034789238,0.053394675,0.02924568,0.02637364,0.034513652,0.038052928,0.0191845,0.040335,0.025632616,0.041754816,2024-04-02 14:50:00
0.023837548,0.035698894,0.031051438,0.03667504,0.021612765,0.021322977,0.021437025,0.015441454,0.029354043,0.05210314,0.04758877,0.023721458,0.035170816,0.021824973,0.037241507,0.02335614,0.025989253,0.018063914,0.027246876,0.0450375,0.029065069,0.017159518,0.023355776,0.034275245,0.011322915,0.047472835,0.018155208,0.049168475,2024-04-02 14:51:00
0.034658376,0.039995063,,,0.027545737,0.037435424,0.021021254,0.013867958,0.03151203,0.05010316,0.025605034,0.024695389,0.0417679,0.027402481,0.043204147,0.021273224,0.025612552,0.038290452,0.048837915,0.035681527,0.032636553,0.032770388,0.03145766,0.034360584,0.014650845,0.0425667,0.027292386,0.056474697,2024-04-02 14:52:00
0.037686996,0.045248292,0.029386144,0.016808655,0.035870776,0.047180083,0.02783767,0.018213514,0.02766734,0.063151136,0.03206448,0.025524221,0.034133025,0.018808316,0.033944063,0.021458616,0.01978416,0.02456583,0.044926155,0.039406937,0.033040054,0.025656447,0.02572546,0.03670858,0.01652099,0.037448924,0.029998697,0.048868548,2024-04-02 14:53:00
0.031740572,0.03498768,0.03427625,0.029582852,0.012622365,0.015052117,0.021191165,0.021835284,0.025792457,0.052736666,0.037560806,0.03549964,0.029580928,0.02144825,0.03505209,0.027045896,0.02658589,0.03337569,0.051822264,0.04489289,0.028463671,0.015879383,0.027508326,0.02449066,0.038868982,0.045150373,0.026187131,0.04477948,2024-04-02 14:54:00
0.027024554,0.014653491,,,0.019312305,0.03132005,0.02204384,0.01842879,0.03252209,0.053866677,0.10628485,0.036183108,0.027952773,0.022852855,0.025340484,0.023145074,0.024563497,0.03245281,0.051471177,0.060551018,0.032080088,0.031494383,0.025218679,0.01733571,0.014159847,0.038563933,0.018916782,0.05025229,2024-04-02 14:55:00
0.032268796,0.016732667,0.019862939,0.029691402,0.023498286,0.015808523,0.020363476,0.028849076,0.031214366,0.05133168,0.04081336,0.031451,0.030154146,0.023196317,0.021151632,0.030865027,0.024144007,0.02295492,0.021646418,0.045098912,0.20217831,0.015599643,0.017675508,0.024481205,0.013408131,0.0458664,0.016971113,0.044273917,2024-04-02 14:56:00
0.07788731,0.0357121,0.023964617,0.0433679,,0.016265662,0.012326617,0.022410871,0.023047725,0.055614866,0.043858517,0.026188249,0.033292286,0.016339213,0.02138559,0.026352825,0.020381305,0.026671564,0.037191045,0.044814553,0.02561306,0.010782338,0.034650214,0.02602682,0.009760132,0.045928616,0.11334389,0.039933134,2024-04-02 14:57:00
0.034149237,0.038562417,,,0.03273586,0.017299023,0.018114416,0.021961268,0.035398707,0.052574053,0.047050588,0.032304242,0.045425944,0.021455573,0.023246542,0.029137522,0.025665447,0.024199951,0.027924318,0.05519033,0.034223497,0.023056462,0.029551258,0.04704088,0.013707131,0.051701613,0.036614716,0.053450298,2024-04-02 14:58:00
0.05628141,0.03900353,0.020441722,0.036621664,0.017740693,0.015447756,0.020500991,0.028320007,0.031767763,0.055965737,0.025814435,0.02943495,0.036640793,0.023377357,0.025149731,0.026887404,0.03432079,0.027571145,0.02784696,0.044872127,0.02790125,0.012991016,0.019371161,0.025419613,0.038177405,0.047726735,0.022750292,0.028868638,2024-04-02 14:59:00
0.035851922,0.035204742,0.0410797,,,0.03806493,0.025012262,0.020719571,0.02550753,0.058546253,0.04551074,0.030886393,0.035488445,0.029663945,0.03157547,0.017833466,0.027001185,0.03299572,0.034761954,0.04120196,0.028552067,0.02690694,0.02655487,0.041400988,0.011752307,0.034315586,0.020820726,0.047736127,2024-04-02 15:00:00
0.02528818,0.023046967,0.01662861,0.03148479,0.03626112,0.019412847,0.019396959,0.017746301,0.042086575,0.047904514,0.018720068,0.026190283,0.041341968,0.034804884,0.024126265,0.03185966,0.030996352,0.03194273,0.030055169,0.035640866,0.04236165,0.030572476,0.027586669,0.023509031,0.017421464,0.043262564,0.016618531,0.047370516,2024-04-02 15:01:00
0.04680292,0.032763463,0.023768343,0.043574635,0.0182898,0.026791,0.1605808,0.02489039,0.026828224,0.06137684,0.04005489,0.031981286,0.035861235,0.024707926,0.031356372,0.028074933,0.035026543,0.021111423,0.018165177,0.044935852,0.0297751,0.015224393,0.020446396,0.02639541,0.022698639,0.04182645,0.017811026,0.053982887,2024-04-02 15:02:00
0.023431133,0.01875363,,,,0.023578191,0.17318259,0.01777182,0.026057422,0.05645551,0.03336134,0.030819649,0.03825165,0.021523999,0.018036721,0.021542419,0.03200057,0.021928648,0.023785936,0.036038205,0.030429939,0.017715044,0.017527945,0.02075516,0.034110267,0.039653167,0.047685277,0.042188942,2024-04-02 15:03:00
0.025298597,0.017788105,0.03394197,0.04070832,0.02340652,0.023609644,0.041106887,0.031176997,0.04157373,0.05806617,0.035971727,0.015035648,0.058272533,0.029644405,0.018890897,0.030417359,0.032352842,0.03311493,0.025159758,0.03735606,0.040172268,0.016187146,0.026597008,0.024808327,0.017594714,0.04153918,0.016542502,0.05919958,2024-04-02 15:04:00
0.03293092,0.027253835,0.02280375,0.043723926,,0.03167033,0.023710009,0.028620841,0.023497328,0.053663336,0.03732298,0.026454065,0.04030297,0.02344474,0.022144016,0.02709749,0.02880936,0.024762938,0.038463406,0.04102251,0.033834472,0.030699687,0.025389146,0.029560214,0.01899982,0.04612319,0.029533837,0.04369655,2024-04-02 15:05:00
0.048094593,0.031234864,0.035680044,0.01785604,0.007359071,0.017138498,0.023865033,0.021838646,0.033607736,0.053928632,0.02850055,0.025805553,0.030132104,0.022842176,0.022940967,0.026229106,0.030812709,0.026121184,0.030364342,0.044868484,0.028770225,0.015386974,0.02705466,0.015806302,0.023622843,0.048444413,0.023810182,0.04307357,2024-04-02 15:06:00
0.030586349,0.031766184,0.022476517,0.049315378,0.025223507,0.039442044,0.020334829,0.018474726,0.028550396,0.057194054,0.03594438,0.027656963,0.05244422,0.02990192,0.023166757,0.056474976,0.0286078,0.024632053,0.032099433,0.04272586,0.03149995,0.026003493,0.021707859,0.02921917,0.020950647,0.04090481,0.02506847,0.058214802,2024-04-02 15:07:00
0.030006405,0.035511125,0.02561883,,,0.014325604,0.017755141,0.031588305,0.031955887,0.046408143,0.078285925,0.024089398,0.0426287,0.021167897,0.21179207,0.03352914,0.03145076,0.030769968,0.027154032,0.03693692,0.031054785,0.013062462,0.025039796,0.028985376,0.015523992,0.046884123,0.022793371,0.05079372,2024-04-02 15:08:00
0.03291914,0.02577256,0.030655699,0.015629673,0.022547748,0.025558366,0.018990224,0.022911862,0.027166767,0.05721239,0.03799668,0.032723587,0.03231154,0.025129877,0.023995755,0.024767693,0.022329425,0.027971959,0.03678949,0.04136675,0.029861731,0.019254228,0.019580524,0.021426145,0.0227621,0.0427481,0.02047335,0.059849724,2024-04-02 15:09:00
0.036331583,0.012610483,0.01587661,0.023372384,0.023353737,0.038521383,0.026518313,0.016367115,0.030020913,0.053260658,0.025223613,0.037661955,0.027694657,0.02233744,0.025345035,0.02132912,0.029741462,0.03152717,0.049044035,0.0443408,0.028406056,0.048877135,0.022300852,0.026529942,0.028562512,0.041032102,0.021476012,0.053743776,2024-04-02 15:10:00
0.03646618,0.03251587,0.03218276,0.14938381,0.01713076,0.018505074,0.26609936,0.027590951,0.030682804,0.059058536,0.03973964,0.045835093,0.038809095,0.041472923,0.017122218,0.027781462,0.021791676,0.032918956,0.047264792,0.03590427,0.03421024,0.025567183,0.030467551,0.021760173,0.011221546,0.042435754,0.020839391,0.04217404,2024-04-02 15:11:00
0.029607242,0.023390563,0.028100962,0.01715048,0.027436426,0.019541206,0.026407922,0.021183185,0.03724783,0.058224916,0.040325858,0.031812496,0.07337351,0.013107578,0.016589874,0.033017892,0.028492214,0.024431396,0.04699037,0.038473465,0.02946947,0.024132302,0.024322618,0.13426046,0.029374214,0.040792316,0.02206773,0.041697275,2024-04-02 15:12:00
0.032481752,0.043382987,0.020088203,0.035122804,,0.027603189,0.016224796,0.015879538,0.04160312,0.052812032,0.030119887,0.027851759,0.045292493,0.03849584,0.021066386,0.030318832,0.0211326,0.03173148,0.04381532,0.04525175,0.031378545,0.032166786,0.026251435,0.037944518,0.026336329,0.044082996,0.029508872,0.04803654,2024-04-02 15:13:00
0.029748902,0.03374412,,,0.026812697,0.019021261,0.025733061,0.06220562,0.033085056,0.053043652,0.034924712,0.01943624,0.03097176,0.022570798,0.020363538,0.029855294,0.0190568,0.01851663,0.05258575,0.04988727,0.030221548,0.014918342,0.040955212,0.028071027,0.019182941,0.046555802,0.021544266,0.054525428,2024-04-02 15:14:00
0.030555127,0.02550189,0.03037783,0.017459959,0.020846754,0.022508314,0.02304965,0.011443135,0.04065731,0.050629314,0.036350805,0.032942936,0.036531657,0.020793991,0.021336108,0.034705423,0.015781075,0.028786948,0.029339593,0.073846035,0.030647576,0.024239205,0.015435358,0.037156958,0.01163996,0.043430623,0.03087156,0.036764666,2024-04-02 15:15:00
0.037749544,0.020385807,0.02213799,0.016669352,0.01354562,0.029676214,0.020490743,0.010529036,0.030855158,0.06338115,0.043595996,0.027300822,0.031503595,0.015260794,0.032651983,0.03122039,0.025105713,0.029858742,0.02623877,0.04234574,0.030554665,0.02335148,0.018035928,0.01625252,0.027342387,0.03544234,0.023901872,0.046477266,2024-04-02 15:16:00
0.035085075,0.033143923,,,,0.021811362,0.02562612,0.014749184,0.025358986,0.059152495,0.029569728,0.035216283,0.036622856,0.022461966,0.021635452,0.028756084,0.016991993,0.02701183,0.019198855,0.044555813,0.017653273,0.016516587,0.032435466,0.017021047,0.01744333,0.03972784,0.024595687,0.04499339,2024-04-02 15:17:00
0.028409231,0.028037516,0.033960264,0.0425697,0.011976756,0.03666271,0.026531616,0.021344159,0.031507842,0.05668887,0.03904635,0.027004434,0.03379793,0.019019144,0.01935985,0.029575175,0.0104314005,0.038900547,0.038680755,0.04055627,0.029870702,0.028396852,0.022563197,0.026489718,0.023797993,0.0373067,0.016687728,0.05480128,2024-04-02 15:18:00
0.031160148,0.016977753,0.031258114,0.018670207,0.020629743,0.024404816,0.0260167,0.018329527,0.03332626,0.054973755,0.03165968,0.028024025,0.03758249,0.04015941,0.027334131,0.040923614,0.01784497,0.0327893,0.036845464,0.04821334,0.027568134,0.03709766,0.040146906,0.03343047,0.01699479,0.037657294,0.018394865,0.03251139,2024-04-02 15:19:00
0.032276336,0.031769827,,,,0.031404763,0.024201345,0.01824109,0.028772516,0.05943016,0.0403354,0.024304839,0.03299015,0.016302371,0.031261504,0.025115546,0.014581696,0.030041207,0.03711453,0.04084989,0.029899335,0.02339879,0.022276046,0.040861644,0.019174341,0.03443918,0.022130048,0.032117758,2024-04-02 15:20:00
0.025856175,0.024859315,0.026321815,0.032423656,0.0311868,0.029179048,0.026843714,0.02398452,0.0367953,0.057970267,0.027471961,0.06053978,0.028126948,0.015482416,0.024012122,0.025168201,0.015928995,0.025845578,0.14883131,0.04278349,0.029627051,0.038265277,0.030083742,0.024547502,0.021650108,0.035718117,0.024854021,0.06864993,2024-04-02 15:21:00
0.02672522,0.024773644,,,0.0169383,0.032648265,0.024560587,0.025385283,0.04694021,0.04302862,0.024854941,0.02957113,0.031573433,0.022339994,0.013948266,0.03652765,0.016351145,0.035168126,0.049912438,0.06810772,0.03959175,0.023570755,0.031176003,0.031917024,0.011645913,0.03722268,0.026976105,0.04656176,2024-04-02 15:22:00
0.029094817,0.032008033,0.034537364,0.016513089,0.012506417,0.027718263,0.021064434,0.016246788,0.03210454,0.059551653,0.02570036,0.02565156,0.027889844,0.016594933,0.032227114,0.0313503,0.016461283,0.03673892,0.053585153,0.03883176,0.031845625,0.019210698,0.02602643,0.046705417,0.017284025,0.0427105,0.023326987,0.046968244,2024-04-02 15:23:00
0.03411774,0.030226378,0.027495792,0.019054323,0.017109893,0.028206203,0.02107782,0.018425513,0.030698333,0.05994495,0.04622309,0.03383567,0.025892658,0.02004759,0.03112142,0.028823236,0.029530931,0.035238102,0.056276932,0.045105416,0.10849237,0.02918439,0.021921465,0.020591306,0.031627487,0.03159646,0.02123873,0.05700054,2024-04-02 15:24:00
0.031718496,0.025515636,,,0.008861634,0.020576578,0.020050617,0.034887794,0.029827282,0.06066984,0.037283275,0.028710458,0.033716045,0.0249438,0.028562773,0.028022971,0.009278373,0.036629967,0.04620167,0.03669683,0.031521447,0.013668898,0.022501348,0.024626313,0.025241876,0.034442548,0.02980565,0.026858741,2024-04-02 15:25:00
0.024744026,0.032377884,0.020041546,0.11642561,0.013607406,0.01878345,0.020033827,0.014896527,0.0221676,0.055046555,0.03266338,0.017082961,0.04401277,0.019766701,0.024617067,0.03144985,0.01660936,0.025911689,0.02599412,0.042334184,0.028052969,0.11317791,0.022913437,0.027395312,0.018510215,0.033801522,0.02272858,0.05947292,2024-04-02 15:26:00
0.0280363,0.020350682,,,0.01172386,0.010395087,0.02576333,0.024976978,0.032143332,0.045564618,0.021803768,0.023428483,0.041052368,0.018148918,0.045308303,0.028482638,0.020494975,0.01714377,0.029925901,0.036338404,0.029392822,0.017095888,0.021172235,0.024191083,0.017334692,0.03774171,0.025155779,0.05201421,2024-04-02 15:27:00
0.02337239,0.01897653,0.016162079,0.017512003,0.021038897,0.02059434,0.016709428,0.0229434,0.03323981,0.04925264,0.031383667,0.033973802,0.026832538,0.017776284,0.03743174,0.028930515,0.030632759,0.12718467,0.049947716,0.045157064,0.032870635,0.019039126,0.015173153,0.016332291,0.03725982,0.030996272,0.026447706,0.034719415,2024-04-02 15:28:00
0.02946889,0.030390361,0.023572175,0.038480245,,0.019268341,0.02393416,0.021896543,0.036286283,0.054713264,0.043126896,0.025173113,0.036749847,0.029330116,0.015687043,0.02599262,0.027562313,0.032291822,0.035269316,0.041582048,0.03123367,0.021255035,0.024127668,0.040856183,0.02279401,0.042653147,0.06191005,0.04642401,2024-04-02 15:29:00
0.021293493,0.030327812,0.028432095,0.21440807,0.008412116,0.043003738,0.05935509,0.012066102,0.023836087,0.062459327,0.036564615,0.022535857,0.05644025,0.015898887,0.023262562,0.033761285,0.017755868,0.03105372,0.023423528,0.0458478,0.029646479,0.043087613,0.024785465,0.017288461,0.01217621,0.04015136,0.02184344,0.057064943,2024-04-02 15:30:00
0.032416616,0.018334089,0.02862798,0.046012007,0.016535655,0.021498395,0.024995685,0.01638309,0.048240736,0.053247225,0.04686785,0.04617518,0.042122893,0.025106331,0.020953946,0.033638187,0.021528034,0.039220445,0.032719865,0.0412671,0.029897667,0.0175909,0.016285269,0.031616226,0.017992793,0.045056455,0.07619722,0.059303448,2024-04-02 15:31:00
0.021729264,0.02152477,,,,0.023196764,0.021840127,0.021248333,0.024739478,0.055355776,0.037946194,0.023496049,0.03969915,0.07859636,0.047531668,0.026613608,0.017161673,0.023790002,0.037507705,0.04493028,0.022390174,0.016458156,0.019966897,0.019342342,0.02122447,0.04288123,0.024169387,0.056164227,2024-04-02 15:32:00
0.0207656,0.030596722,0.020615825,0.02980937,0.019809881,0.018964998,0.023790376,0.015302793,0.019258559,0.043677162,0.036799934,0.029728064,0.03905468,0.022072125,0.026147077,0.03530598,0.023957519,0.022704082,0.028674876,0.036563676,0.02867162,0.016441867,0.01828707,0.034052007,0.027585732,0.0419086,0.028972415,0.028744292,2024-04-02 15:33:00
0.034523852,0.034008842,0.026088037,,,0.025933994,0.018475419,0.014082325,0.02098988,0.06626054,0.029618502,0.021777725,0.03770404,0.01973036,0.035121664,0.029956982,0.02566517,0.027673256,0.023520853,0.038996343,0.027885852,0.021378169,0.023178108,0.046236984,0.02348291,0.039218076,0.027982088,0.054218445,2024-04-02 15:34:00
0.029307764,0.028529624,0.036903217,0.017126873,0.02058854,0.029985618,0.015629401,0.019243302,0.020102216,0.053554844,0.032952044,0.019651774,0.03410554,0.023123028,0.024596876,0.031933196,0.020887146,0.025331086,0.050241843,0.03972979,0.031537075,0.07859198,0.045950342,0.029997412,0.03164472,0.0418707,0.017835502,0.057117246,2024-04-02 15:35:00
0.13354452,0.029545425,0.02498652,0.033574868,,0.028324874,0.031646837,0.013366626,0.020034494,0.054499,0.020133255,0.09413926,0.035034638,0.018448729,0.024670867,0.03424784,0.01122078,0.04315881,0.05202974,0.041167714,0.031102888,0.030467074,0.024495313,0.019538864,0.019634936,0.038767092,0.021033447,0.033608176,2024-04-02 15:36:00
0.026807943,0.12626953,0.12661006,,0.013258995,0.016965767,0.02582208,0.009227228,0.02524914,0.056366198,0.035174657,0.036641836,0.034750387,0.015812969,0.01670544,0.030008463,0.018269513,0.017380126,0.030594958,0.044780724,0.027997648,0.017191416,0.028930444,0.021630565,0.015550529,0.038762975,0.025132999,0.059509665,2024-04-02 15:37:00
0.039308578,0.028867068,0.030984674,0.031765822,0.011713664,0.016254636,0.026583323,0.019275373,0.021242177,0.03855267,0.038967192,0.03000401,0.033883173,0.036824957,0.0194492,0.03748226,0.014750223,0.022802541,0.053513557,0.044977054,0.03318973,0.017830174,0.022648541,0.03000326,0.030937376,0.040664915,0.022730371,0.054835305,2024-04-02 15:38:00
0.031048585,0.03734058,0.029929165,0.016759122,0.018602964,0.01718207,0.028536081,0.019190757,0.02387623,0.054706607,0.03761486,0.032017373,0.028944261,0.02139408,0.021843344,0.02571068,0.04654322,0.039148424,0.048317175,0.045767788,0.034984834,0.026496481,0.018926518,0.019667165,0.015409035,0.04280345,0.022007812,0.058499802,2024-04-02 15:39:00
0.032022852,0.02741667,,0.038187046,0.018329985,0.018840276,0.03364806,0.027905064,0.01830137,0.047922198,0.03908884,0.037586268,0.068855315,0.018238356,0.035653263,0.03179103,0.027386323,0.018028576,0.0462916,0.036532108,0.02980262,0.015776297,0.031155776,0.025224132,0.012677311,0.0433888,0.032301545,0.06364515,2024-04-02 15:40:00
0.018180491,0.033062562,0.019150302,0.017446453,0.012601119,0.024016507,0.02714596,0.023989787,0.015647998,0.060063608,0.039783627,0.02432224,0.03614739,0.020671198,0.02612666,0.029419728,0.013745553,0.029405551,0.028025547,0.053356662,0.03169598,0.0167908,0.017051186,0.020371066,0.02151754,0.047195766,0.05826437,0.04462734,2024-04-02 15:41:00
0.027566418,0.033945356,0.022117022,0.21534039,0.018997256,0.031491928,0.023791915,0.023688368,0.016301252,0.052526325,0.03682071,0.020173157,0.03694806,0.021815596,0.04045761,0.036811356,0.022610532,0.025527261,0.026152186,0.048887942,0.030302735,0.022206044,0.038725983,0.021167306,0.02181341,0.04681922,0.027627448,0.06287739,2024-04-02 15:42:00
0.032057412,0.03536615,0.031736672,,0.017927965,0.021792913,0.02391294,0.023401732,0.01841705,0.05482171,0.22230165,0.019442588,0.03567855,0.009247486,0.021440431,0.03055649,0.025066614,0.01657053,0.038918503,0.0361718,0.032545064,0.028627196,0.01787904,0.020697335,0.03766083,0.042325426,0.028916756,0.05243493,2024-04-02 15:43:00
0.028212827,0.034088932,0.018509606,0.03464809,0.016666226,0.019773504,0.019891901,0.02054435,0.020304628,0.05923134,0.029380448,0.030073239,0.03061555,0.027037617,0.037424736,0.029414559,0.01734406,0.026704237,0.051530644,0.035833452,0.028484864,0.034919064,0.0313993,0.029053388,0.02439257,0.037942454,0.016701953,0.18188177,2024-04-02 15:44:00
0.027866365,0.024409411,0.022008857,,0.015678158,0.022369033,0.02291959,0.01966501,0.015849927,0.06613798,0.045802448,0.037915275,0.029282331,0.037586905,0.017364899,0.03183277,0.023787506,0.031783756,0.054478753,0.03649597,0.036908284,0.04122865,0.01882441,0.040702336,0.04279839,0.041131075,0.027073521,0.05268048,2024-04-02 15:45:00
0.02858267,0.024047907,0.017384458,0.023890883,0.014080863,0.036525123,0.02657088,0.012263395,0.018709257,0.05691567,0.032468043,0.021234784,0.029433178,0.032376148,0.023480022,0.037184525,0.015804974,0.034021728,0.044101153,0.038945857,0.029720841,0.039860237,0.016012756,0.024156721,0.030858703,0.039102666,0.023464503,0.053141654,2024-04-02 15:46:00
0.032270145,0.027811533,0.020956121,,0.019799424,0.018580325,0.024360009,0.019754188,0.016890587,0.049509432,0.033324476,0.029323231,0.028745374,0.017822325,0.023336392,0.029567124,0.02805037,0.030165358,0.03473429,0.036954146,0.026382621,0.017126303,0.027801694,0.014672292,0.01732371,0.039969794,0.025357513,0.051767204,2024-04-02 15:47:00
0.031705227,0.023622105,0.031713944,0.0364312,0.013431983,0.02293438,0.02247684,0.015991993,0.08241735,0.045687262,0.03643925,0.024769267,0.032733154,0.02490195,0.03148588,0.028196407,0.04257574,0.030482722,0.04238832,0.04478887,0.033091847,0.02723002,0.029894745,0.03544856,0.022712205,0.04697206,0.039415546,0.055362303,2024-04-02 15:48:00
0.030991945,0.028667573,0.020614257,0.018422397,0.019526083,0.019893402,0.021018526,0.016893262,0.022461114,0.05791639,0.03524559,0.03104004,0.033521075,0.0216529,0.022868648,0.03341769,0.015816959,0.03629136,0.0496916,0.038637325,0.025767457,0.040291227,0.023047661,0.02942618,0.019827148,0.043414585,0.03490632,0.06778507,2024-04-02 15:49:00
0.027189773,0.032408647,0.024947342,0.015243853,0.019947728,0.020481465,0.015977636,0.017671054,0.026106527,0.06419959,0.048904475,0.028508216,0.03553656,0.02646157,0.045134544,0.028593328,0.010786915,0.029959163,0.022846079,0.036112096,0.04482663,0.027102364,0.03343002,0.038958352,0.01612776,0.045392662,0.023042079,0.06509497,2024-04-02 15:50:00
0.028756082,0.015147106,,,0.012214771,0.028145632,0.0144543685,0.018010473,0.022977581,0.05986551,0.038417846,0.031117383,0.03595326,0.0191797,0.021225724,0.04054331,0.020084815,0.024017444,0.029927988,0.04265713,0.04432611,0.035330426,0.018140879,0.03938548,0.016150199,0.037435547,0.031474855,0.06493828,2024-04-02 15:51:00
0.03196083,0.032848675,0.020983338,0.01415046,0.01487997,0.023810085,0.023702554,0.05076753,0.023540583,0.060894728,0.039192643,0.0205372,0.03350072,0.016575534,0.021369386,0.041086465,0.029972218,0.030161785,0.018163769,0.039617155,0.034730077,0.023436686,0.032548875,0.027606614,0.021085845,0.03669702,0.026349539,0.049577206,2024-04-02 15:52:00
0.039561313,0.025977166,0.019738186,0.02755897,0.02120309,0.018915582,0.018414568,0.020516725,0.019386401,0.064436935,0.027587974,0.028749991,0.035965014,0.021219922,0.016867146,0.032189563,0.02658818,0.025453236,0.035453085,0.067810774,0.02966362,0.02302732,0.023357794,0.025629567,0.018132525,0.03493142,0.021025013,0.060064916,2024-04-02 15:53:00
0.019477278,0.031659562,,,0.015103487,0.024071647,0.018157009,0.022586241,0.020722186,0.06416791,0.02664634,0.025851285,0.043583136,0.018852705,0.013574635,0.036456224,0.016996626,0.02172155,0.02427721,0.04064924,0.034223877,0.03082743,0.020391231,0.021165228,0.023418702,0.043365847,0.018629769,0.06297464,2024-04-02 15:54:00
0.027416741,0.03767791,0.025359003,0.055607475,0.015132451,0.018123023,0.022769842,0.025400173,0.12744048,0.05581474,0.034792803,0.03627973,0.036535915,0.017718064,0.018766593,0.039893396,0.020221503,0.036397897,0.034645323,0.03940858,0.028989656,0.03739756,0.023108477,0.029847914,0.019652542,0.042306453,0.027989322,0.06499081,2024-04-02 15:55:00
0.029300036,0.03562988,0.02920849,,0.022004003,0.021683993,0.022298573,0.022194153,0.022967337,0.05168741,0.028316502,0.021728536,0.031923737,0.017011119,0.042599916,0.035200413,0.019481542,0.035904597,0.038723398,0.07928045,0.033998106,0.11098376,0.029523144,0.02110952,0.019710734,0.037703842,0.02654673,0.04883744,2024-04-02 15:56:00
0.029642098,0.034309417,,0.046050336,0.02313832,0.019858005,0.022177484,0.03179811,0.020833092,0.055185392,0.02712492,0.026227286,0.037039515,0.016764833,0.02259048,0.03257118,0.027280355,0.030131053,0.02876146,0.045918804,0.031246562,0.031662233,0.035212938,0.027698873,0.018644743,0.040725376,0.028780257,0.059427805,2024-04-02 15:57:00
0.011170803,0.035409134,0.01774615,0.025356358,0.01330444,0.032135393,0.022797631,0.017364694,0.02599465,0.056814644,0.02589725,0.021427672,0.04338848,0.029967973,0.017898712,0.037270643,0.0110021075,0.015969796,0.022785626,0.05844316,0.02884222,0.027314747,0.027524557,0.032106902,0.026737621,0.04211644,0.0226437,0.060375165,2024-04-02 15:58:00
0.013806288,0.021827342,0.023921024,0.034945387,0.01849177,0.024912596,0.0242153,0.02187021,0.027640099,0.0653673,0.042415593,0.035382044,0.035561513,0.019070713,0.01966175,0.03864299,0.018488718,0.030481167,0.024295518,0.036043335,0.03759172,0.024660408,0.028544176,0.030751105,0.021068959,0.03510276,0.022505734,0.06269132,2024-04-02 15:59:00
0.022793889,,,,0.014785926,0.07258751,0.029086806,0.020468244,0.023853581,0.05359187,0.04076721,0.028177226,0.04233395,0.015789945,0.021266736,0.044509612,0.021521473,0.027511956,0.030845325,0.05940868,0.029829126,0.034636855,0.016302077,0.028215019,0.015449796,0.041125674,0.026627824,0.046015497,2024-04-02 16:00:00
0.028948883,0.018947843,0.019087758,0.03585022,0.014314966,0.06154188,0.02221784,0.028243832,0.017274838,0.05303982,0.038498353,0.03309986,0.033767726,0.030238582,0.014108266,0.026382826,0.028826358,0.03552095,0.039684176,0.03633171,0.040050328,0.022005947,0.014679538,0.022981329,0.02605195,0.035974473,0.023661368,0.027791966,2024-04-03 07:20:00
0.023708288,0.03463158,0.02585429,0.020244736,0.022018569,0.057936404,0.028712368,0.029840196,0.03774707,0.04791433,0.033011388,0.031599343,0.023986831,0.02144855,0.019704545,0.01795892,0.030491821,0.034354568,0.041924477,0.036048774,0.042457607,0.029074155,0.025908021,0.02915482,0.08006303,0.041963626,0.025908336,0.023689294,2024-04-03 07:21:00
0.020611873,0.036282502,0.0241888,0.112063475,0.016211256,0.05566635,0.02400913,0.024284536,0.028685432,0.057926014,0.028635101,0.025454367,0.028012915,0.018413424,0.023962213,0.027817484,0.029219395,0.011221274,0.03866178,0.036580972,0.03409382,0.119856946,0.030700393,0.027952176,0.023767704,0.03261813,0.027575264,0.031386543,2024-04-03 07:22:00
0.022333808,0.029747054,0.030605288,0.023428686,0.019213464,0.059293985,0.031025307,0.016073024,0.017050007,0.04134274,0.035904247,0.029440915,0.029238958,0.020420704,0.03615016,0.025144145,0.031561777,0.024235783,0.038271006,0.038773008,0.041270554,0.023118509,0.031268634,0.020883413,0.022437507,0.030857937,0.048669647,0.028856149,2024-04-03 07:23:00
0.02347905,0.1259152,0.06626984,0.024981065,0.030649044,0.08143364,0.022501526,0.022094328,0.017871184,0.058260933,0.047331195,0.03173533,0.035870045,0.020507107,0.026301142,0.032247845,0.03848245,0.030333769,0.04051515,0.03870074,0.037172355,0.033507776,0.022711948,0.03269534,0.036857158,0.027115304,0.02772162,0.024973018,2024-04-03 07:24:00
0.019136313,0.049319677,0.012036418,0.024851095,0.061547246,0.15492709,0.022430567,0.040054187,0.055465493,0.039626494,0.04502682,0.030652573,0.028049039,0.02443053,0.029750533,0.018759176,0.038321704,0.034684923,0.038666476,0.04164495,0.03868937,0.033605266,0.025781797,0.022970727,0.020193249,0.026281789,0.027126212,0.020462895,2024-04-03 07:25:00
0.02308367,0.01817067,0.036328018,0.047654133,0.038192827,0.054402653,0.022797652,0.022273062,0.022186872,0.0427452,0.040584188,0.030327942,0.03592242,0.0189567,0.023310998,0.011884606,0.029097997,0.028416106,0.027928283,0.0425575,0.033621337,0.023763778,0.017120877,0.028226648,0.027709696,0.041794583,0.027906671,0.026989453,2024-04-03 07:26:00
0.022410054,0.042498454,0.019172786,0.032711286,0.015283792,0.05676087,0.24197021,0.023374708,0.021862272,0.049788784,0.14469746,0.02777383,0.033312026,0.018105501,0.03863671,0.007672854,0.037236422,0.02262936,0.026393723,0.04581552,0.04038671,0.044485472,0.026448358,0.023618799,0.022052215,0.025102137,0.035025395,0.032513555,2024-04-03 07:27:00
0.02322616,0.040320326,0.017505743,0.051250227,0.017167244,0.058967143,0.03281178,0.04297221,0.01912997,0.06634957,0.0500074,0.024409698,0.034907356,0.023422169,0.031771455,0.03174848,0.031220237,0.02159234,0.022576816,0.04505802,0.03338694,0.02166471,0.024533043,0.027462179,0.024317961,0.033073407,0.024145031,0.026429147,2024-04-03 07:28:00
0.02315387,0.038281236,0.032770272,0.030159127,0.016529845,0.051056806,0.023912953,0.020934844,0.027511803,0.057427626,0.03376375,0.048552886,0.0268088,0.0077542993,0.027576048,0.02462287,0.031652477,0.035612255,0.045092493,0.045141324,0.03681257,0.028532742,0.044085946,0.039091688,0.013832796,0.03312193,0.04083794,0.0301355,2024-04-03 07:29:00
0.024579056,0.036619656,0.021961216,0.05777047,0.041621175,0.061722785,0.024428314,0.020036764,0.020457163,0.054838553,0.053293668,0.029244902,0.029882837,0.021393595,0.021737793,0.017610228,0.033148903,0.03146713,0.03391104,0.039948102,0.031624995,0.035042074,0.023067676,0.024199637,0.03544003,0.024558831,0.032194283,0.029721616,2024-04-03 07:30:00
0.022245042,0.035664,0.025851917,0.023121683,0.016093094,0.06263592,0.023790615,0.015234918,0.020843292,0.06359677,0.049332473,0.027675461,0.02309478,0.027198184,0.036143716,0.012665812,0.038332727,0.029575974,0.03919896,0.036364153,0.036762632,0.03390655,0.036977403,0.018480914,0.015186637,0.022076003,0.028026013,0.025729278,2024-04-03 07:31:00
0.022271955,0.036075015,0.023905594,0.033971246,0.027007623,0.059092153,0.023610009,0.030142352,0.02421044,0.05461141,0.025780022,0.027906425,0.02216496,0.025401415,0.01677434,0.017892947,0.029371789,0.027125122,0.04269192,0.035902023,0.03282597,0.023219174,0.021430701,0.024821658,0.018691754,0.034085695,0.019067965,0.034074657,2024-04-03 07:32:00
0.022721529,0.030133197,0.022429902,0.039981995,0.017681016,0.0624915,0.023444619,0.021124844,0.027322277,0.058350757,0.04350044,0.026771467,0.025462298,0.020014143,0.05434562,0.01377952,0.03653377,0.024764938,0.033631872,0.036821067,0.025566023,0.020499144,0.022398615,0.052437373,0.034098715,0.038813632,0.025688943,0.033464927,2024-04-03 07:33:00
0.02040841,0.031353746,0.028423076,0.04710435,0.015980877,0.06324469,0.023118617,0.06808463,0.026841426,0.058979046,0.043779194,0.025852067,0.028180707,0.029702084,0.025030866,0.021332012,0.026541376,0.029789066,0.030310515,0.06888385,0.041372716,0.046052076,0.024470353,0.043142144,0.019304646,0.025942154,0.033060275,0.019036729,2024-04-03 07:34:00
0.020899197,0.016042177,0.027943587,0.014913466,0.02398804,0.05515023,0.034200653,0.021977091,0.023557197,0.051330447,0.040690117,0.031605218,0.03543512,0.019791454,0.038335968,0.023806449,0.030877396,0.031083781,0.032924384,0.040558387,0.038484808,0.028116042,0.03054212,0.028039405,0.030643107,0.02935058,0.021754492,0.019763727,2024-04-03 07:35:00
0.01946964,0.04001815,0.022932412,0.015740417,0.024885533,0.06417267,0.020498574,0.018289959,0.02890567,0.046463996,0.02870014,0.02713193,0.0297436,0.016198646,0.013605686,0.031290565,0.028034605,0.020687573,0.0335566,0.04090316,0.043976728,0.022873772,0.0222254,0.03967602,0.04067318,0.030970316,0.024458835,0.01770822,2024-04-03 07:36:00
0.020240739,0.028747054,0.03806951,0.027311828,0.03933432,0.059568893,0.023574289,0.017507775,0.027087534,0.0664632,0.03322522,0.025015386,0.035211343,0.021349218,0.02088122,0.023475373,0.031542715,0.023391856,0.024796862,0.06812542,0.03136882,0.023729207,0.022710135,0.026378367,0.029444458,0.03227296,0.023251073,0.029715857,2024-04-03 07:37:00
0.023969516,0.03409655,0.029583158,0.02720804,0.013196105,0.06369418,0.035433672,0.019772613,0.014804885,0.059193507,0.04466153,0.028174754,0.028400147,0.03121113,0.04258214,0.011647987,0.030997643,0.029775364,0.03001027,0.037974548,0.035034735,0.03298405,0.021217788,0.033171058,0.017213903,0.041187428,0.024760723,0.02481318,2024-04-03 07:38:00
0.02301406,0.03113701,0.02877948,0.094566524,0.020240463,0.059610315,0.025977768,0.017669283,0.031050945,0.05907411,0.035196487,0.029563421,0.026734132,0.02031454,0.012704371,0.025276948,0.028317057,0.028321974,0.032196123,0.035664417,0.03516396,0.027866127,0.027991148,0.02685712,0.014943372,0.026843585,0.023739124,0.026871495,2024-04-03 07:39:00
0.024135787,0.0146899205,0.02896871,0.07483105,0.018896645,0.055325422,0.024017623,0.016516179,0.018492315,0.062336598,0.025208231,0.022897433,0.027799608,0.029225888,0.04217173,0.01996991,0.03599561,0.031304553,0.031267054,0.03630728,0.04084126,0.034420542,0.030982861,0.022898769,0.050606187,0.027921522,0.026436243,0.026538443,2024-04-03 07:40:00
0.02365907,0.037949722,0.028354984,0.04881588,0.01463676,0.06260917,0.0223305,0.021517321,0.013327062,0.050754152,0.034843665,0.028328666,0.033574197,0.028381908,0.030882748,0.02159058,0.032861516,0.03636935,0.026861336,0.036136713,0.020341795,0.03930054,0.023119068,0.03285632,0.02754808,0.027952164,0.025380589,0.019885603,2024-04-03 07:41:00
0.022899296,0.029355293,0.018469755,0.028526353,0.029516863,0.0641347,0.024119278,0.015443564,0.020348419,0.050133478,0.03363324,0.021740241,0.033009898,0.019037437,0.021793634,0.023719693,0.027916245,0.029256457,0.017144613,0.04321626,0.03406756,0.028063834,0.02451903,0.018159263,0.027157575,0.034702998,0.026596991,0.027884059,2024-04-03 07:42:00
0.023006912,0.029927328,0.027412258,0.01823992,0.019347545,0.06283313,0.0282055,0.02293049,0.017850162,0.053479802,0.049925756,0.02487547,0.029481815,0.02009473,0.026546044,0.026148327,0.029424906,0.032101348,0.02843561,0.045368277,0.035246316,0.025603212,0.025927464,0.044014167,0.018688593,0.041961882,0.031909574,0.032041952,2024-04-03 07:43:00
0.031295367,0.05120751,0.02360007,0.037752848,0.022740256,0.06241827,0.028018553,0.023705108,0.024395918,0.05963981,0.0400752,0.027705362,0.03381312,0.024817718,0.015452207,0.02462285,0.028578551,0.030635564,0.030090887,0.039971884,0.034751803,0.029260375,0.02990006,0.048195176,0.024775174,0.035278734,0.033865348,0.029035466,2024-04-03 07:44:00
0.021517636,0.03162498,0.03012367,0.029878836,0.018973991,0.05648627,0.03454627,0.021667212,0.019984597,0.06263238,0.0347572,0.027900303,0.034338936,0.027726624,0.01681671,0.026266737,0.03536954,0.02308557,0.0328172,0.044590164,0.035077125,0.03341567,0.029241007,0.041586544,0.03336767,0.020942504,0.029294645,0.023261782,2024-04-03 07:45:00
0.020881629,0.036976665,0.028529266,0.042246934,0.022496974,0.06500391,0.11242137,0.021046588,0.022564333,0.04201345,0.042892177,0.03193234,0.029055709,0.028068297,0.024304494,0.033024553,0.033121005,0.017516194,0.03357712,0.03715987,0.030668972,0.021012371,0.024305182,0.027346788,0.01948659,0.031057931,0.021508072,0.029446563,2024-04-03 07:46:00
0.025555722,0.024027726,0.031400144,0.030441409,0.016976168,0.06868018,0.023697702,0.019354306,0.01655745,0.06033785,0.036918648,0.02709322,0.033486594,0.023118725,0.03134881,0.017016077,0.03852546,0.02369275,0.04396248,0.036280155,0.03242582,0.027990323,0.01672885,0.03184049,0.03298911,0.035791952,0.025850825,0.029681286,2024-04-03 07:47:00
0.022935284,0.036476064,0.029720495,0.029214786,0.01496427,0.079237804,0.021391844,0.02135001,0.016693046,0.063425876,0.043454345,0.034231614,0.033362173,0.028274747,0.03634286,0.014304467,0.030229688,0.02980407,0.025813628,0.04480134,0.03309871,0.026983114,0.030017596,0.033497714,0.030368362,0.036278255,0.037911043,0.026158901,2024-04-03 07:48:00
0.023524977,0.04243737,0.030332187,0.040861513,0.0341424,0.072703,0.02942453,0.011634456,0.015492063,0.06520975,0.041124023,0.020771526,0.042555995,0.036142863,0.019649843,0.029061876,0.02580979,0.025127633,0.01927018,0.03659268,0.034222614,0.030146731,0.027162278,0.029952748,0.025807869,0.02995335,0.033907093,0.016106727,2024-04-03 07:49:00
0.021246435,0.039236188,0.025520438,0.037899576,0.012147786,0.067983195,0.025153358,0.029275822,0.026055664,0.0665641,0.048651077,0.021815252,0.04169143,0.025949178,0.049728326,0.008697929,0.035300888,0.029318525,0.040498525,0.03843762,0.04078222,0.025840556,0.028541902,0.028109087,0.029141828,0.038309243,0.026982415,0.02661732,2024-04-03 07:50:00
0.015297564,0.016083382,0.048039004,0.031371973,0.010232197,0.06855315,0.021078145,0.02206956,0.02029041,0.05286492,0.049047474,0.03275863,0.029656222,0.016193641,0.017995069,0.012533093,0.031071201,0.02207773,0.017462848,0.050576564,0.036225665,0.032524977,0.023856988,0.023839625,0.02872307,0.03840517,0.030291839,0.032038223,2024-04-03 07:51:00
0.029157437,0.034599952,0.03253873,0.021520562,0.018513177,0.06807487,0.026584117,0.023477543,0.011830674,0.0514776,0.031694356,0.032230284,0.026496984,0.027500471,0.0419327,0.025900863,0.027552722,0.021133656,0.04145469,0.044925515,0.035770096,0.021288984,0.021575535,0.03659352,0.023714341,0.038651403,0.025947263,0.026442457,2024-04-03 07:52:00
0.022981195,0.033312306,0.030893972,0.02566585,0.024527172,0.06950555,0.028291728,0.028072994,0.01524531,0.053482033,0.039616417,0.030494051,0.030239506,0.023256406,0.018243795,0.045946848,0.029521544,0.02858009,0.03493378,0.03991517,0.036545813,0.04358045,0.03551637,0.048756283,0.022935415,0.032241262,0.03946752,0.026258718,2024-04-03 07:53:00
0.025848735,0.042005207,0.036816597,0.027009863,0.024572797,0.07085746,0.03268761,0.026830913,0.01376496,0.07264497,0.035667647,0.02708248,0.03425502,0.021864982,0.026331307,0.013881952,0.051623125,0.02732658,0.029786367,0.051325683,0.031257574,0.035155993,0.016987927,0.030733133,0.022580713,0.033008713,0.03568554,0.025912587,2024-04-03 07:54:00
0.021986108,0.038891837,0.17406638,0.019491972,0.019902734,0.062312204,0.035870843,0.02129124,0.016975893,0.05799746,0.022749703,0.029821482,0.03373138,0.017351553,0.025329765,0.0093984185,0.03196137,0.028502425,0.023852812,0.04014016,0.03498298,0.04474554,0.020848406,0.034217708,0.02189626,0.034086414,0.031692922,0.04154514,2024-04-03 07:55:00
0.02247138,0.034286845,0.028493173,0.043534406,0.01599903,0.06545694,0.030349165,0.021704145,0.016844254,0.052790813,0.036761407,0.038994517,0.031769987,0.018901825,0.014395008,0.026768865,0.027045729,0.022981834,0.02399393,0.045036536,0.03319236,0.024872724,0.023464905,0.024986012,0.019035915,0.029841298,0.039473496,0.019628253,2024-04-03 07:56:00
0.023282833,0.037427615,0.036076285,0.023231477,0.040811237,0.060880836,0.01679272,0.021931779,0.018270336,0.053484183,0.049864944,0.02416455,0.031346954,0.028597783,0.022282334,0.025540955,0.027991138,0.027198078,0.025722705,0.04055483,0.04633455,0.026676498,0.027061034,0.03239133,0.017286506,0.034098648,0.026112178,0.024368595,2024-04-03 07:57:00
0.02262124,0.042300086,0.020937772,0.029498722,0.024804141,0.062044732,0.03600665,0.021401767,0.017684884,0.05301991,0.023609435,0.027866673,0.029723248,0.020047424,0.024461715,0.0232067,0.026353996,0.020018386,0.025007127,0.040446915,0.02482536,0.022615088,0.034571365,0.041998114,0.021570249,0.04094776,0.028971104,0.026476216,2024-04-03 07:58:00
0.02285426,0.04357884,0.027090613,0.017801903,0.020281492,0.060809582,0.23486717,0.015464071,0.027419062,0.038712665,0.032077506,0.055294447,0.027139433,0.020662846,0.013804189,0.017609438,0.027268542,0.028466575,0.032197483,0.03815753,0.032295343,0.025375849,0.0447505,0.023280442,0.014328522,0.03185047,0.029136583,0.033066735,2024-04-03 07:59:00
0.021227628,0.029448384,0.030990236,0.018307831,0.015150767,0.06016955,0.029467715,0.02706442,0.017686844,0.050105546,0.039861426,0.024522321,0.025989443,0.025243111,0.030556167,0.023160225,0.033534575,0.02106669,0.02855362,0.03641422,0.033552244,0.028024154,0.04292729,0.021339541,0.031680208,0.028566277,0.027678318,0.022722866,2024-04-03 08:00:00
0.021166861,0.013454064,0.026546543,0.032899555,0.02386659,0.06864708,0.024598654,0.023003876,0.020606544,0.07367029,0.046598706,0.03186905,0.035128165,0.028750435,0.033340722,0.03123324,0.028164798,0.02488486,0.040725876,0.04489811,0.033637967,0.028328493,0.045840316,0.02919033,0.020440517,0.030623434,0.020420155,0.023816286,2024-04-03 08:01:00
0.0214077,0.021907365,0.034638345,0.012060652,0.014289238,0.06059257,0.021297036,0.021090912,0.026170714,0.045302007,0.050583914,0.029176045,0.029778752,0.020365248,0.027469357,0.024354365,0.03216445,0.03775304,0.042317446,0.045102336,0.032412615,0.01755495,0.021725811,0.020552162,0.018579049,0.03721597,0.019655814,0.024636155,2024-04-03 08:02:00
0.028477706,0.039495364,0.02758356,0.02304557,0.013491637,0.061706368,0.029367259,0.021959746,0.022602316,0.107089534,0.03203508,0.03266485,0.032255802,0.019536488,0.028825918,0.02034465,0.049367577,0.027069174,0.041488945,0.041892834,0.034404587,0.02216396,0.029007075,0.036579896,0.036491808,0.032272615,0.02836297,0.027747009,2024-04-03 08:03:00
0.024062784,0.04120776,0.026508152,0.030277321,0.0091646435,0.063304454,0.01682513,0.01789345,0.036330797,0.055660963,0.04010767,0.031743605,0.029878337,0.03306138,0.031235103,0.0262983,0.029533328,0.027070938,0.043308567,0.037001137,0.034062438,0.021941891,0.027103245,0.030547075,0.021918323,0.04044874,0.024026202,0.02818334,2024-04-03 08:04:00
0.021891836,0.028495075,0.0272581,0.021344298,0.015129596,0.06694275,0.021528129,0.026859758,0.023354959,0.049501408,0.03650345,0.029544659,0.027038164,0.028081186,0.033219714,0.025349619,0.030647079,0.030790964,0.04031015,0.04483834,0.03489731,0.03455453,0.0262424,0.0273484,0.018841432,0.04475562,0.02400797,0.031058894,2024-04-03 08:05:00
0.020659745,0.025511421,0.03632328,0.031701844,0.012663065,0.0556245,0.030765729,0.028862067,0.031161213,0.046164606,0.026278475,0.02599803,0.035052188,0.034950532,0.036745254,0.029054858,0.034310207,0.038713183,0.041535903,0.035527866,0.032103334,0.03074472,0.020911226,0.021280207,0.018941967,0.033533517,0.02474603,0.037357755,2024-04-03 08:06:00
0.01685072,0.038185712,0.029652221,0.016901653,0.013440788,0.064574964,0.025793405,0.024181118,0.023158038,0.058335952,0.040692642,0.023214223,0.03833456,0.025036622,0.048028763,0.02142853,0.03274514,0.028659696,0.019800918,0.036832307,0.033928525,0.034333866,0.02954309,0.5086462,0.017914616,0.033625823,0.04862576,0.028608091,2024-04-03 08:07:00
0.021175936,0.027172929,0.028232737,0.0130237425,0.018716054,0.062450856,0.016928263,0.021558657,0.026529405,0.049922187,0.035222486,0.024014315,0.030047301,0.025627496,0.01732401,0.01695746,0.025944969,0.023638815,0.02915317,0.03699767,0.031055976,0.02733846,0.013979732,0.025854666,0.02044073,0.023277564,0.04288771,0.028407395,2024-04-03 08:08:00
0.023973532,0.037259232,0.019709058,0.026712963,0.012645137,0.06009575,0.025837354,0.023088977,0.031408068,0.05942211,0.031166643,0.029506305,0.024954645,0.023765814,0.016895667,0.018786626,0.0890847,0.030487563,0.04734712,0.036035635,0.033497628,0.02677403,0.018737132,0.036915287,0.017471999,0.037964057,0.028625187,0.028756363,2024-04-03 08:09:00
0.02296215,0.0367211,0.029653735,0.048045564,0.0143821975,0.06183412,0.029749656,0.02205046,0.036134962,0.048152264,0.023131456,0.029390194,0.027538793,0.023833014,0.0135723725,0.009363805,0.03586109,0.019626593,0.04282405,0.036542986,0.033674877,0.03622789,0.024273414,0.017879188,0.025342172,0.031542774,0.036347143,0.034599923,2024-04-03 08:10:00
0.03236427,0.03923285,0.028391214,0.026719779,0.015592198,0.039764866,0.024572643,0.02118751,0.027585324,0.053734276,0.04278658,0.03424144,0.033410493,0.018930694,0.033180982,0.012879526,0.030280024,0.025305333,0.026931515,0.053262927,0.031512946,0.030083146,0.025681071,0.033231087,0.01934336,0.028545225,0.058504943,0.029910563,2024-04-03 08:11:00
0.022585794,0.014520712,0.021582587,0.037767075,0.007642991,0.06781567,0.030104725,0.033290397,0.028320625,0.06211449,0.02982043,0.03412334,0.030141557,0.022643028,0.017931411,0.027866485,0.032300305,0.031897813,0.03703561,0.040371917,0.034273494,0.02918728,0.030729072,0.018996255,0.024189284,0.028947169,0.026221547,0.024971047,2024-04-03 08:12:00
0.024451736,0.024790999,0.030037157,0.026167,0.018444477,0.06550786,0.021790143,0.15799695,0.030538863,0.057532497,0.051744495,0.037267648,0.033271465,0.030016277,0.06582324,0.02153156,0.027055183,0.015455409,0.034967694,0.045361646,0.036206745,0.11259304,0.024766432,0.024066312,0.014069692,0.038053032,0.03268615,0.025326084,2024-04-03 08:13:00
0.028274886,0.032790333,0.023342555,0.014115654,0.013312785,0.061458305,0.022834036,0.02250946,0.027595256,0.05647694,0.029890683,0.027287578,0.039526947,0.028631251,0.022958875,0.028604222,0.034307152,0.02132326,0.029480265,0.036490574,0.031979013,0.020766731,0.039835963,0.031104602,0.03252778,0.04782671,0.0300947,0.026011199,2024-04-03 08:14:00
0.02080628,0.024879726,0.023564981,0.027581533,0.015344692,0.064652145,0.022298073,0.02192921,0.029911162,0.045993105,0.04666452,0.02910609,0.03213204,0.028056787,0.026198905,0.027255848,0.032777682,0.017126195,0.020252213,0.047362596,0.023641258,0.027150111,0.021601584,0.023945248,0.011564265,0.03881808,0.04005285,0.025428303,2024-04-03 08:15:00
0.021999594,0.032116525,0.026463246,0.03518135,0.017258873,0.06564047,0.025471875,0.032762885,0.028375112,0.060538687,0.04326811,0.03636574,0.022954553,0.028653046,0.039530765,0.023463149,0.03050757,0.03492061,0.04202869,0.045084115,0.03350986,0.027399302,0.022924606,0.022609955,0.024069156,0.039869804,0.028406458,0.031311315,2024-04-03 08:16:00
0.024100494,0.042145025,0.038345102,0.029696567,0.03250702,0.0508937,0.024712952,0.023824915,0.024383673,0.0424106,0.0439984,0.034080207,0.037888896,0.024247656,0.01902659,0.031939633,0.046793576,0.04932292,0.03443796,0.073951624,0.052988667,0.027875638,0.032638434,0.024747163,0.032290187,0.031308837,0.026720129,0.030019391,2024-04-03 08:17:00
0.021628082,0.03266411,0.01870346,0.023183612,0.021927707,0.05979054,0.018390957,0.02986364,0.022501102,0.0505328,0.040718798,0.02741073,0.030422296,0.021836624,0.044089917,0.022027582,0.032054268,0.022862919,0.03391748,0.044925485,0.03415302,0.05853431,0.039674502,0.02403175,0.017404964,0.030355679,0.02920452,0.015388183,2024-04-03 08:18:00
0.022222055,0.035804935,0.02881927,0.014679663,0.02018921,0.028970288,0.03228798,0.021550102,0.030351015,0.048859723,0.028048247,0.025914999,0.026398683,0.033305198,0.03278453,0.031848744,0.027901014,0.025562204,0.024913194,0.045282513,0.031856667,0.027166838,0.034307078,0.020526899,0.014795675,0.03857636,0.03327132,0.02757372,2024-04-03 08:19:00
0.022648567,0.03670572,0.0219222,0.027616173,0.01965999,0.028002456,0.021087138,0.01991147,0.020433186,0.06187902,0.039655067,0.03817114,0.025376553,0.020509657,0.023406588,0.019436534,0.029776078,0.024362456,0.042438067,0.04498847,0.03243656,0.024104195,0.023773432,0.022737019,0.019117646,0.037916984,0.023308491,0.027573915,2024-04-03 08:20:00
0.01748089,0.025672581,0.017049676,0.021292355,0.018453475,0.023602132,0.027716221,0.021110266,0.0247122,0.055926148,0.039091144,0.025708474,0.033443645,0.019273566,0.044310734,0.013035842,0.030671917,0.033832833,0.03385557,0.046720505,0.03459371,0.1098828,0.048880894,0.02826739,0.026417334,0.038318526,0.048743814,0.033314288,2024-04-03 08:21:00
0.02010831,0.034061603,0.029330611,0.020166123,0.020854993,0.017910218,0.025644008,0.021173943,0.027518792,0.06263543,0.044354446,0.026458628,0.03652598,0.028350828,0.016237343,0.01966447,0.030091703,0.02824878,0.027780112,0.04429669,0.03260282,0.028895145,0.016433291,0.02187882,0.020205472,0.021028426,0.025654176,0.02847715,2024-04-03 08:22:00
0.020184958,0.040941335,0.034287516,0.0257611,0.017688576,0.025327275,0.020533971,0.019023694,0.02363155,0.04941331,0.04598236,0.02546319,0.0336701,0.024059024,0.041995887,0.027406447,0.051660296,0.037947558,0.049708825,0.044943657,0.0323339,0.02384098,0.030230295,0.027043764,0.025616802,0.03175261,0.029056303,0.04471216,2024-04-03 08:23:00
0.063316666,0.023651166,0.0247801,0.014870081,0.01402052,0.025444753,0.027277362,0.02012918,0.016469542,0.04412762,0.01637105,0.02891767,0.025592493,0.021886641,0.020775149,0.024635902,0.02667332,0.039312232,0.037770845,0.04101416,0.035092868,0.04069306,0.025011186,0.024419187,0.02022619,0.03031108,0.026933635,0.028520387,2024-04-03 08:24:00
0.025507187,0.0453986,0.026269492,0.019229759,0.014997252,0.027401904,0.037833698,0.021887442,0.019237515,0.06368366,0.0305802,0.029135017,0.029051518,0.021940712,0.03681202,0.031120323,0.032573063,0.02709274,0.0389042,0.04482745,0.036170043,0.018650169,0.024268819,0.019768748,0.01605937,0.045205373,0.037507687,0.02843671,2024-04-03 08:25:00
0.022826556,0.028892841,0.025474424,0.023349378,0.0153604755,0.02404929,0.027242554,0.021583565,0.021216722,0.068228155,0.032594282,0.04107146,0.027911128,0.022990363,0.018551657,0.022244502,0.02864203,0.0209588,0.020702919,0.044818822,0.034012284,0.018572466,0.025771746,0.024549183,0.018498,0.046272177,0.022331677,0.02700961,2024-04-03 08:26:00
0.023337584,0.037266415,0.02320612,0.13599972,0.019744925,0.030418199,0.029432787,0.030754555,0.02554846,0.04309781,0.05157519,0.034284227,0.027298441,0.022323025,0.02350821,0.019968927,0.03131559,0.030344918,0.02933565,0.040422417,0.032324072,0.03579861,0.026487682,0.03158035,0.02918333,0.0362942,0.030051738,0.02614224,2024-04-03 08:27:00
0.032403074,0.03655965,0.040035192,0.021710532,0.018377148,0.024383646,0.02284475,0.020832634,0.018155156,0.06174139,0.04439434,0.027046898,0.030810283,0.03348563,0.0322039,0.025847856,0.036604207,0.04267264,0.034740094,0.035537615,0.02761319,0.031985648,0.024141325,0.024466865,0.03544166,0.036088575,0.08479952,0.029640695,2024-04-03 08:28:00
0.023928942,0.03422467,0.030959865,0.016327543,0.01806593,0.031453237,0.03067077,0.019020135,0.010953549,0.052397516,0.053543482,0.033595886,0.025730195,0.01914477,0.017309878,0.018096205,0.028479453,0.038079187,0.022765946,0.04074902,0.034590766,0.019160874,0.02677721,0.025756931,0.02047173,0.04698916,0.03227469,0.01374503,2024-04-03 08:29:00
0.023880528,0.037476134,0.03187031,0.018975968,0.014646267,0.029842623,0.028682346,0.018408403,0.022643693,0.051588047,0.036242623,0.028433125,0.03839705,0.032755174,0.0138677955,0.021738807,0.02821367,0.025873953,0.0314002,0.043200478,0.036640204,0.043106213,0.024065178,0.023358295,0.015733331,0.04374808,0.026182016,0.035407174,2024-04-03 08:30:00
0.022666458,0.03702005,0.020640984,0.015570479,0.018489536,0.02216339,0.038024068,0.023676919,0.019111615,0.03883215,0.038375616,0.03384438,0.031423286,0.021526294,0.02609975,0.030887747,0.027711198,0.030605767,0.028120782,0.04502368,0.04215573,0.025230015,0.031919733,0.025966955,0.01666781,0.041959126,0.01868515,0.019609716,2024-04-03 08:31:00
0.022892678,0.12577428,0.035794176,0.027277403,0.02378073,0.028406726,0.028075716,0.019342275,0.02308244,0.060428306,0.0419398,0.027889399,0.038876247,0.02905205,0.040906392,0.020184621,0.027512066,0.019762661,0.016525954,0.036136128,0.0360654,0.029034067,0.028159032,0.021735001,0.026291804,0.042657346,0.027392287,0.024483547,2024-04-03 08:32:00
0.022783581,0.035675116,0.03427736,0.02256038,0.023568027,0.037701048,0.02499512,0.02113173,0.021011107,0.041061528,0.05964595,0.033422805,0.045059916,0.0107677085,0.021602383,0.026245445,0.047050983,0.04045217,0.037789676,0.036088407,0.040636685,0.03558146,0.030601393,0.02514457,0.024844801,0.038825966,0.028961925,0.013118818,2024-04-03 08:33:00
0.022937333,0.034265533,0.033027522,0.031907182,0.014078886,0.0254776,0.023458172,0.019385587,0.041214984,0.05336764,0.04494115,0.038494475,0.02683446,0.02086507,0.040359613,0.023005215,0.025097951,0.03352406,0.029388601,0.045083288,0.033936545,0.018840313,0.03334956,0.026587956,0.029014064,0.04603215,0.023138786,0.02911599,2024-04-03 08:34:00
0.028900733,0.03823815,0.01985497,0.07899197,0.020043993,0.025289722,0.032230362,0.01772859,0.019961298,0.052503936,0.04488918,0.03141531,0.0481719,0.029422887,0.020556869,0.027910452,0.02550968,0.021421554,0.027392823,0.044936046,0.035759162,0.021092262,0.024518916,0.026782831,0.01510171,0.050687365,0.018005835,0.03329123,2024-04-03 08:35:00
0.02291606,0.03494379,0.027787324,0.018441187,0.025671335,0.028395064,0.024017287,0.019013552,0.019380035,0.06359691,0.034424096,0.026115058,0.047056366,0.012063394,0.030790698,0.022079958,0.024253042,0.027584106,0.032046985,0.0449016,0.031389862,0.018626122,0.023481071,0.022511352,0.020228738,0.03635603,0.028340204,0.030174317,2024-04-03 08:36:00
0.022810705,0.03660957,0.031634428,0.026176646,0.012164566,0.025283847,0.024315525,0.031124093,0.019520951,0.1281258,0.0442689,0.045011923,0.03507352,0.027343027,0.04457676,0.021304667,0.028841158,0.020825889,0.019137995,0.045128234,0.032898456,0.024687469,0.02787809,0.028607428,0.025806323,0.04224525,0.026418198,0.028810438,2024-04-03 08:37:00
0.0208299,0.02337576,0.028861292,0.033402067,0.026603425,0.021504704,0.03333185,0.021497754,0.02269364,0.048029527,0.039956853,0.027581763,0.037174232,0.017101973,0.039532717,0.026550626,0.02989387,0.024482122,0.026998755,0.045221787,0.030761154,0.022465855,0.021904962,0.025134707,0.018480003,0.03799115,0.023952,0.023452787,2024-04-03 08:38:00
0.027548894,0.03128881,0.02155512,0.021795584,0.014017462,0.028037405,0.023892062,0.02853058,0.0246402,0.04415412,0.038979303,0.033856828,0.040578075,0.026232747,0.036933657,0.021110399,0.037588384,0.030045293,0.042532958,0.045200024,0.031825356,0.021421822,0.026344994,0.039717082,0.021932151,0.040086295,0.024091419,0.029130418,2024-04-03 08:39:00
0.02179197,0.070088275,0.025508234,0.03990948,0.01878641,0.026624333,0.03440468,0.028696956,0.021002965,0.05814692,0.026162932,0.031973433,0.038919084,0.029027848,0.021891253,0.026967917,0.023608472,0.03210177,0.022607354,0.036774047,0.030660504,0.032354623,0.026932735,0.048179805,0.02167084,0.045819353,0.024176912,0.0266754,2024-04-03 08:40:00
0.021626804,0.0311736,0.047133557,0.034122698,0.01804997,0.022733834,0.018739162,0.028769808,0.03499619,0.056457486,0.03920242,0.031574167,0.043006144,0.026724957,0.018109098,0.0303437,0.026643082,0.024088467,0.024153959,0.04093447,0.03079856,0.017988,0.059486445,0.031762093,0.018330775,0.042050134,0.034543,0.030198827,2024-04-03 08:41:00
0.028858129,0.03981294,0.027031079,0.015487842,0.020970222,0.018262425,0.022109808,0.022209497,0.022123734,0.061606623,0.034204863,0.033453748,0.034808442,0.023906434,0.035740476,0.018734314,0.028479053,0.03108835,0.038247485,0.038959876,0.030483315,0.026322858,0.023707064,0.020973975,0.019248758,0.047844492,0.030872284,0.027339092,2024-04-03 08:42:00
0.023932897,0.045285933,0.027491465,0.024211787,0.017919458,0.025361858,0.025914274,0.02383401,0.010405687,0.050702836,0.04081932,0.031557705,0.022732057,0.022483466,0.020054093,0.0029930884,0.029093836,0.029113216,0.026655456,0.038330022,0.030489838,0.03311522,0.020582363,0.02248686,0.026489606,0.034601256,0.026905576,0.03195557,2024-04-03 08:43:00
0.025336906,0.013412889,0.030826846,0.023509758,0.03162334,0.029336525,0.032179043,0.02315871,0.02695974,0.050215106,0.04018201,0.036808625,0.027222836,0.022029024,0.016007824,0.018910112,0.026593909,0.038835827,0.038369484,0.039242033,0.031858016,0.031090893,0.020424072,0.02281318,0.013498909,0.038554013,0.030612517,0.024617605,2024-04-03 08:44:00
0.023658138,0.03525931,0.024146114,0.018542394,0.020002445,0.027889337,0.033727642,0.019631406,0.029860036,0.05748718,0.019033039,0.019504115,0.02531203,0.020096814,0.015255521,0.028880231,0.023317149,0.024892313,0.028181786,0.05348614,0.030107252,0.024563018,0.023657592,0.030854164,0.026992809,0.040232908,0.01884943,0.029282443,2024-04-03 08:45:00
0.023010401,0.10830964,0.030243019,0.025215453,0.0191406,0.04135827,0.24007592,0.033032015,0.013913447,0.06490968,0.038338695,0.03229412,0.036148213,0.024449589,0.044273913,0.026147831,0.023842344,0.028694576,0.034966487,0.044827204,0.031108849,0.013747999,0.028168881,0.02224037,0.012821522,0.04396151,0.029667068,0.026304632,2024-04-03 08:46:00
0.023198782,0.040133644,0.025477342,0.019476404,0.026734635,0.03758981,0.03770015,0.01978211,0.0196208,0.052180976,0.03401275,0.029100727,0.03358903,0.021992648,0.012687126,0.020579685,0.038315803,0.029334884,0.029844727,0.044175874,0.029522866,0.026558097,0.024674186,0.032425974,0.01685751,0.038278807,0.030713212,0.027376454,2024-04-03 08:47:00
0.022129532,0.033806946,0.021230016,0.036103446,0.016210362,0.021115938,0.026509836,0.02297212,0.014948715,0.050261255,0.036063652,0.022940358,0.030960025,0.031507365,0.020913467,0.021859227,0.022238296,0.02762952,0.022699868,0.04492778,0.029605905,0.01938897,0.04291097,0.024465725,0.021417882,0.045928843,0.027277382,0.028616553,2024-04-03 08:48:00
0.03295746,0.032072194,0.028747061,0.018419648,0.020751264,0.031567484,0.023116661,0.018502442,0.023321887,0.050823573,0.03314375,0.027406402,0.03275057,0.024433699,0.040390506,0.021121101,0.034164432,0.03725191,0.034192957,0.04021192,0.040575873,0.029893082,0.021515522,0.025244642,0.040784173,0.03457538,0.028297782,0.028087057,2024-04-03 08:49:00
0.040568788,0.041056927,0.012271472,0.043771733,0.02062836,0.019227069,0.04978219,0.020642525,0.021498848,0.05759117,0.019978434,0.027498286,0.038827356,0.009004934,0.035198495,0.018138116,0.022925742,0.02527807,0.02564451,0.036416613,0.037279278,0.019496376,0.026844876,0.024636982,0.025213495,0.035598807,0.026103899,0.03273898,2024-04-03 08:50:00
0.019626802,0.03945667,0.02475759,0.031015357,0.016228965,0.024536816,0.03350071,0.027911378,0.020048121,0.05122569,0.043923635,0.029271914,0.036496915,0.020764537,0.019387776,0.03344322,0.030020965,0.024602475,0.03221296,0.04488035,0.03858112,0.027996942,0.026431698,0.04380621,0.015955845,0.0363368,0.02489632,0.028653309,2024-04-03 08:51:00
0.021952188,0.03650478,0.026675137,0.033562995,0.014681777,0.044155646,0.035337105,0.019412505,0.02790349,0.040795043,0.03645765,0.029920664,0.037260644,0.02722302,0.020092227,0.020705827,0.024803037,0.032201968,0.024761604,0.046801675,0.033061754,0.020739822,0.019283874,0.01962637,0.011398471,0.04802741,0.019726794,0.026262624,2024-04-03 08:52:00
0.016298242,0.039002538,0.023154829,0.03158768,0.03606737,0.030379554,0.027207687,0.025352081,0.039152402,0.04562576,0.028439006,0.028975962,0.04029476,0.019599982,0.01599262,0.035020888,0.025394348,0.018903479,0.023262288,0.047336776,0.035610612,0.023770431,0.039039776,0.02349845,0.02000061,0.042980943,0.040880337,0.026408594,2024-04-03 08:53:00
0.019294728,0.040867034,0.030944025,0.048663687,0.016921077,0.032123998,0.024939664,0.017806709,0.028466625,0.05162443,0.031535458,0.030688865,0.04409005,0.018096935,0.018252617,0.025182454,0.038792517,0.031837,0.028189205,0.044972908,0.026280863,0.030807681,0.042391196,0.020715497,0.0248549,0.03966162,0.025595574,0.010116389,2024-04-03 08:54:00
0.015771667,0.037647143,0.028926056,0.034726303,0.018356688,0.024222849,0.02640111,0.019621704,0.025382895,0.05741288,0.045743264,0.03400429,0.040474325,0.02385942,0.018492239,0.013598579,0.027344666,0.032888625,0.028451113,0.03669465,0.03193053,0.024735365,0.02711419,0.028918875,0.015707893,0.040021934,0.039036922,0.028637454,2024-04-03 08:55:00
0.027669543,0.030265536,0.026574275,0.025315583,0.01330686,0.02872377,0.029008677,0.01684592,0.03187128,0.04275121,0.025227517,0.045625445,0.043020643,0.01665783,0.018701231,0.030611217,0.03146036,0.040854096,0.022844544,0.04206132,0.05197952,0.028281476,0.03198043,0.03132705,0.016806759,0.04302215,0.023251887,0.028794814,2024-04-03 08:56:00
0.022742754,0.031802054,0.027351797,0.04633627,0.020823007,0.026295446,0.023949899,0.07452909,0.029760916,0.050008126,0.035289414,0.034234766,0.03655425,0.024700938,0.021792525,0.014979903,0.02791906,0.030809898,0.037266444,0.037413117,0.03430806,0.0279923,0.025534846,0.03049912,0.013364722,0.039510854,0.026615279,0.027457621,2024-04-03 08:57:00
0.021026988,0.024987584,0.025694236,0.021017794,0.038248565,0.027478458,0.029609876,0.023349838,0.01679231,0.053747796,0.02827957,0.036139492,0.033577383,0.023092626,0.014328537,0.017392082,0.02509833,0.02684925,0.026348993,0.045190312,0.02915625,0.024808435,0.014159027,0.033218347,0.031852283,0.044624258,0.027372109,0.033760536,2024-04-03 08:58:00
0.023344286,0.031313173,0.023932623,0.024559543,0.017034305,0.030559376,0.026869321,0.024019118,0.023490697,0.045924563,0.026826719,0.034080636,0.03441368,0.011841067,0.03780527,0.02271775,0.024060609,0.02834552,0.03542457,0.045208577,0.027549034,0.023395892,0.028806351,0.027355917,0.010533137,0.037201468,0.020716568,0.023002105,2024-04-03 08:59:00
0.023639498,0.051722266,0.025030712,0.014142488,0.016463622,0.031445432,0.030529777,0.020040791,0.025842218,0.039342303,0.042921837,0.032754626,0.043819774,0.024196241,0.039880704,0.030071925,0.025152138,0.02990086,0.037197735,0.04494742,0.029743785,0.025682678,0.036773957,0.03354052,0.01540891,0.036211077,0.1012471,0.026576078,2024-04-03 09:00:00
0.030686688,0.039239276,0.030873913,0.03686224,0.03583887,0.023273934,0.02933042,0.021031065,0.028259339,0.06477529,0.039420653,0.036522895,0.03132511,0.034585964,0.023983803,0.026241437,0.03274866,0.03168162,0.029845001,0.040649332,0.03263085,0.035773575,0.018726302,0.030254457,0.019473998,0.039896656,0.024061272,0.02934561,2024-04-03 09:01:00
0.026517246,0.024283957,0.039472546,0.03098415,0.022009531,0.024070827,0.024973236,0.019595794,0.023767417,0.061059438,0.035332907,0.02906929,0.028806143,0.024838999,0.017103795,0.012702052,0.02710621,0.027229356,0.030521277,0.036851265,0.03236588,0.030288035,0.036272477,0.055696886,0.014170172,0.035517145,0.023491375,0.0275797,2024-04-03 09:02:00
0.023446735,0.0316462,0.021589175,0.025469838,0.026285991,0.029780624,0.025003461,0.023092885,0.023596037,0.053614676,0.028567843,0.029230895,0.03979516,0.021238094,0.018753253,0.023507075,0.024481112,0.029210497,0.029864594,0.038939264,0.032099962,0.038737293,0.025809273,0.014121279,0.016846796,0.033892527,0.035485934,0.028323153,2024-04-03 09:03:00
0.024743592,0.03809127,0.022185134,0.04062169,0.015800301,0.030456929,0.026347255,0.021298418,0.017751876,0.04592674,0.040799838,0.028563447,0.02873191,0.021734418,0.018027313,0.023672663,0.034000326,0.034062944,0.034474783,0.042152908,0.030823901,0.045397174,0.025214408,0.028721187,0.01893179,0.03446774,0.025949078,0.028384244,2024-04-03 09:04:00
0.023962997,0.035140518,0.025385534,0.022085471,0.018091403,0.04419179,0.024175497,0.031039229,0.024825178,0.03956263,0.044811293,0.034617707,0.03660298,0.018547257,0.017479884,0.012764139,0.032059077,0.013611895,0.033462625,0.03844373,0.03214897,0.029810986,0.025103321,0.033017006,0.010308691,0.02755943,0.021070255,0.028629728,2024-04-03 09:05:00
0.031978775,0.06475906,0.016742505,0.014448614,0.014713445,0.035625644,0.021440987,0.022499539,0.020154051,0.048989993,0.04467516,0.03459438,0.031628106,0.023731498,0.06429405,0.023225812,0.023711879,0.036278106,0.038273156,0.044611823,0.028279835,0.044199187,0.017282102,0.027770465,0.020918848,0.0403433,0.01867096,0.024619935,2024-04-03 09:06:00
0.02288885,0.04552461,0.026407167,0.015622705,0.01943732,0.059407398,0.032315757,0.26094276,0.018995231,0.062033292,0.03296714,0.025039323,0.041462235,0.023611536,0.016493345,0.012496,0.03507188,0.01974524,0.028982207,0.04035118,0.030028827,0.0307239,0.027085401,0.0242345,0.010466709,0.032830134,0.032076526,0.03308632,2024-04-03 09:07:00
0.02092681,0.042135768,0.021881407,0.029393032,0.017512353,0.03473838,0.021286592,0.022609495,0.013260624,0.049895335,0.03475796,0.025870962,0.03360015,0.02102947,0.039831854,0.021223783,0.030571168,0.027096894,0.025940854,0.04372316,0.02982988,0.036289606,0.019993432,0.023845641,0.016864773,0.04571136,0.01462926,0.028768636,2024-04-03 09:08:00
0.029968925,0.044392835,0.02627721,0.026260335,0.020347485,0.039893042,0.027110055,0.022303987,0.029103084,0.060165826,0.0340074,0.025635056,0.03494217,0.030462023,0.026517916,0.03883146,0.027784087,0.024856217,0.027185135,0.050826482,0.037264038,0.023033634,0.032356244,0.025318375,0.020615878,0.04082832,0.01446792,0.031181043,2024-04-03 09:09:00
0.023933334,0.035659313,0.0216251,0.02096381,0.029233564,0.021601908,0.034046516,0.019038599,0.028239517,0.044163805,0.039591033,0.03867453,0.028302465,0.018539658,0.03248542,0.033331368,0.029793248,0.028092315,0.03834285,0.04055869,0.03153738,0.026183752,0.025838189,0.019707974,0.01109372,0.026537726,0.02000587,0.029977497,2024-04-03 09:10:00
0.02253558,0.028356979,0.027339175,0.019195976,0.027220681,0.0256461,0.02877626,0.020655526,0.024616404,0.05211124,0.039165206,0.02691931,0.028456882,0.016510485,0.020654248,0.02529659,0.039456904,0.029544057,0.026175436,0.03840424,0.032051366,0.02390299,0.023086555,0.021538377,0.021305919,0.026625803,0.020312684,0.028659662,2024-04-03 09:11:00
0.044219077,0.03738121,0.023120474,0.021396026,0.021067845,0.034546137,0.040657368,0.023433555,0.01475325,0.062198985,0.0311627,0.026175834,0.031535193,0.031000957,0.021062212,0.025348993,0.02634287,0.027890798,0.02848497,0.044793613,0.026249005,0.023859225,0.02840077,0.023508862,0.013692922,0.024652267,0.02248936,0.0254113,2024-04-03 09:12:00
0.022801239,0.03386043,0.02780289,0.022253616,0.012584021,0.02774895,0.03516955,0.016026055,0.014319453,0.047210954,0.035919,0.028344281,0.02988708,0.029151006,0.026486592,0.017288666,0.022371396,0.030936908,0.037314083,0.0438444,0.02942139,0.028736003,0.02968495,0.018891556,0.018377004,0.029034777,0.028761428,0.029180912,2024-04-03 09:13:00
0.025354061,0.037373923,0.03004328,0.021024285,0.020339716,0.04027162,0.031538177,0.019363847,0.043540716,0.052682552,0.030667128,0.031180324,0.037432604,0.026468255,0.028553374,0.03184328,0.046974216,0.031269185,0.020550357,0.045185372,0.03873958,0.06446863,0.02861803,0.031401414,0.022255307,0.033536673,0.026643822,0.03059069,2024-04-03 09:14:00
0.024422992,0.028969482,0.014187636,0.15544458,0.013506213,0.03459106,0.03943431,0.022862745,0.012346454,0.04866868,0.035393145,0.025948312,0.024741232,0.02123617,0.036662042,0.015600868,0.028824288,0.031975884,0.038791463,0.03578429,0.033235367,0.019760456,0.03878542,0.019339878,0.011209193,0.023408035,0.023548823,0.030043839,2024-04-03 09:15:00
0.024183638,0.04725811,0.027600208,0.019606162,0.022826422,0.04128892,0.031158209,0.024626585,0.018130295,0.048637263,0.030382548,0.031033054,0.03186225,0.029174807,0.016530974,0.018721163,0.022903092,0.031565208,0.04069131,0.04112057,0.038310353,0.027753055,0.031099383,0.030896597,0.016663793,0.033410512,0.02695927,0.029082183,2024-04-03 09:16:00
0.022314379,0.040708218,0.020536123,0.021737704,0.019101124,0.033323497,0.036372773,0.020037415,0.042079415,0.042490907,0.028065998,0.031027269,0.030642873,0.023607638,0.03842447,0.024532797,0.030938394,0.021110011,0.035993066,0.04498382,0.031670827,0.024531819,0.030562567,0.01110917,0.023302602,0.026105875,0.030588545,0.028939046,2024-04-03 09:17:00
0.023886234,0.03316933,0.02272266,0.0142031545,0.018127011,0.024681382,0.02864546,0.015904516,0.027250605,0.054091763,0.03538697,0.030779975,0.029457789,0.033970196,0.01856877,0.011670834,0.03219512,0.010381148,0.035496105,0.049417235,0.03222439,0.026133291,0.026534906,0.021927537,0.017527552,0.02839557,0.033567138,0.026389157,2024-04-03 09:18:00
0.024232449,0.050099127,0.029070608,0.015792636,0.023991808,0.027931567,0.034064483,0.021055814,0.027612584,0.052174322,0.044639833,0.024555888,0.030860871,0.03142282,0.031962056,0.0280401,0.024836833,0.018622514,0.036478087,0.04490783,0.0298718,0.028304935,0.02158699,0.02309474,0.022601856,0.03038971,0.026500652,0.023453873,2024-04-03 09:19:00
0.025322355,0.033766937,0.021990484,0.016520405,0.02066271,0.034742914,0.031133704,0.024066588,0.037947472,0.06419996,0.03011869,0.027539898,0.031141067,0.02460427,0.0414772,0.024262,0.027479364,0.021011263,0.030973798,0.048673376,0.03012015,0.026461935,0.029345043,0.035992105,0.015161934,0.036413625,0.029244427,0.026412955,2024-04-03 09:20:00
0.025764145,0.03805069,0.037727397,0.15707743,0.01938619,0.035488565,0.029013893,0.019381613,0.0286203,0.052579716,0.034587312,0.037953474,0.036148235,0.025191244,0.015581139,0.017265474,0.025212774,0.013689615,0.02392253,0.043612644,0.030800788,0.033834595,0.026202528,0.027542312,0.014817407,0.026885957,0.01804593,0.027736412,2024-04-03 09:21:00
0.02243513,0.040429402,0.026135486,0.021750282,0.03567652,0.023866896,0.037136555,0.020868368,0.037068337,0.04300857,0.034828708,0.03629137,0.023735713,0.020216841,0.028411087,0.014506116,0.021673005,0.035982054,0.027661335,0.051227413,0.03459775,0.027468039,0.024288252,0.027012829,0.014916777,0.027197035,0.04070255,0.033193078,2024-04-03 09:22:00
0.035793662,0.0366092,0.036576133,0.025860025,0.026114294,0.023443276,0.02086939,0.022332244,0.026777688,0.06428786,0.030229647,0.036315423,0.042413674,0.023883041,0.014315156,0.08874006,0.02471868,0.022370195,0.031458233,0.035758317,0.030922486,0.023237742,0.025374705,0.020591248,0.026742585,0.028092824,0.018370764,0.028465299,2024-04-03 09:23:00
0.025051411,0.04291806,0.023122005,0.027628463,0.016690837,0.025774132,0.024771411,0.02097451,0.029218271,0.03827699,0.029172558,0.02866078,0.026808118,0.020235904,0.025541473,0.02215358,0.023585826,0.036029816,0.03822693,0.08227162,0.02979527,0.037102096,0.015966877,0.0194716,0.015325453,0.02723824,0.06618039,0.025145156,2024-04-03 09:24:00
0.024451116,0.013833041,0.018861977,0.017502442,0.011926658,0.029351512,0.028646674,0.021965826,0.026394112,0.03586604,0.0286505,0.027770163,0.03223998,0.022852011,0.015853597,0.025984537,0.027990103,0.029674988,0.041553445,0.045216963,0.030689532,0.01371066,0.030988019,0.015177114,0.023810653,0.023590352,0.021097902,0.031500816,2024-04-03 09:25:00
0.02497196,0.03578549,0.023786157,0.020877805,0.020645857,0.051656578,0.025964621,0.021591285,0.013502423,0.059276197,0.040943492,0.035349637,0.03781584,0.0155467065,0.029026933,0.031874318,0.02706419,0.028485186,0.022179076,0.046273556,0.034202125,0.032673925,0.02092038,0.023502743,0.018458527,0.027770324,0.032597493,0.024809787,2024-04-03 09:26:00
0.023734434,0.03601026,0.021564476,0.024253968,0.018616395,0.019367924,0.023367044,0.23804101,0.033091344,0.055592474,0.033829384,0.02983745,0.034421053,0.023517326,0.01196153,0.019237854,0.02729781,0.033525363,0.027635014,0.07210302,0.03303551,0.032634247,0.01881933,0.02566634,0.03570828,0.02990601,0.019744385,0.023636054,2024-04-03 09:27:00
0.023661532,0.03898983,0.011762131,0.030363254,0.018718665,0.02335949,0.028122472,0.020453148,0.06908122,0.048771936,0.029525612,0.025133988,0.03840574,0.016000932,0.019188635,0.02884799,0.021192798,0.021611594,0.03238535,0.04516342,0.03095742,0.020005323,0.03351097,0.018589403,0.016363693,0.028901922,0.05390106,0.033942077,2024-04-03 09:28:00
0.04036523,0.04495314,0.022863086,0.020744158,0.034191605,0.038905133,0.030463038,0.025624445,0.022480149,0.06137055,0.027955681,0.03280313,0.028931579,0.028889177,0.053687423,0.03490309,0.026703548,0.03024243,0.028960787,0.040047415,0.039226715,0.04044845,0.019932853,0.019133462,0.024397355,0.020346444,0.02878085,0.034888558,2024-04-03 09:29:00
0.02713697,0.029772399,0.027666392,0.016202386,0.017014809,0.027705701,0.021131987,0.017570928,0.018101575,0.061839476,0.04310267,0.03764586,0.03593148,0.03592497,0.013907001,0.011344171,0.024759242,0.028672569,0.028721238,0.053241953,0.03705667,0.063241795,0.026562348,0.019135412,0.015317109,0.025313761,0.01778589,0.029604215,2024-04-03 09:30:00
0.024619829,0.015181225,0.024529038,0.040785547,0.011462801,0.024671225,0.019071823,0.014581842,0.029447673,0.050068695,0.031586647,0.028735409,0.0293815,0.013833426,0.013034016,0.020025896,0.022553595,0.014810338,0.027793586,0.035623353,0.031695966,0.023339253,0.021991156,0.026641792,0.022347424,0.033635035,0.03258896,0.025763104,2024-04-03 09:31:00
0.020855393,0.038822636,0.02635213,0.013611157,0.0183121,0.022593983,0.029290989,0.022899484,0.020691425,0.051132973,0.03124434,0.026575174,0.02982061,0.02226906,0.016759519,0.014504593,0.028636497,0.016576309,0.031830292,0.039408058,0.03219902,0.02315209,0.023111649,0.037818648,0.014609369,0.030475374,0.027323041,0.016404368,2024-04-03 09:32:00
0.023763452,0.043202035,0.014860729,0.017656425,0.02505671,0.012752417,0.05661882,0.022955758,0.019023325,0.05345606,0.035802446,0.026740534,0.031159079,0.02125241,0.020535713,0.018051468,0.02322633,0.027246125,0.035338234,0.036042806,0.03134455,0.02185551,0.036828175,0.031438723,0.0208939,0.03141617,0.033180192,0.043389514,2024-04-03 09:33:00
0.026241306,0.044405945,0.027552038,0.05024847,0.02517218,0.016050478,0.030992555,0.019739522,0.02707023,0.041367203,0.0277203,0.026368888,0.02369671,0.024765063,0.019410776,0.0143396715,0.023430934,0.030225188,0.028681614,0.03897301,0.03484954,0.028413963,0.016780667,0.036947865,0.020784358,0.033691667,0.039717123,0.028578868,2024-04-03 09:34:00
0.023744063,0.035091437,0.017936863,0.011956365,0.03441985,0.050148502,0.038939133,0.020173827,0.023806144,0.058762416,0.031654887,0.02556631,0.03387984,0.01949903,0.01485356,0.014283694,0.027576383,0.022309313,0.035017993,0.036737237,0.036046714,0.019984795,0.033495415,0.014807496,0.017161228,0.021805514,0.02995947,0.034953006,2024-04-03 09:35:00
0.023671655,0.033572204,0.017067177,0.026738346,0.016551638,0.017961524,0.02727896,0.02808776,0.026325485,0.055891603,0.039578628,0.04775071,0.02567928,0.027037354,0.056246076,0.02027718,0.028133484,0.015734438,0.03822446,0.045313697,0.031704307,0.027353004,0.03615587,0.020158932,0.022064585,0.031685773,0.02631011,0.030813742,2024-04-03 09:36:00
0.023431975,0.03069376,0.031557202,0.015615349,0.014242423,0.015824422,0.043609004,0.021681232,0.022100436,0.055950202,0.034679856,0.029966826,0.026245873,0.02501884,0.023854682,0.02167346,0.036501706,0.031143712,0.032334145,0.044996466,0.030579627,0.023358412,0.024760682,0.0252416,0.019920696,0.03739487,0.02731914,0.026051976,2024-04-03 09:37:00
0.022947783,0.026663704,0.021405801,0.026355412,0.022146301,0.021156898,0.030260697,0.03740353,0.03732733,0.04712961,0.034752905,0.04064617,0.03335604,0.017934076,0.015670236,0.027771208,0.029924396,0.019270958,0.037247743,0.04531336,0.034145143,0.021108288,0.02690542,0.02560009,0.014586648,0.023376863,0.0251848,0.028555695,2024-04-03 09:38:00
0.023596853,0.016959017,0.026348514,0.012204922,0.023593713,0.02150328,0.028122341,0.022112302,0.025958993,0.053118948,0.031193605,0.02959202,0.048158027,0.020059798,0.029424863,0.022247272,0.036522377,0.04880786,0.019198926,0.044761688,0.030654177,0.015263959,0.031259183,0.039674122,0.01251037,0.04025965,0.029075244,0.017075146,2024-04-03 09:39:00
0.02372856,0.029354915,0.01742367,0.037725355,0.018449008,0.021934351,0.028775264,0.022958528,0.019255817,0.0482934,0.030669335,0.027228987,0.02835924,0.025299637,0.04705726,0.036921766,0.022725597,0.01924223,0.040160563,0.052388795,0.029374896,0.024273178,0.031309176,0.024254575,0.03065263,0.027034877,0.023859456,0.028349156,2024-04-03 09:40:00
0.031319786,0.036740843,0.021449225,0.02241553,0.016268156,0.014634553,0.033894297,0.01906417,0.01862974,0.05121964,0.031095153,0.02789018,0.03083761,0.011850439,0.015427425,0.020259557,0.025005048,0.01516593,0.029003516,0.03640077,0.029039552,0.021229893,0.027148543,0.015290148,0.01443759,0.0226243,0.025858374,0.017981267,2024-04-03 09:41:00
0.022917248,0.040398717,0.02927697,0.03081416,0.016216842,0.017760018,0.026632946,0.017188968,0.013858178,0.050112482,0.02968069,0.040786244,0.033485558,0.026856896,0.027041903,0.018124329,0.038753156,0.018377736,0.03954908,0.045079168,0.029690582,0.020659847,0.024857696,0.019169016,0.010963965,0.03187325,0.026090212,0.01541827,2024-04-03 09:42:00
0.02384254,0.030924028,0.03014053,0.021273263,0.017260743,0.020936534,0.032565087,0.014179302,0.023681631,0.029890908,0.049236737,0.02934617,0.028836522,0.018971816,0.01840413,0.015318657,0.02496763,0.022036375,0.040209603,0.036395516,0.029063042,0.04228329,0.018754961,0.037758548,0.021944888,0.027311627,0.019085143,0.018195046,2024-04-03 09:43:00
0.024230925,0.0326723,0.020956941,0.01585741,0.016755456,0.020362193,0.028559057,0.021884665,0.027276428,0.040131297,0.031185897,0.03832187,0.035540216,0.014538176,0.01681185,0.009147647,0.032200485,0.027172308,0.02854157,0.03604726,0.03120071,0.0312583,0.025071837,0.016126957,0.035378724,0.028898425,0.02284557,0.028898962,2024-04-03 09:44:00
0.023475938,0.040143244,0.023379572,0.026860617,0.020973232,0.021298267,0.032174103,0.017245963,0.02005898,0.046585593,0.036212225,0.028243385,0.03577008,0.025480995,0.0167813,0.015737722,0.031910803,0.034835577,0.03239276,0.05824033,0.031786576,0.030430341,0.030744914,0.018841593,0.026713312,0.019662341,0.024134066,0.035183147,2024-04-03 09:45:00
0.03262153,0.042013835,0.02583503,0.027111704,0.019108003,0.031634606,0.032114837,0.029456714,0.017308056,0.05519431,0.019603802,0.024434363,0.021923484,0.05131163,0.031041648,0.024702549,0.023881536,0.030396206,0.028859954,0.053679317,0.027455434,0.029386101,0.02975903,0.025061361,0.01547162,0.046033,0.02481613,0.02960682,2024-04-03 09:46:00
0.023342608,0.03989949,0.02253768,0.021460744,0.017598135,0.016446482,0.028379863,0.02178746,0.024496675,0.05145619,0.0387979,0.025412438,0.025921864,0.02667934,0.01990044,0.016810693,0.054225024,0.042661656,0.04311824,0.044826984,0.02943101,0.02963933,0.024465982,0.019794138,0.013938523,0.032606877,0.029998472,0.03162581,2024-04-03 09:47:00
0.026039477,0.043398626,0.019596139,0.026153835,0.016192798,0.0115935495,0.028893897,0.018153219,0.021261288,0.05195456,0.032595493,0.03069295,0.038229093,0.025031412,0.016648388,0.019809846,0.026478445,0.014134635,0.02242426,0.048117988,0.025686396,0.017527688,0.030008527,0.021908136,0.009939809,0.026159065,0.0229004,0.027659824,2024-04-03 09:48:00
0.02349111,0.028346097,0.025990078,0.033839524,0.019488884,0.033963352,0.031989362,0.021591743,0.016031269,0.046830334,0.039772037,0.020501275,0.030494824,0.019392803,0.028994903,0.020427246,0.024040258,0.029134575,0.029946145,0.03592805,0.03187072,0.03027325,0.01605847,0.026120411,0.029189423,0.034857456,0.020032505,0.026504686,2024-04-03 09:49:00
0.022005798,0.020947143,0.026536401,0.012773123,0.02107882,0.012903141,0.030508805,0.017761605,0.015414867,0.052087806,0.03531622,0.0243146,0.040451564,0.020449748,0.014209813,0.029031238,0.024020754,0.026639227,0.023168795,0.044906706,0.029895421,0.014481927,0.015401103,0.021592705,0.016444184,0.029874394,0.022934157,0.027050627,2024-04-03 09:50:00
0.02170724,0.0851627,0.015398955,0.019724311,0.020531146,0.020090295,0.022668436,0.020716857,0.026622172,0.050411656,0.020597016,0.023602584,0.03109458,0.016818445,0.027177503,0.031062651,0.02207523,0.022267735,0.03214962,0.04094704,0.030208213,0.03469041,0.016267387,0.029754912,0.010591258,0.026370905,0.022780953,0.028058143,2024-04-03 09:51:00
0.020675318,0.033689566,0.027343124,0.01958437,0.022979759,0.021886637,0.024042634,0.024202645,0.026146106,0.06388721,0.020338606,0.028610753,0.04140375,0.029387893,0.018034365,0.012023324,0.027045852,0.028376332,0.02679196,0.03908729,0.03188074,0.02296206,0.024679584,0.02550685,0.0116368,0.027136367,0.043530557,0.027226357,2024-04-03 09:52:00
0.020610249,0.034864016,0.022406058,0.023217423,0.013088544,0.026251568,0.023124164,0.031631958,0.024276521,0.05480216,0.027570454,0.027940411,0.037835646,0.020706989,0.021329515,0.025852853,0.024078928,0.022973292,0.017063495,0.03936168,0.030723868,0.014291436,0.030549385,0.015142905,0.017168602,0.031613737,0.0220829,0.021207659,2024-04-03 09:53:00
0.020379547,0.031816024,0.023878949,0.012267622,0.019812135,0.03824243,0.027218338,0.014246177,0.024019064,0.037660375,0.037137806,0.027103065,0.052533593,0.02050889,0.013239729,0.015157185,0.026014274,0.018598698,0.026634322,0.036158834,0.026029184,0.0154578425,0.030213688,0.0140208285,0.022162111,0.02962815,0.018068872,0.027740352,2024-04-03 09:54:00
0.022529988,0.032336265,0.019517755,0.030375812,0.017737795,0.01443539,0.027396053,0.020212907,0.018459205,0.058207825,0.022205742,0.02479116,0.040346812,0.022519974,0.02037824,0.019809697,0.02795142,0.0325894,0.029218027,0.03617076,0.029679092,0.038290348,0.03046199,0.029952548,0.019155398,0.022105094,0.024009967,0.03097043,2024-04-03 09:55:00
0.028019924,0.044848688,0.025232928,0.028338432,0.024576617,0.017581567,0.03756014,0.02624458,0.018537797,0.05187748,0.029657176,0.02428304,0.037016027,0.031006113,0.04199468,0.014253348,0.022669863,0.023610607,0.030671192,0.03612535,0.02959549,0.01660154,0.034673322,0.040700585,0.020399846,0.03517854,0.017032407,0.03559616,2024-04-03 09:56:00
0.022750314,0.03010139,0.025330052,0.031190686,0.019990023,0.020294175,0.03439146,0.034370385,0.02358033,0.046645172,0.029303221,0.02730831,0.04352429,0.015143509,0.04167097,0.026928287,0.023294728,0.033714384,0.040418584,0.03600684,0.032870363,0.0368197,0.042413075,0.032373257,0.021188594,0.02635923,0.02659802,0.028492289,2024-04-03 09:57:00
0.020988591,0.030274868,0.025255844,0.027905332,0.021784132,0.014547371,0.033262327,0.018473288,0.025723064,0.052146383,0.03436732,0.018936785,0.032265563,0.021524934,0.015488273,0.037854508,0.022709996,0.029523317,0.03212233,0.06359013,0.033264935,0.038770594,0.026203627,0.0203499,0.035556074,0.022419278,0.0265514,0.031856857,2024-04-03 09:58:00
0.022696927,0.036020856,0.028316818,0.027398234,0.023070255,0.01922225,0.036466476,0.021756193,0.01352457,0.054135866,0.026908915,0.03109577,0.027735066,0.0128595745,0.020758225,0.015586982,0.027766338,0.029652443,0.035477806,0.04157868,0.030256117,0.018618973,0.020422826,0.026984775,0.020588307,0.04006543,0.026772786,0.03012299,2024-04-03 09:59:00
0.022426816,0.04076304,0.024840634,0.028052477,0.015630204,0.036336515,0.034741875,0.021146705,0.015205529,0.050196394,0.034929555,0.034645513,0.029497435,0.03281981,0.02466362,0.011951102,0.02512606,0.024387954,0.032662205,0.03557941,0.030012079,0.015924243,0.03365924,0.01832187,0.022775233,0.02651771,0.018727858,0.032852348,2024-04-03 10:00:00
0.02188833,0.03931177,0.03683203,0.033490643,0.027155215,0.021725804,0.030552436,0.019748135,0.02773518,0.05664319,0.021230988,0.028495869,0.028650045,0.019803982,0.02227759,0.031621672,0.039472815,0.02129225,0.037128102,0.044978797,0.030421948,0.02547817,0.028611135,0.019987172,0.013788574,0.02804955,0.020369677,0.025689034,2024-04-03 10:01:00
0.024612311,0.04074262,0.0258666,0.030731717,0.014935689,0.08123261,0.034364454,0.26813236,0.018807633,0.049984857,0.032102752,0.03257831,0.028984485,0.026405463,0.029097661,0.026771197,0.022988643,0.022583565,0.045550466,0.054146215,0.042340703,0.01851065,0.026084058,0.02733729,0.02743556,0.025729822,0.02367611,0.03666862,2024-04-03 10:02:00
0.023024173,0.041483957,0.028021047,0.039911874,0.016523818,0.028295092,0.035008382,0.015214562,0.018824652,0.054679923,0.03609589,0.03338027,0.03916633,0.023239264,0.021982132,0.019316066,0.027442457,0.023201989,0.028460678,0.04316669,0.046877522,0.019284397,0.027352992,0.022469563,0.017369512,0.023140648,0.039913185,0.034881763,2024-04-03 10:03:00
0.0216047,0.032508515,0.017410584,0.029400157,0.024142569,0.02367161,0.030873293,0.022841932,0.011838824,0.071144685,0.04191322,0.046428412,0.031611692,0.02606009,0.013699833,0.0174316,0.02560716,0.024080206,0.023732036,0.044855453,0.04234382,0.016334062,0.024757912,0.035510484,0.012208331,0.030371068,0.02104489,0.028288694,2024-04-03 10:04:00
0.02165592,0.033057492,0.024836289,0.039783154,0.01919113,0.023964299,0.034317225,0.017536547,0.022148566,0.04834086,0.021427574,0.025709875,0.036415316,0.026337456,0.013853923,0.022551361,0.022555944,0.023976183,0.025916478,0.040665384,0.042205278,0.025141897,0.027410476,0.04874882,0.01169513,0.036077086,0.02327388,0.028709851,2024-04-03 10:05:00
0.020171626,0.04499817,0.018416898,0.042470455,0.02521021,0.03832541,0.031314913,0.019459238,0.009022484,0.047417242,0.04312888,0.029556341,0.034274183,0.014258695,0.07017502,0.025625018,0.022343094,0.032569025,0.032384645,0.045059975,0.037835106,0.021267336,0.031217668,0.02982325,0.012803625,0.024881868,0.024273738,0.032828134,2024-04-03 10:06:00
0.04617599,0.040799048,0.030656163,0.034792572,0.014558841,0.020379582,0.036735274,0.024506265,0.03417338,0.052282315,0.0383074,0.028707033,0.030704586,0.0182864,0.023599532,0.024291573,0.02233772,0.03164998,0.025992803,0.035602536,0.037981547,0.014971987,0.03201935,0.027904214,0.012591635,0.027270237,0.028097216,0.03172021,2024-04-03 10:07:00
0.023606408,0.045183446,0.022183718,0.042106934,0.01982132,0.02339519,0.03628094,0.02376995,0.020950802,0.046070736,0.040490597,0.022386676,0.040225435,0.026897896,0.024200607,0.035880633,0.03942268,0.020000469,0.032091152,0.04523016,0.035057478,0.0165142,0.032313485,0.026377788,0.023220863,0.04453118,0.019335642,0.031861763,2024-04-03 10:08:00
0.023115052,0.033086225,0.021325799,0.049619734,0.014768678,0.018679203,0.040859375,0.024372853,0.027015544,0.04553305,0.043846358,0.027144091,0.03212217,0.020153759,0.015659267,0.026018832,0.021342194,0.01562362,0.040178142,0.044867914,0.03775512,0.01671628,0.028710905,0.020361165,0.01442295,0.025088504,0.022263544,0.031758208,2024-04-03 10:09:00
0.023688331,0.023013089,0.026462033,0.05109194,0.023583228,0.016706549,0.031494375,0.022888696,0.016996086,0.03579059,0.046606045,0.030894656,0.027675943,0.021246975,0.058960225,0.016833687,0.02509757,0.030505307,0.025925413,0.039235905,0.048186883,0.028899139,0.025008317,0.020199724,0.020116186,0.028428027,0.031944536,0.025048358,2024-04-03 10:10:00
0.025877701,0.0376815,0.028472291,0.027110942,0.022910327,0.016108748,0.035978306,0.024526143,0.01719831,0.05300773,0.031099318,0.03017361,0.031834386,0.025641983,0.024859503,0.012476642,0.023010347,0.030112626,0.027166547,0.04183434,0.09639013,0.024175184,0.035851706,0.019961996,0.023608644,0.03592198,0.051146816,0.020733086,2024-04-03 10:11:00
0.022713872,0.031420328,0.022829607,0.028513825,0.03675292,0.017910618,0.03734832,0.021269178,0.015598701,0.053706367,0.035556585,0.032944217,0.03841874,0.029813036,0.015488737,0.025934752,0.02565605,0.029878784,0.022741798,0.05840866,0.036473647,0.027500637,0.03675605,0.023936197,0.012443249,0.02231523,0.021589553,0.027414665,2024-04-03 10:12:00
0.031836014,0.029718697,0.026485832,0.13127442,0.012914996,0.024714917,0.1024495,0.014571577,0.035259776,0.059025608,0.019598676,0.02786288,0.031008068,0.017410006,0.01911768,0.01163311,0.030332774,0.02806827,0.022141874,0.04679181,0.03268436,0.037811838,0.03147309,0.033791255,0.022620477,0.02911799,0.027721742,0.028395435,2024-04-03 10:13:00
0.0318893,0.025965985,0.018937245,0.033946425,0.01560897,0.01891652,0.040115684,0.023710689,0.024774263,0.034764465,0.02984957,0.027460558,0.031014524,0.021705676,0.03493468,0.025352722,0.02604675,0.03300439,0.031069148,0.044493254,0.03049228,0.043153636,0.028747639,0.01396245,0.01066156,0.027936745,0.021569747,0.026494294,2024-04-03 10:14:00
0.022252671,0.038140427,0.025032824,0.036205836,0.018521529,0.015303486,0.03780895,0.019820796,0.028378008,0.05905819,0.036279906,0.026704164,0.038381357,0.01894639,0.029407097,0.010912847,0.028505133,0.029748764,0.027275003,0.0438546,0.030718733,0.038934615,0.021997081,0.020635678,0.018932607,0.027925935,0.04397875,0.028094724,2024-04-03 10:15:00
0.009838311,0.014139368,0.014970299,0.032008983,0.011373622,0.015907139,0.039534353,0.014456034,0.020220103,0.05983032,0.03026359,0.030683978,0.04921055,0.015152544,0.010689215,0.013732996,0.020503258,0.027910734,0.028229529,0.036509424,0.050001033,0.016380195,0.021394512,0.015097997,0.015236594,0.036561966,0.026170898,0.02435319,2024-04-03 10:16:00
0.022026734,0.017190598,0.029736433,0.03727798,0.027531851,0.03170156,0.03617125,0.025133735,0.014406882,0.042426795,0.032639477,0.03432938,0.09714754,0.021021428,0.026190322,0.010736833,0.02241172,0.03213152,0.027375666,0.03926152,0.0366384,0.02339963,0.022125797,0.039194398,0.020768028,0.048222262,0.0400485,0.023785919,2024-04-03 10:17:00
0.023763835,0.05649472,0.029198287,0.03270271,0.018627634,0.022682022,0.03350645,0.019314086,0.021004904,0.06208389,0.020502292,0.025890708,0.035937607,0.024614563,0.022822557,0.03388957,0.023136804,0.020225042,0.014201533,0.04472544,0.02871056,0.019385826,0.025848968,0.029142499,0.011159928,0.03277252,0.025095971,0.029375562,2024-04-03 10:18:00
0.026224136,0.042704932,0.032539297,0.16108908,0.018508742,0.02351801,0.04386868,0.02435639,0.026441675,0.05212418,0.04164,0.029757647,0.035846286,0.024070859,0.020341419,0.02454601,0.025213191,0.0293935,0.0229574,0.04478729,0.030345118,0.02464247,0.032012817,0.029083109,0.03962591,0.026444374,0.024154525,0.020447562,2024-04-03 10:19:00
0.022558853,0.045084387,0.028286468,0.07245919,0.01784638,0.020599924,0.042253774,0.16026826,0.029514285,0.06201782,0.048130814,0.027140789,0.03462707,0.019811975,0.03326793,0.02250832,0.023803739,0.032075845,0.020675046,0.04487141,0.030716898,0.014792852,0.031673487,0.019948833,0.025161086,0.026619993,0.035223532,0.016276425,2024-04-03 10:20:00
0.02315249,0.03423965,0.030152056,0.027140083,0.020414725,0.01959954,0.035288442,0.022284487,0.024605582,0.054102793,0.050317094,0.032932926,0.026799755,0.021218508,0.027668566,0.03076682,0.03157356,0.034762744,0.03324791,0.035572384,0.032401986,0.033521768,0.03799169,0.02678966,0.021430263,0.028218329,0.029699704,0.026168438,2024-04-03 10:21:00
0.022973241,0.035118908,0.0290054,0.032255888,0.020128628,0.022315636,0.038608357,0.034232613,0.01933218,0.053843755,0.044047806,0.028430367,0.045160756,0.016684854,0.020751676,0.02448424,0.025198508,0.016898084,0.026581705,0.036109928,0.03127507,0.02018315,0.019903567,0.036488302,0.02732161,0.029569522,0.02442842,0.024999643,2024-04-03 10:22:00
0.023175903,0.026575768,0.019963918,0.047371548,0.031165576,0.018140165,0.03239304,0.019957896,0.025471589,0.06634601,0.02560984,0.029293044,0.036693294,0.02856212,0.013195007,0.023147468,0.024145368,0.02083543,0.044060748,0.045078468,0.03105985,0.01442969,0.02808599,0.03363068,0.008268983,0.030178914,0.026605839,0.024206145,2024-04-03 10:23:00
0.025476811,0.028544195,0.026868245,0.039631523,0.01568178,0.022160577,0.033831447,0.026606284,0.014527051,0.031733494,0.04161462,0.032787137,0.029005548,0.017375201,0.01834363,0.028299091,0.022115123,0.02451308,0.027109569,0.035924766,0.033853367,0.020801084,0.020480845,0.033173095,0.01998363,0.028780028,0.021052973,0.023629917,2024-04-03 10:24:00
0.022777349,0.048100203,0.024429848,0.031832635,0.019146089,0.030330911,0.033132073,0.0200848,0.03175127,0.049563807,0.027644636,0.030196583,0.03146268,0.029156022,0.018900855,0.01575517,0.025063086,0.03221763,0.025227584,0.039911576,0.030587167,0.03190656,0.04484985,0.024463227,0.019957958,0.032524362,0.024830883,0.025502132,2024-04-03 10:25:00
0.022977931,0.029686473,0.020522324,0.023828577,0.022881048,0.024297312,0.03863901,0.020269,0.02923636,0.03649159,0.03674151,0.03618633,0.03490265,0.018788897,0.035606705,0.03779625,0.02868491,0.026824113,0.032092623,0.035571612,0.041154075,0.018258113,0.02046652,0.0434594,0.013553699,0.042797968,0.03977812,0.029191962,2024-04-03 10:26:00
0.030162573,0.033527784,0.019801075,0.05301408,0.038647212,0.06267754,0.037096128,0.017632792,0.012243145,0.060456496,0.028681893,0.030174704,0.045860324,0.044228863,0.024074173,0.03303804,0.023116384,0.013674208,0.020989653,0.044936918,0.02927152,0.017044725,0.020955373,0.049861137,0.015204325,0.028890517,0.020052293,0.021379044,2024-04-03 10:27:00
0.022108221,0.042103745,0.029795201,0.03759722,0.021315012,0.018857228,0.036750983,0.023537386,0.015201955,0.043717127,0.026351139,0.02638389,0.048783746,0.026146816,0.04515497,0.025063762,0.026365329,0.030244896,0.027818376,0.040146228,0.032770503,0.01776334,0.03205304,0.059116013,0.017081846,0.029828887,0.042053394,0.027678777,2024-04-03 10:28:00
0.026638364,0.041952737,0.023416867,0.040280156,0.03168419,0.019185774,0.034686092,0.020443868,0.028644301,0.04981112,0.02992919,0.025550703,0.031049628,0.0295398,0.043307915,0.024907654,0.022487154,0.016613262,0.037001483,0.03647391,0.0328993,0.035102833,0.037168246,0.034617312,0.012355584,0.030088324,0.033611577,0.010146637,2024-04-03 10:29:00
0.027067786,0.036327936,0.020247934,0.17136602,0.015898896,0.025753807,0.035500865,0.02252075,0.034191553,0.05337239,0.036408428,0.019077038,0.03098062,0.025081994,0.043460786,0.019742932,0.026968984,0.031953234,0.03851134,0.045154735,0.031350993,0.019245163,0.0233997,0.016172763,0.01688016,0.035234842,0.02568059,0.027706081,2024-04-03 10:30:00
0.02403729,0.03418737,0.021002922,0.10039932,0.014796186,0.025288789,0.03432566,0.024598995,0.023627497,0.06564598,0.029345838,0.02294627,0.033678003,0.029286856,0.030147925,0.013982514,0.024127133,0.023826355,0.02587811,0.03588525,0.03365262,0.018192107,0.036309354,0.027310997,0.018220158,0.030736672,0.023140846,0.029580722,2024-04-03 10:31:00
0.028085977,0.037151337,0.028766781,0.03747233,0.020501293,0.02957473,0.04350642,0.023987375,0.0221407,0.05688721,0.02055621,0.032553688,0.047544274,0.0333984,0.07779077,0.023400651,0.027963515,0.027676119,0.035056654,0.04611374,0.028467879,0.018576745,0.038295347,0.034954157,0.021799691,0.04009594,0.029734123,0.027622856,2024-04-03 10:32:00
0.027767925,0.021930305,0.026490325,0.06853614,0.010911284,0.024945203,0.036711887,0.01965204,0.024751214,0.041258648,0.034995925,0.025501974,0.036133394,0.016691454,0.05324863,0.0028651773,0.022463337,0.03184913,0.042436857,0.041228306,0.030458283,0.048526388,0.030937077,0.014878279,0.024122212,0.021236068,0.032070745,0.01803181,2024-04-03 10:33:00
0.027508497,0.03923295,0.027075494,0.02479055,0.022623923,0.025671016,0.036668815,0.02760359,0.024505436,0.038923725,0.036385044,0.028800953,0.034498718,0.023177244,0.03660423,0.010851837,0.02450154,0.043541603,0.030278707,0.061774466,0.026956843,0.03367278,0.040596943,0.025558526,0.013955425,0.021219531,0.04019959,0.0340343,2024-04-03 10:34:00
0.027861873,0.034147896,0.030738655,0.05814101,0.014027919,0.01993082,0.047492288,0.027486168,0.027539758,0.05996848,0.028396254,0.02986497,0.03228626,0.025546454,0.040385034,0.019048184,0.021311125,0.033227973,0.034871228,0.04510362,0.032023024,0.021747462,0.029116066,0.020817887,0.027458617,0.025958393,0.098973915,0.032776922,2024-04-03 10:35:00
0.024383882,0.042177226,0.024200393,0.032453433,0.027554976,0.019635152,0.034589104,0.03207853,0.019028228,0.05875356,0.035548445,0.033335224,0.022655578,0.020070883,0.019890198,0.02466635,0.022293191,0.018010765,0.027190177,0.036535878,0.030918116,0.025656538,0.027204351,0.021685014,0.020648468,0.04178609,0.03609984,0.022797031,2024-04-03 10:36:00
0.02271476,0.036996532,0.03289414,0.037200112,0.023278557,0.017513596,0.03646019,0.016468396,0.009892979,0.05010797,0.033220917,0.030420678,0.035079867,0.017274529,0.046272032,0.021415291,0.02409881,0.029606154,0.02739028,0.044769987,0.030855214,0.027170068,0.030792672,0.02072239,0.014705633,0.034309734,0.016351258,0.028954193,2024-04-03 10:37:00
0.023714034,0.03522822,0.027618855,0.033430904,0.022962738,0.017215403,0.032408543,0.019626057,0.019488124,0.049161762,0.044117525,0.044471804,0.02900296,0.021094235,0.04565947,0.015729396,0.026974302,0.028438577,0.0340783,0.045160484,0.027319722,0.024393009,0.03791968,0.021353578,0.014300502,0.040515292,0.01818375,0.028920865,2024-04-03 10:38:00
0.024257496,0.031252466,0.014387984,0.037809625,0.022932054,0.026206011,0.03731302,0.028083175,0.02634137,0.047896866,0.037578613,0.04064191,0.033672027,0.02782929,0.044242334,0.025234569,0.027372349,0.03090806,0.034207907,0.03944477,0.030907929,0.03768334,0.02649846,0.020475976,0.009518147,0.021348028,0.018237403,0.027919848,2024-04-03 10:39:00
0.035062935,0.043638505,0.031454936,0.04236294,0.02233751,0.019467767,0.03605634,0.01409761,0.037477694,0.044942606,0.041781228,0.028193649,0.034624252,0.017043592,0.01846965,0.011131413,0.025202319,0.02419795,0.029997319,0.051325183,0.035668388,0.041916665,0.021907344,0.065158956,0.03759832,0.034465395,0.03630256,0.028599605,2024-04-03 10:40:00
0.025124727,0.033308785,0.033843726,0.037124477,0.019133348,0.025248123,0.034894615,0.022788325,0.026162045,0.04185439,0.03883542,0.03515222,0.037432846,0.011951209,0.046533383,0.021227442,0.040617276,0.025135271,0.02528155,0.042433288,0.030816277,0.026035545,0.035080336,0.025409184,0.013538592,0.043187864,0.035646096,0.0321283,2024-04-03 10:41:00
0.027516076,0.039065022,0.024646621,0.0304285,0.050465193,0.031232897,0.050136607,0.023274258,0.017269759,0.046154346,0.034238756,0.032279916,0.028985756,0.020399027,0.03100569,0.02486987,0.033211816,0.03195556,0.04391461,0.040290475,0.033665832,0.038541567,0.03031099,0.02203035,0.01726143,0.025735248,0.03297498,0.02800065,2024-04-03 10:42:00
0.019258382,0.036988135,0.029169332,0.037992105,0.032362483,0.02763554,0.03576009,0.022854537,0.020140434,0.0506129,0.0287707,0.032327246,0.0318814,0.026263462,0.012692143,0.02195451,0.024329871,0.029098198,0.02745936,0.05239073,0.036636606,0.03678546,0.031222139,0.023366079,0.018669544,0.028675005,0.02249292,0.026604071,2024-04-03 10:43:00
0.022429664,0.016511822,0.019849932,0.031242635,0.02018176,0.05267789,0.21482185,0.022717152,0.017294807,0.057326656,0.04208866,0.033671487,0.03152588,0.019430045,0.011097911,0.021389147,0.024842959,0.02784692,0.02831559,0.046249133,0.03480166,0.033253837,0.02685513,0.019490978,0.009796864,0.021657808,0.107215695,0.028107882,2024-04-03 10:44:00
0.021995513,0.03776206,0.02999567,0.15205818,0.019776922,0.037703246,0.03717629,0.020710154,0.045935825,0.10101374,0.026017651,0.03162604,0.03519696,0.018550936,0.035375588,0.015125869,0.028552994,0.029847128,0.025455825,0.050570957,0.029393863,0.035472356,0.026941506,0.027949626,0.010072927,0.029974438,0.017068207,0.030090708,2024-04-03 10:45:00
0.049600232,0.03604593,0.028136134,0.034060642,0.024004154,0.02429189,0.036037035,0.016005473,0.016145794,0.05313509,0.038055293,0.04195044,0.034710445,0.02123242,0.035283417,0.030838823,0.028324444,0.048410796,0.032341573,0.035849173,0.034792982,0.035477675,0.032098446,0.017664097,0.011627596,0.03187634,0.025484886,0.029059295,2024-04-03 10:46:00
0.019376533,0.02531326,0.022152105,0.021994958,0.014316447,0.026417458,0.03691145,0.015632283,0.022851722,0.046730306,0.030802075,0.030124202,0.030789552,0.018522762,0.015823113,0.022979014,0.035202432,0.027321031,0.044908736,0.04479727,0.03333432,0.024934193,0.029218365,0.01780125,0.015437931,0.029148648,0.023281597,0.039471265,2024-04-03 10:47:00
0.022151934,0.03845687,0.03303247,0.017061995,0.020792266,0.019234853,0.036166817,0.02031276,0.01913838,0.046885602,0.04809722,0.033697058,0.032854497,0.012836891,0.020575516,0.030925158,0.04273936,0.027173309,0.038225032,0.04483302,0.033937722,0.024762345,0.033663448,0.032079965,0.014883947,0.027019864,0.029877808,0.01677607,2024-04-03 10:48:00
0.01690088,0.036978103,0.01880941,0.034728307,0.018686624,0.012546725,0.041865803,0.02065434,0.024342237,0.043876532,0.046104208,0.030938072,0.030579926,0.022729244,0.049997926,0.019015457,0.021964781,0.014024578,0.021777682,0.04484358,0.031949863,0.026695548,0.040963355,0.010885473,0.01080924,0.03707555,0.0225533,0.021320246,2024-04-03 10:49:00
0.020308571,0.038169697,0.03746085,0.15340722,0.017015148,0.014714066,0.03898367,0.021292688,0.022892158,0.051285293,0.019735482,0.027517475,0.044184297,0.017630436,0.028190982,0.01123102,0.023572637,0.030273467,0.02635215,0.036970954,0.030765621,0.027384521,0.02690502,0.023642719,0.015452513,0.024454467,0.0205474,0.02517873,2024-04-03 10:50:00
0.024734776,0.027817648,0.02976974,0.035894904,0.023781156,0.019500034,0.04081193,0.02303979,0.01803505,0.050942756,0.038427446,0.030497935,0.039944347,0.027609935,0.026220275,0.016505636,0.0225797,0.027584381,0.035337936,0.037095137,0.02555668,0.026771404,0.029441692,0.023725683,0.019279288,0.02728704,0.020336496,0.0116923405,2024-04-03 10:51:00
0.02286572,0.020261144,0.02400897,0.049415946,0.01621696,0.029952528,0.026905185,0.022994254,0.023643784,0.035505954,0.036622155,0.042277988,0.0359478,0.022693938,0.034764957,0.027584804,0.022776635,0.029922623,0.03700475,0.036672615,0.030455848,0.04653145,0.03241065,0.011315186,0.018267237,0.02518628,0.023656499,0.03266801,2024-04-03 10:52:00
0.017295018,0.03143061,0.019554347,0.04231193,0.017078625,0.015692485,0.032198742,0.02070316,0.016152361,0.05725291,0.03677744,0.0299405,0.03758725,0.02341548,0.017744167,0.057480425,0.025057232,0.023766065,0.019439857,0.035498165,0.026720896,0.023840483,0.03011977,0.018731393,0.010030129,0.039867572,0.079797335,0.028331336,2024-04-03 10:53:00
0.029233648,0.04324474,0.029166538,0.045534685,0.12320391,0.020409256,0.03205207,0.01789984,0.027718956,0.051220477,0.041262455,0.054145504,0.027257832,0.054568987,0.02938044,0.020589862,0.033226863,0.03568876,0.031894498,0.044885125,0.031836648,0.025557583,0.030013988,0.02470496,0.01816441,0.0333913,0.02190423,0.02454805,2024-04-03 10:54:00
0.022137545,0.020689005,0.027741821,0.02391464,0.016690105,0.03647976,0.04201185,0.019904397,0.016625728,0.053155854,0.036655165,0.029887354,0.040630706,0.023217456,0.022770472,0.022697985,0.030715885,0.03103221,0.026159199,0.041102115,0.03163466,0.037623227,0.026106525,0.017486986,0.011426548,0.021023909,0.024380077,0.03304501,2024-04-03 10:55:00
0.023468034,0.03979199,0.01863607,0.029384032,0.020503592,0.024740381,0.09970487,0.012843598,0.017423622,0.051489484,0.04078448,0.025186857,0.032728996,0.02633014,0.027042285,0.015174017,0.02442557,0.035902016,0.031313486,0.036673978,0.03168764,0.030008493,0.02875355,0.03141434,0.017941706,0.022601051,0.023089107,0.029029822,2024-04-03 10:56:00
0.02231695,0.03834537,0.025502766,0.03619249,0.039330527,0.014948017,0.060512558,0.021625781,0.011930376,0.058039166,0.028798135,0.026611757,0.04724935,0.024058009,0.032257386,0.029170766,0.02395708,0.026931604,0.026251543,0.04475567,0.032639835,0.025484812,0.032061588,0.020940728,0.01403579,0.030481044,0.023753652,0.029584706,2024-04-03 10:57:00
0.02064388,0.0462379,0.02689706,0.025290284,0.03258299,0.01285121,0.05471155,0.024439735,0.019650571,0.05444077,0.040559787,0.028028265,0.04534415,0.027718913,0.03265785,0.035928942,0.030172357,0.027869714,0.023976913,0.05904067,0.03417044,0.025824212,0.030613458,0.013937989,0.024102623,0.030485056,0.03863228,0.029271297,2024-04-03 10:58:00
0.022010596,0.042114794,0.015106794,0.024394562,0.027109493,0.014734209,0.03150674,0.01615967,0.012741557,0.06770081,0.040493328,0.032361228,0.037884343,0.026533885,0.02355866,0.016307905,0.023832308,0.023361921,0.025487395,0.036113694,0.029690243,0.02051793,0.024842229,0.018038822,0.017255634,0.02839107,0.034078743,0.014819721,2024-04-03 10:59:00
0.015878147,0.029391866,0.031714767,0.023732865,0.01414982,0.03846551,0.034866426,0.019166471,0.016438128,0.05874821,0.023909643,0.026121829,0.039979294,0.018139847,0.037010692,0.020670127,0.026854679,0.029709322,0.021648541,0.039767373,0.032944415,0.02903611,0.037933055,0.022191409,0.013231098,0.030533535,0.037172016,0.023539487,2024-04-03 11:00:00
0.02192475,0.03786341,0.0317706,0.040602345,0.008279193,0.017384887,0.034980312,0.018874403,0.02549735,0.06871012,0.028407227,0.034901787,0.038549818,0.01864285,0.032864016,0.02284522,0.02392016,0.035192527,0.027247122,0.0449244,0.030144868,0.0220512,0.034273196,0.018880574,0.022731679,0.031409662,0.029529553,0.03539389,2024-04-03 11:01:00
0.020336524,0.054208867,0.023150055,0.045803946,0.016443172,0.020373663,0.03707423,0.021437073,0.017709313,0.047947984,0.025534824,0.029283177,0.035943136,0.025333723,0.017765246,0.030548833,0.02848079,0.028562509,0.018197414,0.044837274,0.02799761,0.027195232,0.026956335,0.02145583,0.019185236,0.016746141,0.03902844,0.025386322,2024-04-03 11:02:00
0.02390293,0.021207154,0.029959358,0.022371395,0.016884623,0.021353463,0.033855245,0.02419222,0.01970593,0.047119144,0.027349802,0.025040712,0.033412073,0.019125674,0.025057616,0.014590851,0.024826057,0.017851947,0.031050162,0.03607858,0.027402667,0.027603159,0.026965134,0.020502018,0.038426768,0.030914994,0.040301334,0.025835792,2024-04-03 11:03:00
0.023013406,0.022192774,0.028919097,0.033310484,0.028074168,0.019551266,0.035593152,0.017323427,0.02734394,0.04838973,0.036882583,0.034686074,0.043649893,0.02436357,0.029044963,0.020446407,0.015821185,0.030316576,0.027551385,0.040143095,0.028806973,0.03786707,0.030681415,0.018377472,0.020467477,0.035802487,0.020799415,0.028632952,2024-04-03 11:04:00
0.02360981,0.032364525,0.040964678,0.04300795,0.01648585,0.019087108,0.036184534,0.016972348,0.021830289,0.063819684,0.046805777,0.03249855,0.035146013,0.017975224,0.015440172,0.031184668,0.03729675,0.03202904,0.032596864,0.045063592,0.029284118,0.016134938,0.033477202,0.02075842,0.012007907,0.038978573,0.017750137,0.027343316,2024-04-03 11:05:00
0.023857746,0.021772925,0.045962792,0.049100846,0.017686836,0.02468945,0.035102222,0.027045323,0.0148183415,0.05117887,0.03238659,0.032581527,0.030462239,0.032794107,0.015988491,0.0323722,0.03173212,0.029541748,0.033857215,0.044911645,0.031893734,0.027091753,0.026757434,0.021727795,0.018229458,0.036210738,0.023218399,0.02390704,2024-04-03 11:06:00
0.022405481,0.036259767,0.027455876,0.02643649,0.024788786,0.03673855,0.041260924,0.038168393,0.016718345,0.040373974,0.031014511,0.031336393,0.049180187,0.031049501,0.0165859,0.01918841,0.02544668,0.027213875,0.029118164,0.045478046,0.03248023,0.02132903,0.03135726,0.023641877,0.011992908,0.034623995,0.021603657,0.033949006,2024-04-03 11:07:00
0.021819629,0.03889952,0.024731481,0.035883542,0.012165641,0.021892283,0.03507177,0.02308328,0.024347834,0.062485833,0.04305003,0.04313082,0.035394624,0.023291435,0.017157674,0.022877427,0.028260745,0.026459768,0.027423449,0.04628342,0.031914257,0.020864664,0.024053019,0.028361998,0.012959434,0.0318761,0.026753549,0.0316646,2024-04-03 11:08:00
0.023583315,0.033447415,0.03583803,0.027428897,0.021279098,0.02386871,0.038801182,0.030253777,0.022311708,0.062301625,0.035593707,0.027906638,0.04657585,0.020690655,0.01698138,0.023339598,0.016751118,0.037320342,0.035128754,0.049413633,0.0267997,0.030868925,0.027766787,0.027234325,0.024762217,0.025076907,0.025385443,0.030164551,2024-04-03 11:09:00
0.020630337,0.042195432,0.026481021,0.04792971,0.015089447,0.017435107,0.03645302,0.020021228,0.022480408,0.045516767,0.036863044,0.031529747,0.044706956,0.019426197,0.02240195,0.007851999,0.020539446,0.029274326,0.0284364,0.035783146,0.030356929,0.038329594,0.029259749,0.016083835,0.019200468,0.03431132,0.01958468,0.02981628,2024-04-03 11:10:00
0.026749948,0.11929239,0.020212304,0.03596087,0.015058656,0.043981448,0.03869113,0.026716545,0.025170391,0.05257637,0.038417216,0.02950558,0.043501716,0.04336315,0.02404581,0.030569697,0.0230608,0.018451082,0.023925414,0.044837072,0.033957466,0.027924156,0.03177576,0.013188834,0.011056069,0.03492942,0.03570652,0.020747498,2024-04-03 11:11:00
0.02092514,0.02552545,0.024762357,0.029291142,0.019085601,0.016758844,0.037410103,0.025163792,0.013839157,0.05560645,0.031815916,0.02919614,0.044947356,0.035823047,0.016264277,0.018035222,0.021162111,0.025214225,0.02719704,0.039910074,0.03196824,0.03238317,0.03644465,0.019643342,0.011819173,0.034249432,0.034571808,0.024872378,2024-04-03 11:12:00
0.021617563,0.03893473,0.029485976,0.02443377,0.037653886,0.014041262,0.041566536,0.024819713,0.023055386,0.043815844,0.030506212,0.027947364,0.046454363,0.022736514,0.013620126,0.027033959,0.019047532,0.031664453,0.028535623,0.036064178,0.033165604,0.03073277,0.02757544,0.020390673,0.018591972,0.024316074,0.057913482,0.02975982,2024-04-03 11:13:00
0.025457291,0.034939226,0.023447461,0.09119082,0.018876191,0.03965407,0.035286676,0.03308584,0.011928515,0.06707647,0.03180003,0.029157147,0.046872128,0.026406573,0.01371402,0.010890041,0.023310976,0.031575136,0.03609694,0.039806474,0.03176109,0.026570681,0.04192441,0.023660548,0.015617509,0.028401613,0.03879142,0.024999695,2024-04-03 11:14:00
0.022128277,0.03797862,0.023148399,0.03185405,0.018517308,0.017309645,0.038609635,0.023113893,0.017442053,0.03936483,0.03761492,0.02626091,0.03788116,0.02688481,0.017188994,0.024627358,0.013895692,0.040214967,0.029644568,0.076482065,0.03610255,0.0372243,0.030048093,0.028266056,0.015311365,0.02650398,0.023744784,0.028877325,2024-04-03 11:15:00
0.0226413,0.037027225,0.023191875,0.034123793,0.021478355,0.014127338,0.033247437,0.021127952,0.021461872,0.04341867,0.03867624,0.029924378,0.035217725,0.017614976,0.016005276,0.02548534,0.022619722,0.027406659,0.037871435,0.036123306,0.027562786,0.029044038,0.0243345,0.057421517,0.011982424,0.027151093,0.02901425,0.033228666,2024-04-03 11:16:00
0.018579567,0.04309381,0.019230599,0.01979559,0.014174203,0.032832745,0.03500352,0.03533254,0.022205912,0.053719826,0.02295834,0.021021254,0.038288515,0.02053235,0.017915219,0.026889598,0.021496043,0.03226544,0.025034066,0.068193,0.033796463,0.03937834,0.030339997,0.015583916,0.017473873,0.01656994,0.026644774,0.02901627,2024-04-03 11:17:00
0.024320628,0.032865692,0.030851362,0.030145591,0.023495201,0.018079327,0.039213844,0.023556964,0.03169279,0.040741388,0.029497724,0.023771841,0.038423285,0.020590324,0.020766044,0.01808136,0.0225039,0.031007081,0.030603835,0.03654852,0.030893326,0.022489887,0.022916313,0.026085658,0.015855208,0.028497653,0.019920899,0.028646924,2024-04-03 11:18:00
0.020240488,0.03989312,0.023998588,0.024030559,0.022034103,0.013599027,0.03588503,0.03175021,0.018323574,0.0669638,0.029913707,0.03051818,0.03665963,0.022542464,0.016886797,0.019161642,0.023836443,0.027839638,0.03423999,0.039321467,0.034211207,0.02731643,0.023826491,0.022204349,0.023981553,0.024973458,0.033113275,0.028327923,2024-04-03 11:19:00
0.017315669,0.02440205,0.02609422,0.04630009,0.025171176,0.04809465,0.03703928,0.020184085,0.029158702,0.056251235,0.03363335,0.0335283,0.044685245,0.025268933,0.042068515,0.016229039,0.016703146,0.020963462,0.035837,0.036454637,0.03655612,0.021612184,0.026321165,0.01608336,0.015322099,0.027841054,0.023497583,0.027680244,2024-04-03 11:20:00
0.017265648,0.031479713,0.028244736,0.033351116,0.0287792,0.044027064,0.034398,0.019336946,0.03665411,0.05395288,0.04048748,0.023071881,0.04167594,0.017428987,0.035118513,0.014468901,0.019031856,0.034421865,0.022947783,0.04568493,0.027078833,0.035357982,0.033402078,0.03026905,0.015649054,0.038109753,0.039819214,0.024377083,2024-04-03 11:21:00
0.019929264,0.036013212,0.021577358,0.023527721,0.034176227,0.022051496,0.036569696,0.014371076,0.02362216,0.041135706,0.026888447,0.03447993,0.042859185,0.012389732,0.036400836,0.021261754,0.026131673,0.034630585,0.025841264,0.044509277,0.032069296,0.041297417,0.027644198,0.01670536,0.017030722,0.032903615,0.029765472,0.03355344,2024-04-03 11:22:00
0.018194282,0.02881263,0.020336628,0.024598358,0.016779266,0.026287002,0.035989117,0.025574148,0.011153938,0.06287267,0.0315356,0.031532288,0.041343775,0.020560555,0.03532184,0.010994265,0.014479816,0.03329403,0.024763284,0.061577693,0.030506207,0.03416946,0.031035978,0.02981182,0.010437396,0.028592084,0.028859291,0.030024033,2024-04-03 11:23:00
0.02489884,0.03674089,0.022520518,0.0254792,0.021864763,0.015325003,0.036564678,0.024167668,0.014467707,0.05385825,0.0323357,0.03135856,0.04020772,0.04606133,0.00926742,0.018034952,0.018605558,0.028317759,0.02170695,0.037784226,0.031686474,0.0236387,0.025006644,0.019071875,0.012275042,0.02085449,0.0208775,0.029309232,2024-04-03 11:24:00
0.02489997,0.029187644,0.02228544,0.028802333,0.018023744,0.03473255,0.032700464,0.06796304,0.008866578,0.053273406,0.035310674,0.03563981,0.028967485,0.021439621,0.023584535,0.0049952925,0.017576171,0.03223197,0.0318593,0.039112534,0.02701014,0.037808515,0.02560867,0.031398464,0.01886535,0.023325589,0.020203225,0.029765943,2024-04-03 11:25:00
0.055329874,0.030099457,0.030001305,0.0205971,0.02213981,0.01569906,0.03637642,0.022559904,0.026277795,0.047018822,0.030567434,0.026732923,0.03157793,0.015392481,0.02470465,0.022934897,0.01702886,0.033065226,0.032573633,0.044955924,0.037239812,0.024849722,0.025716715,0.017951703,0.014613032,0.030870765,0.020642338,0.026759166,2024-04-03 11:26:00
0.041245256,0.045021724,0.018819362,0.033054583,0.02029893,0.02062006,0.037892416,0.01557409,0.024427257,0.048526425,0.032527518,0.027499227,0.034813523,0.025888545,0.04622534,0.019885328,0.028385634,0.030041007,0.026861887,0.04495777,0.03355331,0.025432536,0.029211847,0.0185836,0.0061453795,0.02362037,0.02212952,0.028647227,2024-04-03 11:27:00
0.24477468,0.03557433,0.020823527,0.028050266,0.022854567,0.05947333,0.03529031,0.1962789,0.022417495,0.06089863,0.035953958,0.03621879,0.044264063,0.0168885,0.03072655,0.01081761,0.028307691,0.026028916,0.026687456,0.036279682,0.039124604,0.025232809,0.027978325,0.0129261585,0.019422747,0.03122768,0.046884533,0.02863787,2024-04-03 11:28:00
0.023426324,0.035857532,0.02649076,0.033142213,0.018751787,0.015987327,0.033568136,0.018129772,0.03067509,0.052309953,0.03625879,0.029324433,0.034001686,0.025831938,0.049049195,0.020678759,0.017366208,0.021534434,0.029523857,0.03560868,0.031767722,0.026024329,0.036635004,0.025209198,0.01918624,0.028201127,0.018641908,0.030000422,2024-04-03 11:29:00
0.022282187,0.023035804,0.02912419,0.077259324,0.014847657,0.016312787,0.03220997,0.019137952,0.018770741,0.044470344,0.04370113,0.033464957,0.040417757,0.02262697,0.029059282,0.02270533,0.020240836,0.029660156,0.027436908,0.03980629,0.029436888,0.035438016,0.034653928,0.02785607,0.018800206,0.029973414,0.035895534,0.02928264,2024-04-03 11:30:00
0.018254448,0.030708361,0.03320323,0.029304713,0.018281532,0.02581395,0.037124224,0.023058495,0.015889449,0.037035894,0.029199425,0.02891115,0.04407399,0.046662733,0.018920433,0.028428573,0.017883409,0.03348284,0.02431023,0.036904767,0.034392618,0.023604106,0.029472375,0.025329426,0.015931616,0.036376033,0.024471208,0.0253547,2024-04-03 11:31:00
0.023488196,0.03973155,0.014294433,0.024253817,0.018350175,0.014850993,0.035840373,0.023563841,0.025073236,0.065725036,0.027593475,0.030873535,0.041289534,0.013077236,0.015714094,0.023039497,0.017922068,0.017716434,0.021157475,0.044872086,0.039954957,0.025066715,0.028820073,0.010865009,0.01951413,0.016858462,0.024508854,0.02565315,2024-04-03 11:32:00
0.02318611,0.038881607,0.023690403,0.02609899,0.016331166,0.03275664,0.034657817,0.02479068,0.017713103,0.062105726,0.035167173,0.025197592,0.03215165,0.021332776,0.021238316,0.020930856,0.032702953,0.030176803,0.02373273,0.03895011,0.033731803,0.027582476,0.026431626,0.009904299,0.020797795,0.022722902,0.018048411,0.03335762,2024-04-03 11:33:00
0.022626774,0.0351117,0.030461619,0.039366275,0.020438978,0.019696498,0.024881195,0.02908544,0.012124305,0.059295125,0.04660583,0.028677436,0.031314064,0.024883408,0.017778939,0.00927251,0.019961078,0.047964863,0.028194312,0.036754,0.036368582,0.025671354,0.014346223,0.027630324,0.009074575,0.043739155,0.022359217,0.03402144,2024-04-03 11:34:00
0.023268372,0.017800562,0.02971854,0.0320755,0.023012057,0.018836156,0.02206732,0.02308988,0.028340235,0.05879554,0.035120074,0.03953856,0.031178927,0.024859084,0.029129844,0.024684677,0.022364136,0.02606124,0.034134846,0.04513436,0.03332076,0.101076715,0.031693175,0.01813853,0.017543646,0.030871022,0.02211618,0.035270043,2024-04-03 11:35:00
0.02305076,0.033437572,0.023649646,0.036639843,0.01969428,0.012846338,0.021543344,0.02955237,0.025237449,0.059146944,0.026080498,0.026863553,0.029762492,0.028356265,0.034499925,0.024248276,0.019994212,0.026743025,0.03819594,0.04510397,0.036323216,0.023700435,0.02500921,0.021739917,0.01299706,0.028661232,0.020630911,0.028238151,2024-04-03 11:36:00
0.024402818,0.029010626,0.022818893,0.021794867,0.026728122,0.020606846,0.02232395,0.022681475,0.026450103,0.053163875,0.028989881,0.027488805,0.04412656,0.022533296,0.039445974,0.021370485,0.0201636,0.026019402,0.022406457,0.036628954,0.03258264,0.02270703,0.019691829,0.018156664,0.027269308,0.03134468,0.022459399,0.03804565,2024-04-03 11:37:00
0.023235515,0.036478166,0.017166846,0.03420221,0.01915596,0.017667597,0.02335925,0.030395776,0.038275965,0.048516724,0.0342275,0.0319826,0.035891917,0.024270825,0.012463383,0.021128474,0.01793034,0.040763322,0.02035082,0.040975977,0.037088823,0.029201822,0.015702605,0.016542012,0.017049786,0.02715957,0.028653333,0.025791554,2024-04-03 11:38:00
0.023439456,0.07705993,0.02649043,0.038418073,0.015764927,0.026992222,0.024691863,0.017199736,0.01511335,0.048699703,0.037241623,0.030133048,0.039228298,0.039149437,0.015602301,0.016553354,0.02167235,0.027539404,0.03972289,0.038961794,0.045688704,0.021422531,0.029802345,0.027373519,0.024471661,0.025635976,0.026082572,0.026134476,2024-04-03 11:39:00
0.023125324,0.03642971,0.032106966,0.023534564,0.03532457,0.019419247,0.028955877,0.021771077,0.023618702,0.060282268,0.022300212,0.025479155,0.041354753,0.033971414,0.02387292,0.03529113,0.02029688,0.025083646,0.02163879,0.04535491,0.041216046,0.020519733,0.028797185,0.0106692705,0.016983023,0.025134914,0.040642098,0.030851616,2024-04-03 11:40:00
0.023043213,0.045638032,0.020647286,0.0334541,0.07205802,0.022216186,0.02296529,0.029709224,0.013990125,0.05167011,0.041607782,0.030397974,0.02881241,0.016921597,0.03684558,0.015978344,0.029676288,0.039386153,0.031554557,0.03580267,0.043266047,0.030426051,0.027802192,0.02110221,0.018569823,0.035242677,0.027650716,0.029303085,2024-04-03 11:41:00
0.020133993,0.03330276,0.035002243,0.026891159,0.017650183,0.021112338,0.030554248,0.019821059,0.018771574,0.057090234,0.03806184,0.0285473,0.021656664,0.023271045,0.014434944,0.030608628,0.021358956,0.030347766,0.022748448,0.03652267,0.042749714,0.026058447,0.038979713,0.020367887,0.022022592,0.023025421,0.0289859,0.028305687,2024-04-03 11:42:00
0.023049695,0.03397645,0.026206983,0.033356316,0.022294728,0.014251547,0.024049891,0.020298317,0.043616254,0.058931265,0.026944323,0.033768903,0.031846758,0.028755827,0.01856446,0.021917813,0.016804978,0.030464113,0.022537079,0.036534313,0.032223698,0.029226117,0.026153466,0.018574398,0.018496027,0.03456838,0.03013188,0.031380165,2024-04-03 11:43:00
0.02246202,0.036267288,0.031195411,0.041745696,0.016054258,0.017642947,0.029903399,0.019264491,0.023105612,0.047103312,0.0383349,0.030755801,0.04154708,0.02642163,0.016874563,0.018227473,0.01891251,0.02580491,0.024188323,0.052380744,0.042485163,0.02017166,0.025288567,0.025484784,0.014098778,0.026863996,0.020519074,0.029201366,2024-04-03 11:44:00
0.020296916,0.036522415,0.02879953,0.04233987,0.022501731,0.035496984,0.024406012,0.026980046,0.01580013,0.042323124,0.033797167,0.026847262,0.045119807,0.018416319,0.037237726,0.027319444,0.025219638,0.0322998,0.02038123,0.03608094,0.031419463,0.039058946,0.03458808,0.04920929,0.021318017,0.027612293,0.031150809,0.031719062,2024-04-03 11:45:00
0.021025809,0.037946615,0.032502823,0.0296945,0.017150544,0.022254106,0.025958655,0.015504132,0.018069172,0.051739197,0.031406928,0.026563382,0.048375398,0.01093066,0.02117994,0.023232827,0.030326573,0.0380334,0.037948646,0.045714322,0.036631744,0.019979633,0.02842483,0.011192312,0.010741539,0.038651615,0.018984765,0.03353054,2024-04-03 11:46:00
0.02184076,0.057468746,0.014593869,0.04257851,0.029703485,0.03116005,0.026055634,0.023482552,0.02958392,0.04462221,0.035141356,0.031756677,0.04437726,0.022744782,0.0148530295,0.011016583,0.015326275,0.037865814,0.036586136,0.038994838,0.033542864,0.031773966,0.032083213,0.020343002,0.01299973,0.023746572,0.023545854,0.032492004,2024-04-03 11:47:00
0.024151402,0.03734192,0.0494523,0.036955856,0.030397825,0.04844864,0.023231063,0.020577265,0.025601992,0.041858308,0.033338025,0.03612572,0.030442247,0.0231979,0.028663069,0.023813516,0.0232366,0.040874984,0.04400483,0.04521202,0.040739145,0.013886542,0.030005846,0.025283849,0.027581593,0.03409764,0.028599015,0.029490117,2024-04-03 11:48:00
0.060077824,0.03864143,0.026260164,0.03255047,0.020417802,0.030374726,0.03228406,0.021007327,0.018603034,0.07821242,0.039342456,0.026987962,0.03867812,0.03005916,0.045997456,0.022990467,0.020485992,0.02730215,0.028529465,0.038928006,0.033167586,0.03902929,0.028112205,0.023013113,0.018751482,0.025151398,0.024588052,0.029599637,2024-04-03 11:49:00
0.020975517,0.03020871,0.025333822,0.038054667,0.0279504,0.012909835,0.029197503,0.02293944,0.027825115,0.05738114,0.039106403,0.02408169,0.036602627,0.022537064,0.01724226,0.04136662,0.019535339,0.019408742,0.030938758,0.04514024,0.04094523,0.021502318,0.03653848,0.020561054,0.018616796,0.025107078,0.023675239,0.025622271,2024-04-03 11:50:00
0.024831308,0.04092278,0.017569425,0.02696826,0.022738623,0.032854293,0.024033193,0.01853373,0.02988823,0.051753327,0.036689885,0.027737513,0.03305978,0.032985378,0.02174332,0.083181694,0.01759628,0.033108663,0.035437502,0.040601335,0.03164997,0.03389264,0.024123028,0.025586583,0.017296571,0.029685456,0.014206053,0.028768942,2024-04-03 11:51:00
0.022763241,0.12081936,0.026361642,0.05132485,0.02411754,0.021150252,0.032009557,0.020876843,0.015524894,0.0595253,0.037235133,0.04506144,0.043994613,0.019327639,0.031052714,0.027805634,0.015904782,0.020428387,0.025061622,0.047450062,0.03224475,0.027707044,0.034025233,0.021670608,0.017515963,0.023602886,0.037622225,0.011476399,2024-04-03 11:52:00
0.02250778,0.04163853,0.026596192,0.033757746,0.020391343,0.021582754,0.023437962,0.022718612,0.012768477,0.043350235,0.040401388,0.0416473,0.034106027,0.023067283,0.032631513,0.026495036,0.01701635,0.035585128,0.048605427,0.045154184,0.03136828,0.023979397,0.031680547,0.024337208,0.01646312,0.026111383,0.019927274,0.012386496,2024-04-03 11:53:00
0.01929056,0.04119344,0.023694307,0.026006365,0.0180888,0.043349884,0.017431855,0.02198057,0.0208965,0.056888435,0.03486978,0.030898504,0.052992985,0.027031763,0.039973084,0.022393093,0.016435059,0.034258805,0.02466859,0.03646895,0.034892704,0.030145463,0.027481003,0.02852769,0.008283504,0.03207365,0.026359258,0.015024355,2024-04-03 11:54:00
0.021069314,0.01326067,0.020135863,0.03048922,0.02398971,0.03611689,0.023169644,0.019620946,0.013737477,0.051655143,0.028200964,0.03513161,0.045990326,0.02697375,0.05823922,0.022864128,0.021091223,0.029637612,0.029110828,0.0492221,0.035403658,0.040744025,0.023257086,0.02429815,0.02330429,0.024598861,0.026375733,0.013542786,2024-04-03 11:55:00
0.021472016,0.02129736,0.017238047,0.022897495,0.036516897,0.030978424,0.022456244,0.024447588,0.016996233,0.04903734,0.032031484,0.031691033,0.038342886,0.02402442,0.061024677,0.028963057,0.020372158,0.038747177,0.032102995,0.036066964,0.032215025,0.027674727,0.018720897,0.01544723,0.018545259,0.02981469,0.036572732,0.015614759,2024-04-03 11:56:00
0.023014411,0.030805567,0.026941244,0.02663038,0.024856478,0.045145206,0.0191618,0.02354893,0.01580523,0.057837386,0.040539384,0.025367655,0.037799098,0.025876256,0.018533394,0.015270296,0.046919778,0.03177041,0.03131469,0.03858596,0.03332472,0.032569066,0.030968972,0.026020056,0.022074835,0.031318378,0.016290508,0.026615454,2024-04-03 11:57:00
0.022360684,0.03957747,0.021137869,0.015954597,0.031629484,0.025763737,0.02333296,0.020339672,0.02112861,0.05518598,0.026542282,0.031176971,0.048488576,0.02969749,0.054241307,0.025134139,0.019466754,0.031645983,0.027205905,0.03976923,0.032690804,0.028659984,0.027548742,0.021087125,0.018861316,0.03011904,0.021955969,0.030820934,2024-04-03 11:58:00
0.02286904,0.044863727,0.022810219,0.027450498,0.024637941,0.022531357,0.020961074,0.01630921,0.024774479,0.041188028,0.041163165,0.029905066,0.039261073,0.0229197,0.020477738,0.00943022,0.02571585,0.020497916,0.03468947,0.036225814,0.03017994,0.035137825,0.03589033,0.015556153,0.011459877,0.03753063,0.02080399,0.03443255,2024-04-03 11:59:00
0.02044686,0.040383417,0.025778104,0.050432082,0.018478816,0.021576796,0.025219211,0.022146914,0.030072568,0.0603678,0.03277671,0.02825799,0.04453785,0.012070373,0.038473986,0.014593237,0.017171483,0.034227733,0.040481467,0.035941858,0.032669038,0.022562185,0.027979484,0.014476695,0.01802329,0.037410963,0.024156034,0.029369634,2024-04-03 12:00:00
0.021584284,0.042680282,0.017764566,0.041146547,0.019056506,0.02033937,0.017741969,0.009364997,0.03377372,0.054541104,0.030317536,0.023795359,0.041855816,0.015365141,0.052141324,0.024436401,0.019918706,0.036250833,0.044889107,0.044948522,0.032273866,0.027622806,0.040643286,0.03222964,0.011060689,0.026817484,0.025465628,0.04001289,2024-04-03 12:01:00
0.022561053,0.029437864,0.021710724,0.04065096,0.01125702,0.029013066,0.021521173,0.024662655,0.020824855,0.04182756,0.033099495,0.032012213,0.047151648,0.019976063,0.03128079,0.014149786,0.01464777,0.034303617,0.025825841,0.07122946,0.02962454,0.03770263,0.037265126,0.025214091,0.01728351,0.038071286,0.024674848,0.023926537,2024-04-03 12:02:00
0.022403691,0.040293284,0.026171893,0.027951624,0.011842455,0.031642,0.017395087,0.020235693,0.015631769,0.051661383,0.03943582,0.027061835,0.034519408,0.029473204,0.015340351,0.014320483,0.017090194,0.03241636,0.03144144,0.044855233,0.032498922,0.01953984,0.032606002,0.020991884,0.0328072,0.03367265,0.020810327,0.03693949,2024-04-03 12:03:00
0.023283409,0.030914692,0.025446892,0.014355322,0.018171808,0.01679372,0.017255567,0.02422051,0.019542223,0.05083558,0.03401992,0.022964284,0.04471706,0.019429166,0.04264251,0.018251136,0.028288767,0.03344552,0.026496261,0.041490994,0.035281517,0.021325557,0.033937305,0.020120073,0.022854637,0.030069677,0.023530474,0.0286082,2024-04-03 12:04:00
0.0183707,0.035193432,0.021722727,0.014112589,0.01771452,0.023191473,0.01985666,0.03397911,0.013203857,0.049133126,0.035014085,0.023156526,0.044150874,0.017574433,0.017256863,0.010819278,0.021094808,0.022064298,0.03171723,0.036473576,0.028954301,0.021837417,0.028357195,0.021903718,0.011483996,0.039860778,0.01830655,0.031869516,2024-04-03 12:05:00
0.019288568,0.03058614,0.026365688,0.028840534,0.02397719,0.029682174,0.023426024,0.033457767,0.034817997,0.042644545,0.042950112,0.023028601,0.050187923,0.020367261,0.0566432,0.0379909,0.023222081,0.025123602,0.027981697,0.038812574,0.04696325,0.029186111,0.0269066,0.013295299,0.013874174,0.023245625,0.025037717,0.018539328,2024-04-03 12:06:00
0.02189616,0.022490393,0.025938116,0.020410974,0.02479018,0.025357964,0.019275295,0.01991151,0.019099025,0.042009216,0.03308428,0.030961607,0.043791994,0.022452764,0.025360892,0.021504253,0.01949933,0.024489842,0.029106375,0.040996335,0.031280708,0.020084174,0.020727461,0.02106893,0.018600497,0.033174437,0.035895355,0.031186236,2024-04-03 12:07:00
0.021011097,0.033448033,0.034879763,0.023531249,0.016222946,0.0187447,0.021363288,0.022792459,0.034537748,0.050436575,0.026606878,0.023113344,0.037161175,0.029588483,0.03317041,0.01994447,0.031906713,0.030352231,0.045007866,0.044813205,0.033873696,0.023069672,0.031157112,0.017094148,0.019250097,0.03436226,0.028452337,0.030028453,2024-04-03 12:08:00
0.022482486,0.030368732,0.026190314,0.033125363,0.023229055,0.021541297,0.026207231,0.02492425,0.027165882,0.043517265,0.03457833,0.026861396,0.05246846,0.021684814,0.03587057,0.02305052,0.025169581,0.029822549,0.026060466,0.03611874,0.041968346,0.019938378,0.047682244,0.018964678,0.021421809,0.03742666,0.019845424,0.031557877,2024-04-03 12:09:00
0.018701501,0.0682006,0.0322338,0.028546195,0.023612797,0.01956057,0.021213204,0.02018791,0.018623635,0.052640922,0.03277222,0.032099064,0.050592907,0.017002223,0.024329234,0.028395087,0.019372381,0.028427996,0.030954119,0.039809737,0.03482759,0.029660111,0.044881977,0.024903083,0.022280375,0.03000345,0.03302957,0.029670881,2024-04-03 12:10:00
0.029611265,0.015871864,0.019669667,0.02468247,0.024439761,0.015214904,0.020267345,0.019615764,0.029621273,0.04748582,0.028464705,0.0366429,0.039065383,0.018700138,0.024073256,0.023853395,0.040405493,0.018920163,0.032190092,0.04508824,0.039821807,0.022696763,0.027000383,0.015938465,0.015522171,0.037484877,0.021719243,0.034517698,2024-04-03 12:11:00
0.026953671,0.044452924,0.019915806,0.045344714,0.04598286,0.027605498,0.027078602,0.024979949,0.02261144,0.047085173,0.033781268,0.040514726,0.04259258,0.02709078,0.043985352,0.02106694,0.04160729,0.021251025,0.037201487,0.045166194,0.036335308,0.014076977,0.030252803,0.02120829,0.01927019,0.03966519,0.023641454,0.027739042,2024-04-03 12:12:00
0.02307469,0.037613075,0.019812377,0.044281885,0.058279343,0.029435543,0.022465548,0.019822612,0.02294168,0.061947033,0.03205274,0.034198754,0.041671876,0.01736485,0.030070614,0.019441992,0.025370602,0.023656715,0.034167793,0.04521929,0.035881072,0.034423757,0.029672252,0.017358502,0.015062601,0.039047718,0.021569042,0.033386227,2024-04-03 12:13:00
0.02522708,0.043172576,0.017870404,0.027720295,0.044574928,0.02165285,0.020689514,0.03788742,0.017717933,0.043079257,0.028398693,0.038165446,0.02958468,0.023612544,0.025155028,0.02473623,0.03515103,0.026484516,0.036377303,0.0452469,0.033294298,0.029249389,0.02612626,0.03268604,0.023419445,0.03790292,0.025843428,0.028561218,2024-04-03 12:14:00
0.022893721,0.032935314,0.025300747,0.018466372,0.034776784,0.023913393,0.107760444,0.019201824,0.025928706,0.04750268,0.041790575,0.03594384,0.034244753,0.013703731,0.028842773,0.019303482,0.035836566,0.024628295,0.03409247,0.045219436,0.037827548,0.020580072,0.025850264,0.022670219,0.019835459,0.041063678,0.0317651,0.036016513,2024-04-03 12:15:00
0.014998725,0.039201196,0.034276213,0.020858718,0.017996829,0.02597505,0.037903138,0.024435317,0.01804235,0.051116906,0.03924484,0.028895378,0.034188874,0.016959919,0.030087292,0.012400006,0.027852198,0.030912409,0.028585175,0.03939544,0.059971128,0.030094286,0.015594774,0.01652551,0.021852508,0.037624884,0.032579776,0.029600684,2024-04-03 12:16:00
0.022607865,0.03916937,0.019286994,0.020029018,0.014412819,0.024452087,0.0303864,0.020076113,0.021391444,0.047413126,0.041982554,0.044537682,0.020630524,0.011080232,0.038929638,0.024505803,0.031026926,0.038034175,0.035596244,0.045140706,0.034107495,0.018267555,0.03317839,0.010933858,0.0144248875,0.025186371,0.040089823,0.036310263,2024-04-03 12:17:00
0.019372214,0.013565765,0.023992628,0.029784286,0.016035456,0.030564869,0.02623183,0.017859163,0.018826557,0.05978795,0.033261884,0.029632963,0.032097332,0.017874029,0.04199406,0.017756738,0.017092254,0.040001716,0.031002423,0.036638677,0.03533305,0.021807117,0.01994645,0.019471498,0.016500248,0.034503434,0.031997133,0.02460833,2024-04-03 12:18:00
0.020933028,0.02049479,0.030605923,0.030019574,0.023500284,0.035897534,0.020917816,0.020500723,0.016109452,0.05907316,0.029325694,0.01761888,0.03119178,0.019857805,0.044738896,0.024439136,0.03227022,0.04061842,0.04593275,0.045038156,0.04254798,0.028620336,0.034369446,0.019203631,0.014676003,0.027713252,0.021497576,0.029093778,2024-04-03 12:19:00
0.019166183,0.037306145,0.037336618,0.025415886,0.016498903,0.018210314,0.020426394,0.017630404,0.025636371,0.053076755,0.027067034,0.025937788,0.03959388,0.017335275,0.015567554,0.014704416,0.015374145,0.026905658,0.01870566,0.0397794,0.02925508,0.021614276,0.028168892,0.021345662,0.016587224,0.02600288,0.022952676,0.031725816,2024-04-03 12:20:00
0.02274371,0.03440871,0.020538196,0.031996552,0.025421755,0.019846996,0.023098495,0.02366907,0.025796447,0.041935913,0.029359356,0.03185266,0.035156284,0.019310381,0.024714036,0.0100246575,0.017054124,0.03074815,0.033011172,0.036362,0.03912341,0.034747366,0.0457065,0.022417845,0.008198361,0.029398749,0.021657761,0.02894557,2024-04-03 12:21:00
0.02175671,0.027079271,0.03429821,0.032665703,0.024340637,0.015994525,0.020080388,0.02754875,0.02200313,0.05335762,0.042014096,0.028319217,0.039848812,0.023340138,0.023932572,0.021011988,0.014483672,0.03141806,0.026024071,0.040327948,0.033694673,0.017742662,0.0343886,0.017988443,0.012653445,0.03198713,0.041147035,0.031629145,2024-04-03 12:22:00
0.019064907,0.039127454,0.026200987,0.043982655,0.02491968,0.028780533,0.018981446,0.02301089,0.022423666,0.059483174,0.03427592,0.039516814,0.05274898,0.015227497,0.031123007,0.02355539,0.015557115,0.028458323,0.027555153,0.045051318,0.030673686,0.020324288,0.030930704,0.015111816,0.021817982,0.029511781,0.030621778,0.027678546,2024-04-03 12:23:00
0.02289792,0.03497592,0.034587666,0.024775999,0.021566832,0.021008478,0.018975118,0.020817222,0.020599747,0.04344877,0.034441493,0.03255514,0.028729206,0.020412853,0.062230457,0.015670821,0.008291314,0.029650412,0.033725332,0.03647537,0.03945531,0.021123651,0.01930673,0.020737058,0.015798282,0.036660064,0.016623488,0.03020561,2024-04-03 12:24:00
0.020991074,0.034663618,0.033819318,0.04002704,0.02057869,0.011930862,0.031412374,0.019716091,0.030707378,0.054471113,0.02683672,0.027066313,0.030320909,0.020873921,0.015251814,0.027798442,0.033735663,0.03743441,0.035122823,0.044934753,0.040410653,0.024636867,0.0506114,0.025617067,0.011364408,0.032332875,0.020351695,0.03038413,2024-04-03 12:25:00
0.024883283,0.017483609,0.03430175,0.032072764,0.022198083,0.020954961,0.01794635,0.017739402,0.015571778,0.05320127,0.029348947,0.028565187,0.032114465,0.031639658,0.024545562,0.011562443,0.018196648,0.033881504,0.027980097,0.036267094,0.035548374,0.027914012,0.016364088,0.020955203,0.019714003,0.025920816,0.025773287,0.019338539,2024-04-03 12:26:00
0.036350828,0.03259454,0.024143742,0.03751362,0.037298094,0.034791123,0.027646184,0.021630874,0.015651567,0.05030679,0.046346754,0.03338775,0.035078086,0.035958588,0.015748028,0.022898108,0.01914578,0.03180823,0.027898198,0.057053544,0.038138673,0.042178355,0.018999029,0.033742227,0.020591931,0.031673137,0.04300533,0.03256973,2024-04-03 12:27:00
0.021750225,0.028856916,0.026363542,0.02382144,0.021019798,0.032213543,0.018889755,0.01644109,0.020117857,0.0405434,0.038184922,0.03221916,0.038573626,0.020023363,0.028568737,0.02437341,0.027380358,0.03269763,0.030737784,0.05425146,0.05314668,0.031813525,0.00989843,0.02680668,0.017025001,0.032353662,0.03564275,0.031425703,2024-04-03 12:28:00
0.027945392,0.041281134,0.024359813,0.03811075,0.020598033,0.02869665,0.021738555,0.022752622,0.041029867,0.04578008,0.025262492,0.03457524,0.062515,0.016208233,0.036362,0.018672412,0.015140154,0.030197324,0.023506062,0.039429564,0.03224889,0.030703431,0.01993893,0.015929708,0.03285903,0.026693549,0.024451628,0.028794134,2024-04-03 12:29:00
0.022410953,0.030945426,0.021325434,0.02923134,0.018522244,0.030084725,0.07952327,0.024199288,0.017264701,0.045393407,0.035284866,0.036236603,0.04816404,0.021661894,0.018924415,0.023547228,0.02372791,0.03060661,0.026182516,0.052562673,0.033184044,0.042932477,0.028289018,0.017417798,0.019702032,0.040465217,0.02228886,0.047153953,2024-04-03 12:30:00
0.02355276,0.02345269,0.028248075,0.037958995,0.017760392,0.018304143,0.020473447,0.023936708,0.025532795,0.060782675,0.03581049,0.035291594,0.03419677,0.018185638,0.03141456,0.030805077,0.018699724,0.035030372,0.033191357,0.045423318,0.036123157,0.023282677,0.019553086,0.038263004,0.02654369,0.02364685,0.022656526,0.027633363,2024-04-03 12:31:00
0.02211462,0.038667154,0.020271227,0.037611004,0.021132104,0.031110644,0.018350486,0.07755235,0.023605803,0.047003444,0.0299687,0.03774851,0.048499584,0.027528817,0.017176382,0.021769837,0.028454758,0.0303145,0.024483267,0.035952196,0.03335796,0.03513616,0.03623151,0.015692512,0.013367475,0.033746596,0.08395923,0.02898535,2024-04-03 12:32:00
0.045429032,0.027107222,0.027506286,0.033729803,0.024423886,0.045896977,0.021366483,0.020477965,0.031614825,0.0484576,0.03664816,0.031418636,0.042272598,0.021485837,0.015739037,0.02615214,0.012263021,0.025537426,0.026950343,0.035916585,0.036043774,0.024268894,0.012292174,0.023251653,0.018069495,0.036305655,0.033982344,0.028726393,2024-04-03 12:33:00
0.028149175,0.03390863,0.017176384,0.020128708,0.01660989,0.019031744,0.020385435,0.02182992,0.014347612,0.059266962,0.029534543,0.023507904,0.045079384,0.0259867,0.016817236,0.021853952,0.024870245,0.029671004,0.03066323,0.0365951,0.037482653,0.022710226,0.012506002,0.01745284,0.012265662,0.02674222,0.031635735,0.028932584,2024-04-03 12:34:00
0.030930871,0.034249946,0.02318418,0.030441409,0.01273553,0.029630292,0.017518237,0.03119647,0.01841136,0.064087026,0.035136525,0.030312918,0.030853428,0.017551664,0.049470242,0.02337921,0.013523203,0.025360614,0.031115977,0.038408414,0.038678795,0.034442056,0.007332413,0.018746087,0.045578085,0.027951239,0.026913341,0.026586626,2024-04-03 12:35:00
0.027672486,0.04387011,0.0442798,0.034737624,0.024909316,0.01648934,0.024535466,0.02436769,0.026736807,0.03691929,0.025332848,0.032930307,0.042232692,0.015717346,0.011825577,0.027889693,0.01092018,0.024792098,0.03337862,0.035855424,0.031208036,0.021596625,0.01845599,0.023006132,0.030328585,0.0485607,0.03161228,0.033962302,2024-04-03 12:36:00
0.020686053,0.020619819,0.016662776,0.031004617,0.020236447,0.02108317,0.03321636,0.016781926,0.02498899,0.061055064,0.034709457,0.028964654,0.051713288,0.018795624,0.015531196,0.018105261,0.011174874,0.021404777,0.026669275,0.036062036,0.040382884,0.024225174,0.018929906,0.01860828,0.014595567,0.036544517,0.021879468,0.011897211,2024-04-03 12:37:00
0.020415442,0.02835885,0.026314508,0.0166927,0.018369203,0.023130491,0.019003969,0.019205624,0.025838375,0.06439316,0.0338473,0.030308666,0.03400753,0.018034881,0.013880989,0.01910221,0.04264578,0.039931186,0.04023991,0.036285706,0.033831563,0.017645258,0.07785371,0.03613979,0.011036473,0.038692225,0.063583404,0.028502898,2024-04-03 12:38:00
0.028822344,0.015190274,0.039171483,0.025017846,0.014914659,0.017568871,0.025934584,0.01978612,0.02433911,0.044961605,0.020434884,0.02714155,0.027653039,0.021913446,0.037047993,0.018793635,0.037120707,0.029719055,0.041798297,0.04485103,0.03608877,0.02322817,0.0225441,0.034105122,0.011447294,0.023527991,0.02885237,0.025004443,2024-04-03 12:39:00
0.029189339,0.18062153,0.028338354,0.039790325,0.020193629,0.015622737,0.028622475,0.020101093,0.032714907,0.046886988,0.034097448,0.021907186,0.030012386,0.01808482,0.014756333,0.02401997,0.020881265,0.040234543,0.030430444,0.04480936,0.038286883,0.027728526,0.022759892,0.01653516,0.011584394,0.029690519,0.03825185,0.033704083,2024-04-03 12:40:00
0.017812068,0.0204656,0.029951915,0.03226175,0.03581704,0.014756074,0.027125638,0.016524827,0.016589442,0.05864585,0.023576185,0.026600262,0.048128262,0.013252033,0.015163825,0.015650142,0.01793745,0.025667408,0.029424688,0.03661357,0.053445663,0.02082677,0.015462398,0.019475017,0.020682804,0.029118419,0.02448934,0.01680477,2024-04-03 12:41:00
0.024630964,0.035120305,0.038189016,0.022690888,0.022791492,0.017112983,0.019767825,0.02380265,0.021019677,0.040934615,0.043376625,0.023086306,0.036519963,0.06619661,0.019044567,0.023959517,0.055424064,0.041953407,0.043853916,0.044851903,0.036268294,0.016940832,0.019565336,0.033199992,0.013083493,0.029125206,0.024583487,0.029965369,2024-04-03 12:42:00
0.030153694,0.015812544,0.041122153,0.035378724,0.028886974,0.013406357,0.020474251,0.021203125,0.031866904,0.053069945,0.024205161,0.030737273,0.029479448,0.013650855,0.02159051,0.02617981,0.030126572,0.041979007,0.056973625,0.045307588,0.033342313,0.037026852,0.022167496,0.016215665,0.019325307,0.036283884,0.044745985,0.02656754,2024-04-03 12:43:00
0.019298434,0.026533686,0.026192319,0.022218304,0.017195558,0.046165526,0.014884316,0.0229169,0.02351239,0.045688987,0.02372784,0.030949308,0.0390569,0.036382113,0.036259133,0.013306393,0.025995165,0.035318036,0.031865686,0.054886673,0.033355854,0.03387351,0.024870327,0.03209429,0.01772226,0.017902886,0.06058204,0.035357535,2024-04-03 12:44:00
0.022226702,0.014340279,0.025304765,0.03935027,0.030882793,0.030303301,0.033050474,0.024803773,0.02747054,0.052221414,0.046225503,0.02891312,0.034948118,0.026588943,0.017433845,0.025824811,0.027901728,0.025903469,0.051228233,0.044807136,0.035908207,0.026640512,0.030926418,0.022808714,0.0138987005,0.03349598,0.024019554,0.017834315,2024-04-03 12:45:00
0.030456739,0.028821085,0.032322504,0.033832163,0.019340208,0.028201127,0.018779652,0.019979022,0.03331071,0.05024453,0.03702451,0.033136997,0.04077544,0.013554597,0.040302686,0.024534764,0.024743238,0.047608312,0.039911862,0.04481413,0.03214551,0.025490748,0.026601676,0.01662968,0.019984955,0.02518266,0.019131364,0.029838312,2024-04-03 12:46:00
0.023003837,0.038597506,0.024536043,0.04472834,0.031938497,0.026273262,0.019321054,0.023682773,0.012549504,0.05112717,0.025410902,0.039063416,0.036813248,0.042489886,0.014993952,0.032186907,0.011484673,0.026478142,0.016438497,0.036001828,0.037892226,0.01835981,0.020904455,0.015849983,0.03746486,0.02872301,0.018762875,0.03744961,2024-04-03 12:47:00
0.01960138,0.035557926,0.03033842,0.023055192,0.019800842,0.026059385,0.016959125,0.01778711,0.020371497,0.039344884,0.020709401,0.032355264,0.0320755,0.01843574,0.02583849,0.027604902,0.025166912,0.03939376,0.029085174,0.036281746,0.032926347,0.02384674,0.015434885,0.04566335,0.015106144,0.03009452,0.028323598,0.03481954,2024-04-03 12:48:00
0.035187975,0.123497024,0.026391119,0.033288766,0.025866533,0.02957476,0.017977955,0.025758699,0.031155387,0.035438064,0.023264615,0.04063427,0.03797699,0.02046746,0.050957963,0.026189184,0.019996217,0.028836079,0.026638668,0.0444935,0.031185457,0.030074444,0.021215158,0.02340121,0.011806247,0.026852082,0.020699702,0.029740343,2024-04-03 12:49:00
0.023943068,0.013354464,0.028522473,0.023202,0.022166017,0.014230462,0.023113694,0.022349559,0.016131667,0.04735649,0.024430241,0.023853771,0.043806832,0.026952751,0.018280009,0.021958252,0.017006217,0.017539656,0.037285306,0.04516191,0.023790639,0.024613837,0.020197757,0.02001162,0.022099743,0.029690748,0.022407802,0.03375876,2024-04-03 12:50:00
0.030082893,0.03170126,0.012681389,0.027189432,0.0901833,0.022406101,0.02755232,0.02500136,0.027619187,0.059296347,0.040309962,0.033485007,0.03990717,0.014906401,0.013451779,0.068450265,0.04048095,0.03891038,0.024381164,0.045086715,0.036573097,0.027211534,0.10741096,0.064009525,0.016949095,0.030929178,0.02483341,0.031145897,2024-04-03 12:51:00
0.022595303,0.04184016,0.020260058,0.040481962,0.01822601,0.065553516,0.02137887,0.023803268,0.025717316,0.04884157,0.049322054,0.030097252,0.031017937,0.027467934,0.023018239,0.024872888,0.04668595,0.042929787,0.045045577,0.044983014,0.03524524,0.026689686,0.053596843,0.01834407,0.055240802,0.029786127,0.02819693,0.032578807,2024-04-03 12:52:00
0.022986362,0.025509505,0.02385102,0.03252915,0.014337538,0.016269417,0.027888412,0.023206022,0.034435276,0.053868182,0.038903818,0.02427123,0.03935213,0.022188716,0.024542332,0.026499197,0.026204053,0.03769422,0.045746505,0.045020536,0.032131024,0.022879021,0.029172437,0.022980182,0.02267915,0.026531197,0.029138073,0.027138213,2024-04-03 12:53:00
0.022979537,0.026654314,0.029917836,0.017967036,0.018190036,0.026485452,0.023643177,0.016534166,0.02513845,0.05353943,0.02142463,0.027087241,0.034557655,0.024275323,0.028850729,0.033753652,0.04504901,0.04360277,0.043453388,0.044866446,0.032360867,0.022753993,0.027862808,0.016612548,0.011775283,0.038617585,0.023906257,0.017762154,2024-04-03 12:54:00
0.0202124,0.039529532,0.021915859,0.041359164,0.021420095,0.02228984,0.018431446,0.023505203,0.02260707,0.05299291,0.038846157,0.03100049,0.053103458,0.023759687,0.024539843,0.023568092,0.011416172,0.033014458,0.027812816,0.046280686,0.020659706,0.08044985,0.02478252,0.02367578,0.018850371,0.037387505,0.0639296,0.032609507,2024-04-03 12:55:00
0.021324018,0.03989395,0.027436899,0.024828417,0.025447663,0.020034658,0.026529025,0.01922856,0.026053635,0.05929881,0.03450795,0.0321986,0.042184666,0.025985451,0.030232402,0.0320412,0.03961505,0.042306807,0.045627315,0.045226257,0.03460342,0.022294026,0.03373618,0.017462894,0.014134632,0.024452178,0.036397096,0.027722506,2024-04-03 12:56:00
0.022892827,0.017883163,0.026624868,0.057284765,0.034624696,0.03453958,0.025284167,0.022898752,0.025626108,0.05123411,0.032237288,0.02950088,0.04286482,0.02069994,0.028164804,0.028489005,0.021900734,0.032580387,0.023683744,0.036130596,0.034334563,0.027195342,0.022823444,0.032816473,0.017175721,0.031500693,0.026489818,0.015895624,2024-04-03 12:57:00
0.022597961,0.027611312,0.016500313,0.033185568,0.033226397,0.030817986,0.024223372,0.019222053,0.016378611,0.062029816,0.027881132,0.025857683,0.0457553,0.02539972,0.04486423,0.010582427,0.015415325,0.037745208,0.02098772,0.039918702,0.03381575,0.039532002,0.025829168,0.019306915,0.014604037,0.022658257,0.044553217,0.017808037,2024-04-03 12:58:00
0.022988891,0.034144364,0.029021287,0.029432435,0.024432035,0.033586062,0.020244228,0.024107095,0.024361892,0.043234877,0.027798397,0.032699104,0.029801747,0.020345012,0.01692781,0.023956744,0.02731707,0.041711323,0.04421059,0.040345814,0.03970812,0.26629922,0.028865425,0.03752366,0.1343893,0.016165532,0.03009876,0.015195721,2024-04-03 12:59:00
0.023502808,0.037254944,0.027986782,0.022102205,0.021871688,0.03491247,0.017680334,0.020871162,0.018945048,0.043330867,0.022158768,0.028633302,0.0420865,0.020594584,0.019324683,0.019971952,0.019336483,0.024944004,0.029672394,0.066867225,0.033666234,0.038201466,0.014836115,0.020640876,0.018216727,0.025918562,0.040202815,0.027906373,2024-04-03 13:00:00
0.024562974,0.13333689,0.029080722,0.02671887,0.0227836,0.020890974,0.020261846,0.024797143,0.017284818,0.06457877,0.037651554,0.035760812,0.039038494,0.013010103,0.022685217,0.02842653,0.02916957,0.0316626,0.033136576,0.044899464,0.040914305,0.024325114,0.015957598,0.019994197,0.018442422,0.026577791,0.030801764,0.026727434,2024-04-03 13:01:00
0.020039225,0.04440654,0.018707104,0.028698709,0.024662636,0.0333428,0.020922745,0.023673,0.016635027,0.04666594,0.025158271,0.029402817,0.04439404,0.024307702,0.015919933,0.013779452,0.02152724,0.030762097,0.020177694,0.042499144,0.033665717,0.030807523,0.02102992,0.037954014,0.019177444,0.0223428,0.026411034,0.032190938,2024-04-03 13:02:00
0.02089713,0.03565738,0.02120218,0.0415257,0.018845705,0.015412237,0.020214612,0.030760482,0.028191995,0.040101003,0.035195827,0.034041677,0.04093634,0.022933237,0.047336075,0.027223686,0.013265624,0.022254458,0.038726967,0.044886664,0.033622175,0.022050899,0.020750726,0.02781124,0.01068602,0.027140744,0.021957409,0.038597047,2024-04-03 13:03:00
0.021828445,0.03539834,0.025265586,0.04501337,0.01874008,0.020704558,0.019130379,0.07924075,0.025033262,0.06753919,0.048027948,0.03221067,0.04641997,0.014433626,0.022828856,0.026197985,0.020823186,0.016044537,0.02123646,0.045058444,0.036438517,0.022153942,0.03127045,0.022123873,0.013743595,0.021995721,0.02250472,0.032725424,2024-04-03 13:04:00
0.023275152,0.032948766,0.0272509,0.02374063,0.033746712,0.0327227,0.015600077,0.034312293,0.028550765,0.051559985,0.03262107,0.03239837,0.05085114,0.0280829,0.026440538,0.02477768,0.014519237,0.02811486,0.028690813,0.04825854,0.035818785,0.03143362,0.028336123,0.031257115,0.017205674,0.032978356,0.022818932,0.021406442,2024-04-03 13:05:00
0.024545211,0.041836735,0.026367309,0.05085728,0.038880907,0.024714438,0.02729696,0.032914944,0.024981044,0.051576186,0.03867647,0.025067784,0.04359197,0.036365196,0.015360792,0.051784154,0.01567647,0.024301006,0.0244511,0.04289622,0.027775303,0.0346945,0.011921419,0.021472337,0.0068221386,0.027569165,0.02636155,0.027768474,2024-04-03 13:06:00
0.036058374,0.016729949,0.018938469,0.04597768,0.021251988,0.034854323,0.022905527,0.02841804,0.019309355,0.06370728,0.028512448,0.031181896,0.04711987,0.019343143,0.034702245,0.02404108,0.014723314,0.029404048,0.02973044,0.040000338,0.040880177,0.029987708,0.012762362,0.0256579,0.023904912,0.031596035,0.03287809,0.027104862,2024-04-03 13:07:00
0.022987064,0.015535447,0.01390496,0.09995474,0.020607738,0.020884052,0.019459281,0.01610576,0.034357034,0.062472004,0.039386965,0.02754319,0.031033253,0.017705662,0.05669264,0.02457468,0.01668604,0.011314151,0.043127567,0.045185372,0.036357068,0.018429056,0.015722273,0.018695734,0.011938473,0.0348908,0.015150965,0.034441743,2024-04-03 13:08:00
0.022762977,0.03585582,0.018841298,0.03255669,0.018181145,0.022470308,0.019011527,0.023296447,0.027309503,0.04418073,0.029526051,0.025742328,0.034288596,0.027710725,0.013277982,0.01937285,0.029145323,0.02880171,0.05195211,0.044864796,0.044192124,0.025515316,0.021124704,0.021934284,0.012449025,0.028670872,0.022339992,0.03054406,2024-04-03 13:09:00
0.022619205,0.03442443,0.02615892,0.034574855,0.019201376,0.017277932,0.026065513,0.015643891,0.019952055,0.049881574,0.03254565,0.02526981,0.034655545,0.026654668,0.0283314,0.023648757,0.028955571,0.032085963,0.038160276,0.044720653,0.042555586,0.019846046,0.025107289,0.027158346,0.025597174,0.026575679,0.02025124,0.032547686,2024-04-03 13:10:00
0.02427029,0.033091146,0.019186474,0.033078384,0.020254863,0.022819906,0.021407075,0.025572687,0.021307819,0.050212394,0.026740547,0.02626837,0.03176289,0.03660431,0.028049741,0.02420627,0.039334223,0.039725542,0.051240966,0.04528925,0.042797986,0.018254358,0.019860664,0.026315305,0.016576853,0.027101995,0.020491656,0.035459545,2024-04-03 13:11:00
0.022053462,0.04612604,0.024638934,0.029273229,0.025386414,0.023735737,0.018538708,0.019132752,0.034038287,0.04407794,0.032216903,0.03448866,0.03950017,0.022963004,0.025194576,0.017530462,0.031363897,0.034668945,0.038551588,0.045121357,0.04233786,0.023774052,0.028409375,0.0292993,0.019006744,0.024134839,0.04094832,0.033369347,2024-04-03 13:12:00
0.02348223,0.033741668,0.027644712,0.03987493,0.02025216,0.022739198,0.029492531,0.019186907,0.03042319,0.042023152,0.03077797,0.023037896,0.04655272,0.023016218,0.014292219,0.028580343,0.026855417,0.032864843,0.027129829,0.044937775,0.0385567,0.023708086,0.028081112,0.027992263,0.018414237,0.024814663,0.034617316,0.036793467,2024-04-03 13:13:00
0.020639624,0.02918002,0.024655333,0.023066537,0.022324147,0.025282698,0.029316572,0.025082158,0.024476616,0.05574657,0.041023698,0.03458305,0.02444347,0.023777293,0.01854357,0.019603577,0.013180452,0.016284153,0.041565083,0.03669187,0.03872881,0.020765165,0.017838439,0.028425429,0.018884275,0.0288689,0.022607928,0.033212222,2024-04-03 13:14:00
0.02361461,0.038491987,0.022870345,0.031993534,0.037268244,0.022579566,0.02259616,0.03213607,0.028371522,0.05250466,0.049046222,0.030029645,0.02886618,0.032018766,0.061999008,0.030126534,0.012474983,0.033690214,0.054889813,0.03686164,0.040553845,0.02584646,0.018409058,0.050041355,0.017724747,0.033561226,0.022747595,0.030579153,2024-04-03 13:15:00
0.020833673,0.033625633,0.018213062,0.03016094,0.017858446,0.025724793,0.0137006445,0.020452652,0.014753969,0.03747792,0.022737231,0.030060355,0.043818805,0.024646498,0.028119203,0.009559369,0.022127043,0.035806056,0.03310324,0.039046697,0.03748733,0.032700717,0.01674599,0.053613923,0.03771065,0.020833114,0.040611148,0.034174923,2024-04-03 13:16:00
0.021996938,0.07697233,0.027863542,0.024069354,0.021490194,0.043219626,0.023961987,0.024864472,0.030191038,0.06271006,0.024323754,0.037728574,0.045864195,0.01767861,0.02815183,0.0273941,0.026239622,0.04395759,0.038288943,0.040638138,0.03537917,0.049472537,0.06024734,0.025136571,0.018465444,0.022593392,0.027881896,0.03343089,2024-04-03 13:17:00
0.022232248,0.034835413,0.024284586,0.025399115,0.023755495,0.022082709,0.021333905,0.027888192,0.027037194,0.050826836,0.039072335,0.029273484,0.039469037,0.006753267,0.02015681,0.01923477,0.012018204,0.02597946,0.027594628,0.036689337,0.04119337,0.028123625,0.024858069,0.018257556,0.0134836,0.02862191,0.022121355,0.038593695,2024-04-03 13:18:00
0.022939503,0.03533965,0.027026847,0.031892423,0.020344151,0.02751839,0.023408938,0.018736081,0.027740683,0.056025483,0.026059665,0.030341772,0.042900916,0.015785666,0.03775932,0.019073712,0.016367111,0.03099523,0.028777482,0.03817733,0.03752558,0.024669223,0.01964673,0.029617788,0.027177451,0.02969429,0.047866203,0.044827722,2024-04-03 13:19:00
0.023419634,0.03815917,0.019979885,0.034237098,0.014073088,0.023238966,0.02459684,0.025100147,0.023782419,0.05583753,0.024139779,0.024604475,0.038378373,0.018377252,0.035075802,0.020799976,0.026946515,0.023906754,0.0447014,0.045269568,0.04744963,0.024226354,0.018793019,0.027445579,0.011873055,0.0366408,0.017646572,0.032582015,2024-04-03 13:20:00
0.023064377,0.031455282,0.023708744,0.02854906,0.024887582,0.01881895,0.027173365,0.022076908,0.02292496,0.026516296,0.022997264,0.032459155,0.04635101,0.015246539,0.042213116,0.02829496,0.028589034,0.034953527,0.034904137,0.04496993,0.038754925,0.030016465,0.025769025,0.023171222,0.018688519,0.027928691,0.017876292,0.033493742,2024-04-03 13:21:00
0.023355931,0.041610718,0.036441762,0.031683896,0.035467286,0.022873003,0.021664467,0.03265613,0.030099811,0.053691085,0.020555146,0.03937716,0.030840121,0.020087097,0.016160617,0.025706641,0.025815034,0.046073735,0.034594078,0.044937562,0.040001992,0.18094976,0.03449264,0.03445194,0.017721301,0.03184299,0.026077382,0.025622599,2024-04-03 13:22:00
0.02361717,0.013006689,0.028907346,0.040440414,0.018299673,0.021008715,0.030141082,0.025672965,0.02723512,0.052517712,0.02908646,0.029800523,0.0383487,0.024834245,0.03280897,0.026927033,0.04294081,0.046657134,0.04616248,0.0373655,0.03833496,0.026041145,0.034282245,0.029890072,0.1187944,0.033151522,0.02321621,0.021158356,2024-04-03 13:23:00
0.023001779,0.029692654,0.01678805,0.019957833,0.022690017,0.040640734,0.1369271,0.043607607,0.018648377,0.05826012,0.024062524,0.028703809,0.053062327,0.017282,0.023623329,0.020653047,0.018107226,0.0108991,0.026784271,0.03619465,0.04114601,0.024777086,0.02215946,0.028098393,0.011546469,0.041560303,0.024808079,0.033907283,2024-04-03 13:24:00
0.023626935,0.026491344,0.024628764,0.04927287,0.024386674,0.03270697,0.021243358,0.020438585,0.01770614,0.06229485,0.041957337,0.025462165,0.045173418,0.02610546,0.014851758,0.029800605,0.009977419,0.032414354,0.028532846,0.041772936,0.03886065,0.09576511,0.026752206,0.027340237,0.014522701,0.03466303,0.030562699,0.0082372315,2024-04-03 13:25:00
0.022799352,0.02739535,0.027151657,0.028316023,0.020214815,0.024685025,0.03315556,0.022635842,0.029302742,0.054477397,0.031055512,0.022599593,0.045211695,0.015953192,0.022716975,0.02478127,0.015463971,0.019907746,0.017319394,0.046821866,0.05538787,0.024217699,0.01114431,0.035276577,0.019031774,0.03218516,0.026364848,0.029246526,2024-04-03 13:26:00
0.023624148,0.030024825,0.036202516,0.027990816,0.016892724,0.017975733,0.02232676,0.01960929,0.026438963,0.0496033,0.033231266,0.038900767,0.029731106,0.026972411,0.03819806,0.026639093,0.023129705,0.03980868,0.04518157,0.04771563,0.04828985,0.034506068,0.021623332,0.0265831,0.026037691,0.03153095,0.021390134,0.029282812,2024-04-03 13:27:00
0.023543756,0.045890883,0.019285927,0.034257133,0.01938115,0.021305298,0.022611119,0.01828038,0.025150226,0.0510134,0.038096733,0.027717918,0.02960039,0.017616045,0.029104508,0.020163897,0.015047637,0.029012615,0.02692781,0.0447122,0.04991008,0.027335199,0.019504199,0.03042142,0.018848624,0.04246644,0.024339909,0.02965076,2024-04-03 13:28:00
0.04391032,0.036250465,0.026562408,0.013521058,0.042938557,0.021876212,0.027673077,0.019765168,0.025170468,0.06510546,0.04362248,0.028356764,0.04439256,0.02829684,0.019526059,0.027892105,0.06347536,0.029557949,0.034034315,0.04524493,0.050324745,0.02402504,0.01998404,0.02542852,0.020074744,0.031517364,0.021855742,0.031169977,2024-04-03 13:29:00
0.02330678,0.037432984,0.023608683,0.021071723,0.017931614,0.022171868,0.021866817,0.021633336,0.027645633,0.060218357,0.025410663,0.034764864,0.03898577,0.018196693,0.03900347,0.03192818,0.018645434,0.032171067,0.037091035,0.04515641,0.04750161,0.020809008,0.024041407,0.021043373,0.02223088,0.030914234,0.02194267,0.03317272,2024-04-03 13:30:00
0.023225944,0.043535855,0.026541568,0.020789802,0.02076579,0.02990434,0.021547759,0.017347008,0.015850326,0.055623695,0.04669043,0.029088393,0.032174673,0.031569693,0.015142022,0.011631914,0.014450399,0.034350645,0.03269421,0.03681771,0.047721833,0.017504785,0.02200273,0.025660276,0.010034427,0.033841964,0.026868265,0.03663758,2024-04-03 13:31:00
0.021017186,0.0326473,0.02395021,0.025554588,0.030705532,0.022487361,0.017988883,0.020966519,0.024503086,0.052266456,0.036245212,0.0348898,0.026218582,0.025903087,0.03742221,0.018238073,0.017930144,0.026463643,0.04352331,0.04516754,0.043729335,0.027626835,0.024400404,0.032913588,0.016057376,0.03324063,0.02225271,0.03513869,2024-04-03 13:32:00
0.022867959,0.042502236,0.031213941,0.021836502,0.017589908,0.02325458,0.028508542,0.030407252,0.0262403,0.06346922,0.028048465,0.025036084,0.022395667,0.026283424,0.013414874,0.027845955,0.013584299,0.033238307,0.042043768,0.045212638,0.04815413,0.019893272,0.028490799,0.023945918,0.017299466,0.0310094,0.023366781,0.032675568,2024-04-03 13:33:00
0.025070429,0.043076824,0.027175317,0.050219074,0.031343706,0.022117833,0.025176171,0.015200546,0.01851501,0.053238325,0.053220697,0.031047162,0.03200118,0.04655426,0.012211951,0.052862708,0.030365154,0.013946352,0.026498953,0.04487783,0.04621476,0.024606718,0.02289505,0.0242032,0.015827741,0.035890527,0.024128899,0.03502335,2024-04-03 13:34:00
0.022178765,0.039126877,0.030613407,0.024633918,0.038659606,0.023878584,0.018053941,0.021885792,0.023789266,0.04018504,0.039183654,0.032352738,0.041373327,0.023221413,0.022154726,0.034566287,0.020045407,0.03305115,0.033807836,0.049106427,0.046333145,0.026923688,0.019945266,0.043465167,0.027494164,0.035969652,0.02942454,0.032011457,2024-04-03 13:35:00
0.020762034,0.039146695,0.026542326,0.023447134,0.02407216,0.032769095,0.028565206,0.020387208,0.027131272,0.047147576,0.038430024,0.029985597,0.042067938,0.02510028,0.03105385,0.01851802,0.016352855,0.036170408,0.024866462,0.04810371,0.046469375,0.035180584,0.030053409,0.025646161,0.03673512,0.04329525,0.04923499,0.037423003,2024-04-03 13:36:00
0.022565411,0.036755424,0.03202405,0.03275147,0.024654737,0.020811316,0.024697864,0.0283046,0.020394677,0.057706196,0.038514845,0.02593818,0.045152903,0.04857162,0.013991939,0.027845802,0.010580928,0.0149660595,0.024880456,0.044895574,0.06296339,0.0257755,0.024620155,0.027922114,0.026260903,0.033087183,0.023365995,0.021618463,2024-04-03 13:37:00
0.01405165,0.023220224,0.028046371,0.038327325,0.028118804,0.029763369,0.029424688,0.02296521,0.03271326,0.04754011,0.027325649,0.024924118,0.034968622,0.01278373,0.027879242,0.022333056,0.016694155,0.035126694,0.029826498,0.036187995,0.043624092,0.034353547,0.042034317,0.026168127,0.02250133,0.028608145,0.03525824,0.045872536,2024-04-03 13:38:00
0.027351324,0.03641003,0.030882819,0.025942706,0.022451902,0.03151008,0.019834843,0.02184367,0.019258894,0.057756606,0.04299188,0.022090945,0.03971153,0.01910284,0.025253763,0.023882512,0.023285663,0.03578644,0.027038136,0.05324569,0.049047675,0.02958269,0.01418575,0.021677095,0.017966833,0.03661234,0.022521246,0.027793875,2024-04-03 13:39:00
0.016314764,0.024887988,0.023613382,0.043583155,0.024167545,0.034806546,0.03419532,0.022136461,0.020499034,0.06659028,0.039910644,0.027063316,0.047388233,0.034126773,0.041280482,0.01708718,0.013597704,0.034631405,0.02787884,0.048001546,0.05334038,0.039413158,0.01059039,0.027892314,0.02010953,0.04258584,0.029176837,0.032769524,2024-04-03 13:40:00
0.023033367,0.0321513,0.033385,0.050817925,0.02656987,0.02979844,0.023812618,0.03369351,0.029090447,0.052489635,0.055608083,0.02977379,0.042721387,0.022506973,0.016560508,0.021808565,0.019858347,0.034631155,0.027373856,0.03942925,0.055988308,0.10704484,0.028909944,0.030223774,0.030137088,0.031758998,0.026109496,0.030364072,2024-04-03 13:41:00
0.02588491,0.030212685,0.027727453,0.03205524,0.033372574,0.04222494,0.022081332,0.021444065,0.025300654,0.05037333,0.024066478,0.027525486,0.03641253,0.03779395,0.020355431,0.05946162,0.016802067,0.044070486,0.03346973,0.045737773,0.06223325,0.042039014,0.022319673,0.02123219,0.015990356,0.03386867,0.032929618,0.037030406,2024-04-03 13:42:00
0.023395704,0.039371345,0.023283115,0.040885855,0.027592398,0.03595615,0.02462102,0.022756595,0.011008592,0.057214454,0.040159605,0.02935701,0.038492795,0.022314932,0.01593146,0.011195505,0.01775194,0.03571371,0.027078629,0.050832458,0.055314887,0.03949805,0.009784311,0.033376385,0.019750793,0.031387504,0.03336419,0.032558933,2024-04-03 13:43:00
0.01835042,0.03359159,0.024735,0.03935743,0.028806204,0.033628467,0.08508446,0.016954418,0.01602124,0.049350016,0.034035128,0.04022872,0.047230188,0.018024592,0.01844892,0.018885052,0.019092824,0.047760412,0.03395706,0.041094113,0.05418837,0.0363949,0.008875991,0.02489065,0.015175179,0.031045895,0.017033825,0.031310618,2024-04-03 13:44:00
0.0229814,0.03817335,0.024955945,0.029530397,0.03104089,0.018884145,0.027026534,0.024504555,0.028218167,0.050267205,0.032769997,0.032285824,0.03980616,0.026972901,0.052874833,0.026068717,0.02713784,0.029837422,0.033915043,0.045040324,0.067837924,0.1301221,0.019340876,0.018034294,0.013455089,0.038569856,0.040000524,0.030587528,2024-04-03 13:45:00
0.019098692,0.036238305,0.03002343,0.10229356,0.02920259,0.020994136,0.012813385,0.027428266,0.032022715,0.05222723,0.033275597,0.0324622,0.039634373,0.008428145,0.017296104,0.013696824,0.012033682,0.029497536,0.026594592,0.03741398,0.056781564,0.033593584,0.029084718,0.047592353,0.028177192,0.033784308,0.02679356,0.029705815,2024-04-03 13:46:00
0.018621385,0.040993627,0.031161956,0.053655975,0.021634256,0.020409098,0.020465843,0.019164402,0.012848285,0.056169815,0.03486663,0.026427988,0.035414744,0.021183722,0.018106647,0.0104597695,0.022082297,0.036452837,0.03997205,0.03592541,0.056450114,0.015880443,0.03146388,0.024208538,0.0138499,0.031213542,0.026014196,0.031523958,2024-04-03 13:47:00
0.023471037,0.03590605,0.031383734,0.023892332,0.026344173,0.028188474,0.020666985,0.023369377,0.016173188,0.058333494,0.02478642,0.028504089,0.04323689,0.03167307,0.046114627,0.020213218,0.018986987,0.034688916,0.026876947,0.042849395,0.022446206,0.032276034,0.0088126585,0.031201027,0.017781181,0.029272689,0.029984381,0.013780044,2024-04-03 13:48:00
0.023099313,0.027774995,0.029027335,0.023924224,0.02566211,0.018386684,0.015408277,0.027090758,0.027042665,0.06395192,0.027790433,0.042175308,0.037114687,0.019622823,0.017682731,0.018804183,0.011491986,0.030452805,0.04186953,0.044995826,0.06877541,0.02443964,0.027813945,0.04892626,0.020701835,0.03143862,0.029559545,0.029894423,2024-04-03 13:49:00
0.023903029,0.030297983,0.021561546,0.022916418,0.021716472,0.018529786,0.030781701,0.020601444,0.027504528,0.067482054,0.024744714,0.032654632,0.045434114,0.016422013,0.028040979,0.024896182,0.062984355,0.03211909,0.043002408,0.03651023,0.052648947,0.043028746,0.026669286,0.021847177,0.020393414,0.025648462,0.028329728,0.028999656,2024-04-03 13:50:00
0.021817327,0.031864475,0.03428109,0.017396843,0.024976922,0.021715883,0.025215374,0.022456493,0.030319698,0.059178866,0.032143403,0.03004723,0.04231457,0.019475885,0.028495993,0.021036513,0.016871845,0.034977414,0.035259493,0.04820132,0.04247739,0.035419106,0.021943096,0.02926591,0.018907884,0.038793184,0.030839527,0.031143615,2024-04-03 13:51:00
0.023541043,0.015333137,0.028169533,0.025028277,0.023192199,0.021180712,0.01927046,0.022812167,0.023928922,0.04796868,0.019854207,0.054248754,0.030736595,0.022581456,0.019418893,0.015053782,0.015944954,0.024799487,0.032670666,0.045076992,0.045914747,0.03652057,0.021609245,0.030508205,0.012303872,0.029769396,0.019242417,0.027532578,2024-04-03 13:52:00
0.024044072,0.039866265,0.018023398,0.047306124,0.019465376,0.027033158,0.016629737,0.016102144,0.025862927,0.06271106,0.036391925,0.026105393,0.040532276,0.023923302,0.017119154,0.031066483,0.018025052,0.03208053,0.04481111,0.040591877,0.044499554,0.035300683,0.007880523,0.0250112,0.013564744,0.028977884,0.022001639,0.015820254,2024-04-03 13:53:00
0.026705923,0.017414201,0.022311404,0.022480767,0.019997582,0.020623479,0.026157856,0.022204127,0.013326136,0.044485804,0.041005686,0.037884217,0.040357713,0.034545332,0.014764755,0.008678309,0.010857633,0.028689552,0.030168612,0.036658853,0.04408798,0.02605672,0.045619555,0.023039358,0.021534484,0.03436906,0.022438018,0.011822849,2024-04-03 13:54:00
0.025551468,0.03554896,0.029293416,0.016487883,0.024784725,0.025628755,0.026473906,0.03368513,0.033581953,0.04268889,0.04028663,0.04371173,0.044831198,0.03017697,0.03436324,0.009822671,0.01048872,0.023531357,0.030373452,0.06569612,0.040544562,0.037445128,0.016914822,0.02036789,0.020338546,0.031542875,0.041437343,0.021700393,2024-04-03 13:55:00
0.023907619,0.02448156,0.030501898,0.027444698,0.021007743,0.024621459,0.0122708455,0.016725784,0.03014939,0.045809824,0.02481125,0.029065393,0.03693448,0.018641895,0.015726993,0.054141212,0.013269319,0.03828187,0.038983483,0.04414691,0.04530844,0.02238254,0.02265961,0.019144356,0.024810823,0.042886823,0.023502676,0.019472707,2024-04-03 13:56:00
0.022429733,0.03596111,0.021071369,0.018186422,0.02904029,0.05446555,0.018257119,0.019869724,0.024714774,0.061795585,0.03522212,0.02704307,0.038151745,0.016707025,0.021209804,0.024412757,0.022012489,0.027522849,0.03615336,0.035587605,0.047898725,0.026980933,0.024420077,0.039097555,0.013789136,0.036432073,0.018716991,0.022882562,2024-04-03 13:57:00
0.02336863,0.01908832,0.035062544,0.023693653,0.029494459,0.039342064,0.014088361,0.017958706,0.022253647,0.0485052,0.023788232,0.031387668,0.030559698,0.022355197,0.04520075,0.03128225,0.019293573,0.04244153,0.039218724,0.044834152,0.047826182,0.023184681,0.01831836,0.023232926,0.013612567,0.03794997,0.030132044,0.029207276,2024-04-03 13:58:00
0.02340661,0.03969884,0.02937259,0.024028495,0.030269401,0.020501703,0.022591,0.02285591,0.027135568,0.0537296,0.17744806,0.030345747,0.027439909,0.020987136,0.018468427,0.00836177,0.013279806,0.02340238,0.04103885,0.036532663,0.044738635,0.028722111,0.01955071,0.02338303,0.016472839,0.04711166,0.051446047,0.012209567,2024-04-03 13:59:00
0.03258198,0.040520407,0.023748143,0.02843993,0.031449653,0.031086208,0.018415049,0.02221028,0.016375093,0.05079004,0.034023065,0.029565684,0.050082933,0.030226542,0.057204798,0.010596544,0.009949091,0.03415633,0.029620495,0.0488915,0.04343308,0.027633391,0.008861076,0.025132475,0.01824321,0.03777303,0.017523756,0.04729256,2024-04-03 14:00:00
0.024369936,0.037752897,0.022301557,0.03033058,0.02880358,0.020547984,0.024144236,0.024256177,0.013045545,0.06961724,0.035384905,0.023674984,0.04148647,0.029884681,0.018643707,0.13372172,0.02435147,0.02937503,0.020896014,0.036639407,0.052464373,0.027198484,0.024464121,0.030386748,0.020097082,0.027600937,0.02832243,0.03356548,2024-04-03 14:01:00
0.023932762,0.04600228,0.01764301,0.018407028,0.024458487,0.02569903,0.022638319,0.023919282,0.032654077,0.056281812,0.020213364,0.02403968,0.04139679,0.017635113,0.015368083,0.027526483,0.013544785,0.041217778,0.023258522,0.044779915,0.048242204,0.02130878,0.022319695,0.024323322,0.006321597,0.033757832,0.01995341,0.032407057,2024-04-03 14:02:00
0.020566994,0.040897477,0.025623154,0.014189644,0.032390457,0.019427825,0.019749098,0.022333397,0.027779136,0.058361024,0.019806156,0.031093065,0.041479174,0.032229405,0.016755298,0.025502937,0.016668625,0.030804371,0.025354197,0.040287726,0.052716948,0.03344195,0.020706503,0.025092678,0.017972492,0.033840086,0.016621934,0.036033057,2024-04-03 14:03:00
0.02360016,0.03880688,0.023442155,0.030432634,0.030847177,0.018838918,0.027295068,0.023438288,0.032812253,0.05370017,0.03006778,0.031718157,0.042155866,0.017770622,0.018760277,0.018233865,0.020896006,0.027642934,0.026888963,0.036314633,0.04890088,0.033757567,0.022316659,0.025000678,0.011198197,0.020994319,0.023279194,0.024074165,2024-04-03 14:04:00
0.022844698,0.035629373,0.027991656,0.029442633,0.018625105,0.020319158,0.026321325,0.024429569,0.017550413,0.032662164,0.034396254,0.027777903,0.030162446,0.111219175,0.015586139,0.028475208,0.016924452,0.03172719,0.024115354,0.04481852,0.03166731,0.02413002,0.026314411,0.02610942,0.02081414,0.033035576,0.019298257,0.036384575,2024-04-03 14:05:00
0.025064528,0.030517425,0.021105997,0.02388492,0.022036865,0.017707057,0.022640487,0.030444374,0.016454505,0.06862854,0.02363148,0.030322837,0.04309421,0.02238024,0.026658293,0.018211823,0.011144726,0.023758618,0.019527808,0.036586553,0.045053773,0.025626186,0.024571834,0.02305945,0.014789117,0.03254445,0.029399257,0.02945024,2024-04-03 14:06:00
0.030235713,0.034985688,0.029422637,0.06683718,0.021590823,0.027871149,0.020239925,0.023257954,0.03619009,0.053233486,0.035820697,0.030053282,0.046784397,0.02196338,0.05748059,0.011445665,0.024997758,0.039829653,0.022276923,0.036859233,0.046654057,0.12687069,0.026105125,0.022207402,0.014235212,0.031580675,0.031094756,0.031564318,2024-04-03 14:07:00
0.023751069,0.012879905,0.02856718,0.041245766,0.033042528,0.020875847,0.038385004,0.023065161,0.027003324,0.028496282,0.030273564,0.030626826,0.031311713,0.023841731,0.027315257,0.029459411,0.02430686,0.029732184,0.030746907,0.043854237,0.0459593,0.031872597,0.028436631,0.029091582,0.021124648,0.02948297,0.023460593,0.029964881,2024-04-03 14:08:00
0.023268685,0.036158163,0.029446237,0.026671724,0.02245031,0.018992819,0.027042916,0.023600686,0.025475474,0.061741356,0.048054356,0.022923889,0.03374239,0.020688716,0.022593059,0.009131582,0.017179541,0.015455771,0.032205157,0.035565395,0.04289578,0.034559365,0.02235199,0.022170546,0.011258223,0.020122485,0.026419709,0.0356697,2024-04-03 14:09:00
0.023322523,0.029489402,0.026152493,0.046698403,0.024900818,0.019499553,0.034038994,0.029701915,0.026361953,0.057718508,0.029384777,0.029462956,0.035657685,0.01135201,0.0150388125,0.014035655,0.015056626,0.03717038,0.027573371,0.04624184,0.04499095,0.024677824,0.013267211,0.035810553,0.026132498,0.024641097,0.025101412,0.033399567,2024-04-03 14:10:00
0.021511048,0.033172023,0.028187707,0.04279932,0.028684655,0.020963933,0.027067434,0.024035424,0.02352001,0.053031348,0.048177473,0.02718835,0.02791872,0.02263262,0.08743839,0.024585955,0.010454357,0.032569725,0.019038199,0.040998306,0.046825256,0.03595135,0.031208348,0.025504228,0.015438634,0.026322015,0.038180858,0.023854274,2024-04-03 14:11:00
0.023082618,0.034570344,0.028618073,0.033012558,0.015716594,0.023601579,0.021599272,0.029958146,0.014867318,0.046342935,0.025643144,0.030692715,0.04238451,0.02017607,0.039019533,0.01663135,0.017404526,0.030291483,0.028420556,0.044885788,0.046225954,0.02427136,0.013894297,0.027654989,0.018550813,0.030115804,0.022270815,0.04230299,2024-04-03 14:12:00
0.020527352,0.027474442,0.027076483,0.024407422,0.026934238,0.02740075,0.020969592,0.020741846,0.028970243,0.04148478,0.024425924,0.029474014,0.0474818,0.017129438,0.018781096,0.026414545,0.019577123,0.03359457,0.025931716,0.035632085,0.0455886,0.06499434,0.01272133,0.025795765,0.011910451,0.04121354,0.039069846,0.031838298,2024-04-03 14:13:00
0.025200356,0.027431706,0.029543834,0.036109038,0.031035827,0.023629272,0.015467705,0.020519294,0.024960278,0.062423833,0.036490906,0.030080622,0.0287149,0.039146878,0.05737461,0.018075367,0.008253921,0.019616595,0.03853907,0.044817902,0.04490383,0.026212927,0.019758018,0.02565098,0.0124650905,0.044176064,0.025607985,0.02437747,2024-04-03 14:14:00
0.023313047,0.028616788,0.027697226,0.030294862,0.01810956,0.021106137,0.026224341,0.012823592,0.020620557,0.059078213,0.032228384,0.034478195,0.042795848,0.018164678,0.018003069,0.013646321,0.012758722,0.032555923,0.016516022,0.04384487,0.05080815,0.030759709,0.03593406,0.018235745,0.021529667,0.04357237,0.015320674,0.033678055,2024-04-03 14:15:00
0.022195844,0.0546229,0.029168176,0.048607443,0.027336726,0.019863024,0.11067883,0.022650182,0.01612769,0.02734531,0.043693636,0.02870222,0.03847712,0.028525226,0.014744171,0.021035787,0.015917903,0.02962875,0.021176584,0.036836073,0.045491245,0.026706519,0.0051011066,0.031335216,0.016687257,0.034051288,0.024625896,0.031229373,2024-04-03 14:16:00
0.023169579,0.014847804,0.039539024,0.02519356,0.025740488,0.024562722,0.023367113,0.020742454,0.010197168,0.0648018,0.02679521,0.02912853,0.048401248,0.020742968,0.013549502,0.017608073,0.009190762,0.028305365,0.027125241,0.035878256,0.04883487,0.020757424,0.01980818,0.025040172,0.017332429,0.03099559,0.04281863,0.027954703,2024-04-03 14:17:00
0.017377626,0.038940478,0.026836202,0.021138918,0.023419557,0.015769951,0.01749533,0.028898453,0.024960464,0.05626582,0.022944285,0.024933416,0.03760916,0.018999554,0.01738049,0.022243438,0.019507129,0.024689045,0.025090778,0.040796272,0.046420064,0.027528547,0.032142602,0.029843008,0.021813776,0.029340697,0.0532246,0.03091602,2024-04-03 14:18:00
0.022458078,0.036577016,0.022496998,0.021456407,0.019987011,0.020234954,0.022933219,0.035762582,0.015248924,0.03376398,0.028814372,0.03420154,0.04899991,0.01367602,0.019981612,0.012523933,0.008757837,0.019775268,0.020827144,0.03634577,0.04151308,0.024262832,0.015954431,0.019686738,0.01116033,0.037067927,0.026701247,0.020537542,2024-04-03 14:19:00
0.023316626,0.038366087,0.025694687,0.04864732,0.026783543,0.027552413,0.033264533,0.026679268,0.016223192,0.052205488,0.034480125,0.027122611,0.024364587,0.024463464,0.031228054,0.024092823,0.027835777,0.0378145,0.038769364,0.045233402,0.043178458,0.016854422,0.027471945,0.026774308,0.023462666,0.026634978,0.039047077,0.034551017,2024-04-03 14:20:00
0.022924362,0.028952474,0.03253762,0.032949008,0.019688064,0.023806319,0.013906754,0.020127308,0.02323453,0.064632736,0.029778922,0.03258908,0.035212256,0.023334038,0.028910365,0.017166799,0.027668549,0.044558004,0.032393225,0.04598516,0.042329982,0.02497902,0.025262741,0.033249754,0.018037768,0.028894464,0.016954957,0.029486047,2024-04-03 14:21:00
0.0235923,0.03566015,0.1789634,0.031803064,0.015151042,0.019464064,0.0316805,0.021244634,0.023749815,0.04656585,0.03827873,0.034734555,0.04240417,0.037271723,0.020960543,0.023232838,0.013118687,0.035521638,0.04444598,0.039927106,0.04393923,0.02647806,0.03409712,0.0221216,0.012074993,0.029010268,0.021445818,0.031268578,2024-04-03 14:22:00
0.021804085,0.016684543,0.023588786,0.04200467,0.021451205,0.018451827,0.024953263,0.020852344,0.020540267,0.05090596,0.03061661,0.05002627,0.03301335,0.013871112,0.030792594,0.021834379,0.009699904,0.024418993,0.015535418,0.036966793,0.04395313,0.11086406,0.009463415,0.03285754,0.023765383,0.037915472,0.018071659,0.03566689,2024-04-03 14:23:00
0.022983292,0.040134843,0.021180512,0.038942162,0.021854917,0.019630905,0.026379192,0.02296137,0.018707598,0.05267191,0.043162014,0.03092046,0.031786595,0.023863731,0.027329886,0.023423905,0.01026861,0.022528993,0.03494483,0.044969734,0.045982573,0.025610307,0.02498528,0.031105317,0.016096862,0.02800242,0.030410465,0.037833527,2024-04-03 14:24:00
0.021456134,0.045288,0.026103921,0.025001265,0.02233224,0.022463754,0.023165585,0.017691575,0.01883941,0.06015149,0.03778262,0.026190972,0.032148767,0.02286251,0.02569672,0.019889023,0.025406139,0.02890466,0.024701186,0.049011175,0.042492688,0.040320948,0.03506656,0.040263135,0.023131289,0.032424554,0.03088725,0.04040556,2024-04-03 14:25:00
0.022132907,0.045372713,0.034700755,0.022525504,0.022982907,0.025094632,0.025677713,0.023394248,0.022464052,0.046187975,0.029193219,0.025322212,0.041119788,0.017630685,0.012681041,0.022040205,0.024581715,0.02471437,0.02580151,0.03716728,0.044285167,0.03089036,0.025171516,0.026407436,0.01732606,0.023841674,0.040624157,0.02636453,2024-04-03 14:26:00
0.024594668,0.040649485,0.026654335,0.021682462,0.029110996,0.020528713,0.022865474,0.022062808,0.02258107,0.04659989,0.0280534,0.031163415,0.042990506,0.025062405,0.014666618,0.023937931,0.025304323,0.030053217,0.034550864,0.04526985,0.04595814,0.08014862,0.026875865,0.02706278,0.016911346,0.033806466,0.023036212,0.034369417,2024-04-03 14:27:00
0.023566477,0.012065824,0.023996085,0.052755937,0.022648674,0.025882656,0.03397489,0.020370768,0.025830831,0.04738366,0.03422891,0.02491972,0.044871084,0.022081299,0.033096883,0.02742767,0.029230803,0.031729702,0.016695466,0.04519786,0.04620664,0.027113387,0.023260806,0.021904236,0.015037039,0.040212635,0.026687127,0.036627337,2024-04-03 14:28:00
0.019899512,0.029556965,0.031050924,0.028026043,0.013607607,0.017319506,0.020278076,0.02111304,0.02016532,0.054411568,0.047436163,0.03141436,0.040208623,0.024179086,0.022867858,0.016473606,0.012798786,0.03618366,0.035991885,0.035796378,0.04784248,0.017827362,0.01833822,0.025752516,0.020062119,0.031550262,0.024640463,0.03322357,2024-04-03 14:29:00
0.1087864,0.035162855,0.029829571,0.02222078,0.024639186,0.02371935,0.017188795,0.020824697,0.034954116,0.045131247,0.01816417,0.029655756,0.046870697,0.020766271,0.0198233,0.014690728,0.0233935,0.031121101,0.022288244,0.05026986,0.04758727,0.03155859,0.013454011,0.028105842,0.011187559,0.046492696,0.01914971,0.03486976,2024-04-03 14:30:00
0.025850762,0.025618829,0.022652874,0.04104841,0.0207293,0.019329563,0.026459567,0.02192692,0.026161393,0.051299427,0.035875652,0.031678636,0.038490422,0.031556766,0.028034426,0.024662504,0.009805447,0.02000264,0.026260445,0.045228608,0.050966095,0.023199366,0.025369456,0.027880121,0.026064184,0.03470036,0.030190285,0.034427594,2024-04-03 14:31:00
0.020189242,0.036669943,0.027271042,0.010300009,0.029699704,0.012410094,0.029701943,0.028584994,0.013451489,0.051844407,0.038743857,0.03815683,0.036150984,0.028685171,0.02818932,0.03338323,0.020094924,0.03129122,0.027724786,0.03640729,0.054888517,0.018529182,0.014169363,0.025970671,0.014824887,0.045794066,0.024579344,0.034560215,2024-04-03 14:32:00
0.024674127,0.03475435,0.028371098,0.026468165,0.023603266,0.0202839,0.02092646,0.022907438,0.018521085,0.042349987,0.026197061,0.040997956,0.03702778,0.017461367,0.03607682,0.013382355,0.01785589,0.027427014,0.019538542,0.03583171,0.060397122,0.025009124,0.02342555,0.02464202,0.025804112,0.030184709,0.032744408,0.0181223,2024-04-03 14:33:00
0.023058148,0.04142544,0.016166123,0.029214434,0.018982846,0.021881564,0.06430046,0.02480716,0.018796539,0.059244968,0.038515583,0.02875889,0.034111943,0.055065878,0.011434456,0.023908611,0.013831922,0.032237884,0.035953365,0.044900924,0.057282917,0.020444086,0.023918588,0.020786239,0.025629329,0.043360323,0.02354349,0.031810515,2024-04-03 14:34:00
0.019939253,0.037526824,0.032190908,0.0383519,0.024214054,0.019370792,0.028785,0.021624746,0.023448542,0.038181614,0.029284107,0.0331543,0.041613437,0.010387385,0.023680508,0.023438308,0.020066174,0.02819677,0.023999913,0.040584136,0.050513405,0.018255806,0.026259255,0.028642619,0.018282685,0.037616976,0.013260609,0.03577556,2024-04-03 14:35:00
0.02260454,0.032709185,0.03665497,0.026075758,0.023773676,0.017401211,0.034820195,0.019114664,0.022366926,0.055079836,0.026076775,0.030796004,0.050320886,0.021024916,0.013514858,0.016691674,0.02108459,0.03623775,0.04345613,0.036240395,0.057788104,0.021326363,0.026887864,0.025727939,0.018915538,0.032602668,0.025273552,0.02799,2024-04-03 14:36:00
0.022368474,0.03645768,0.036316365,0.020599097,0.018965177,0.023953553,0.023391716,0.015287063,0.021764334,0.05041884,0.036583908,0.0283359,0.025400475,0.029902767,0.024070345,0.021584176,0.024533907,0.042658005,0.04894374,0.044820663,0.053050846,0.018984517,0.017071603,0.02276863,0.017513832,0.026145054,0.027843526,0.031823695,2024-04-03 14:37:00
0.02333963,0.03830053,0.02487509,0.03157153,0.027628614,0.025062228,0.029099677,0.01791261,0.011774295,0.046661485,0.04271616,0.03503126,0.03242744,0.016243517,0.056010358,0.024894748,0.017136248,0.029377503,0.02987247,0.036358185,0.055246796,0.022354772,0.030078027,0.019821357,0.018922094,0.039367955,0.04290014,0.03506288,2024-04-03 14:38:00
0.023261376,0.038987312,0.027680889,0.03707785,0.02013965,0.028708115,0.021160929,0.014786774,0.022257315,0.06681948,0.045104902,0.03545913,0.039323095,0.021447295,0.026731264,0.02147283,0.013488863,0.037110966,0.043773916,0.0448466,0.052037366,0.007950731,0.020024816,0.024982557,0.02173556,0.031913187,0.04944668,0.04051502,2024-04-03 14:39:00
0.02530063,0.042036958,0.028647752,0.05481517,0.023861265,0.022294892,0.01763239,0.02702456,0.012149022,0.042484425,0.040226012,0.026271617,0.046389423,0.01898187,0.0329956,0.020741085,0.012075813,0.02844378,0.01922438,0.042005938,0.05332135,0.016147025,0.019101685,0.022570536,0.018792838,0.035053525,0.018594496,0.028818516,2024-04-03 14:40:00
0.024285551,0.017648589,0.025082037,0.024271248,0.024491984,0.016977288,0.021054279,0.018992426,0.020241672,0.05363858,0.036808494,0.028686691,0.016885918,0.014544567,0.015916232,0.02132709,0.016340273,0.036435205,0.042867508,0.03611567,0.05334544,0.111103386,0.025968663,0.02041233,0.01583851,0.03855621,0.026893219,0.045380786,2024-04-03 14:41:00
0.02270822,0.02706796,0.04145165,0.020776214,0.017429363,0.022302397,0.037855744,0.019694472,0.028124837,0.062033255,0.038540732,0.047366105,0.034569506,0.016826315,0.022719402,0.024317915,0.01993283,0.04213701,0.03983006,0.04517291,0.05523712,0.019209903,0.023262482,0.023813764,0.024171194,0.034988835,0.017495392,0.014088668,2024-04-03 14:42:00
0.02235164,0.03159811,0.028576856,0.014350477,0.028338876,0.02468018,0.01626095,0.02688737,0.02159476,0.05535228,0.04761893,0.041873835,0.04655373,0.022612646,0.014362273,0.015838372,0.036233276,0.033770118,0.03277643,0.039792433,0.053038523,0.029206473,0.05964921,0.01563824,0.016241401,0.02786314,0.019936617,0.017292906,2024-04-03 14:43:00
0.02092345,0.048335467,0.02382956,0.04862949,0.027948085,0.019299407,0.028025927,0.028009202,0.01630333,0.050589964,0.05139844,0.03579499,0.043351926,0.01784411,0.044967145,0.024298904,0.019938802,0.027411317,0.020153414,0.036348358,0.054137245,0.024202084,0.018962823,0.019468062,0.017511547,0.02558069,0.038059276,0.059336368,2024-04-03 14:44:00
0.03619124,0.034101166,0.026315942,0.019947222,0.020994542,0.020352,0.024110805,0.019544994,0.022914736,0.04252533,0.018718502,0.026380323,0.030650092,0.015183567,0.026279416,0.023242809,0.013186705,0.029847093,0.01783615,0.039929025,0.055342566,0.02281227,0.022533674,0.015247022,0.01055262,0.032770827,0.019936133,0.030471984,2024-04-03 14:45:00
0.022493374,0.028659537,0.01837689,0.029778538,0.02075837,0.023294888,0.020451412,0.029420434,0.022399591,0.063692704,0.025816701,0.039916214,0.03114233,0.04230938,0.014153172,0.021817315,0.015338964,0.038997293,0.029737841,0.03653903,0.056473903,0.01865598,0.028111666,0.02747075,0.020605644,0.029764665,0.020806957,0.03424379,2024-04-03 14:46:00
0.023925636,0.031747177,0.028953219,0.012375685,0.029636268,0.011009153,0.020286005,0.027090618,0.026048668,0.055878807,0.031094573,0.03343998,0.04980958,0.014684376,0.048926756,0.030735,0.021165306,0.029319024,0.02755615,0.040428087,0.054056972,0.029421559,0.020590024,0.021727607,0.014307586,0.03160117,0.022837127,0.03714859,2024-04-03 14:47:00
0.03241349,0.024562137,0.025664262,0.055434693,0.024969356,0.021818498,0.021502519,0.03237672,0.017518027,0.062406234,0.033984464,0.031967364,0.048199162,0.035438057,0.021674989,0.03660509,0.018739538,0.026840976,0.027684549,0.037066992,0.06636084,0.019559816,0.00888487,0.027574569,0.040637955,0.039626826,0.026177736,0.034017794,2024-04-03 14:48:00
0.03370524,0.027387133,0.020153407,0.010435015,0.024925286,0.010438132,0.024435977,0.017204035,0.015065314,0.05619695,0.021901157,0.045431037,0.049595073,0.02251193,0.028437296,0.022032604,0.017536815,0.020905044,0.028035741,0.04108376,0.05501063,0.03691352,0.021625692,0.023932539,0.029134618,0.03606824,0.054388482,0.029207764,2024-04-03 14:49:00
0.02097163,0.03414353,0.028335335,0.027113367,0.02268532,0.027268173,0.01766146,0.028244022,0.012640092,0.050762102,0.032927006,0.02572409,0.03952715,0.023797939,0.022812914,0.019507805,0.008378041,0.029400669,0.022972042,0.036120616,0.06457351,0.013419863,0.007022438,0.020170463,0.012043473,0.032305736,0.020621851,0.033307277,2024-04-03 14:50:00
0.022501811,0.042795755,0.019967446,0.018872011,0.017594237,0.027142763,0.066176586,0.02960864,0.02023649,0.05746778,0.030176943,0.02076984,0.036668673,0.025163122,0.0149518475,0.020306965,0.029626915,0.034380604,0.04366104,0.040427588,0.062116675,0.09383581,0.010440924,0.015002333,0.015086176,0.03895296,0.023893924,0.03756947,2024-04-03 14:51:00
0.023366833,0.033020277,0.018056037,0.012065743,0.021076152,0.035433266,0.030301727,0.030988798,0.014322187,0.06323014,0.029257625,0.028982153,0.03974637,0.02565012,0.023384439,0.016264195,0.010232497,0.024068577,0.04649337,0.045171175,0.06042324,0.014293719,0.02003808,0.023469148,0.015148129,0.039182935,0.106577076,0.031986058,2024-04-03 14:52:00
0.022512553,0.0405947,0.030099496,0.021050341,0.019037256,0.016832987,0.024320807,0.027179563,0.015666358,0.059822258,0.024898166,0.028356817,0.042594817,0.027660528,0.04297148,0.02441592,0.006381584,0.026331037,0.03037121,0.04490322,0.064411104,0.020150695,0.02059146,0.019161094,0.023769751,0.028484894,0.027735211,0.04049596,2024-04-03 14:53:00
0.023062453,0.014110996,0.025731824,0.019418737,0.022230672,0.011424437,0.022412978,0.019919202,0.024292054,0.06472696,0.04195176,0.032408867,0.03367286,0.018646128,0.01651121,0.02169635,0.016884228,0.04084136,0.03924965,0.036125697,0.06191808,0.01776768,0.020575007,0.014392585,0.015820865,0.027292099,0.021862913,0.037187103,2024-04-03 14:54:00
0.023300009,0.048761215,0.02787096,0.019894054,0.02876215,0.0237888,0.02174406,0.020923628,0.033684216,0.054788943,0.036798343,0.0352168,0.031257592,0.024908097,0.046497222,0.017855559,0.013000611,0.026912438,0.034316443,0.036625717,0.068066634,0.025905734,0.00844,0.04844507,0.016270945,0.028360704,0.020634675,0.0347839,2024-04-03 14:55:00
0.022526987,0.042792317,0.027304178,0.027792946,0.023382772,0.024824448,0.024814444,0.020060752,0.014817106,0.06390775,0.030362075,0.029156744,0.032047205,0.023119185,0.02049573,0.026447609,0.01266001,0.021598002,0.03458706,0.04497339,0.06222893,0.018077714,0.012835435,0.035830595,0.01864642,0.046159044,0.07552872,0.036174443,2024-04-03 14:56:00
0.025005536,0.019889493,0.024751868,0.014597431,0.026900433,0.014003732,0.022244718,0.020509474,0.01250171,0.045122992,0.03804129,0.028662268,0.03208407,0.0084591275,0.056106593,0.015531054,0.010349901,0.013032464,0.034874313,0.035878,0.063220434,0.027458705,0.026284149,0.028296806,0.022824202,0.0351629,0.022953177,0.040580902,2024-04-03 14:57:00
0.0233052,0.020583019,0.030672494,0.022051852,0.0201436,0.018469164,0.03026656,0.01927184,0.022223517,0.04325349,0.030793171,0.027416037,0.037037235,0.035583965,0.03739921,0.030521976,0.03045116,0.022317229,0.02754696,0.044844512,0.064592294,0.0106699215,0.022559822,0.028186971,0.015920004,0.03591791,0.01574805,0.027609326,2024-04-03 14:58:00
0.022893699,0.024746142,0.022915518,0.026250603,0.019255828,0.027296808,0.03128609,0.024318742,0.01883986,0.056413528,0.03127165,0.022000274,0.04256185,0.030838484,0.03606129,0.019660102,0.026966674,0.016879201,0.032227203,0.041494273,0.06398242,0.025513448,0.018523984,0.029200789,0.012998542,0.02322813,0.025272783,0.03217635,2024-04-03 14:59:00
0.023985883,0.028888378,0.026725393,0.02384223,0.024466654,0.018265894,0.017683078,0.03984873,0.019562202,0.05529706,0.041144643,0.02683209,0.043703653,0.026844969,0.019595703,0.01889446,0.019653294,0.029916327,0.020004755,0.054269567,0.061671328,0.024083382,0.022179646,0.022584097,0.018471463,0.033072732,0.02669877,0.0412552,2024-04-03 15:00:00
0.025795152,0.030436182,0.013949411,0.02893379,0.021246094,0.017091803,0.019412095,0.029090956,0.011010901,0.053425524,0.031749446,0.025255391,0.04239617,0.021613913,0.03779356,0.0281088,0.015695753,0.018281272,0.01721363,0.036575507,0.064415365,0.013938481,0.014167378,0.01330532,0.012894566,0.034720767,0.03317343,0.034523748,2024-04-03 15:01:00
0.022035096,0.04209859,0.022673331,0.02137854,0.016710408,0.0150535405,0.023408582,0.023884544,0.01742221,0.050298344,0.024630403,0.027768234,0.04995387,0.024558585,0.014363872,0.027338626,0.014682701,0.035184212,0.027499396,0.036387376,0.063337885,0.027113378,0.025288684,0.0570843,0.016335167,0.041408345,0.04011552,0.031399943,2024-04-03 15:02:00
0.022983065,0.035984248,0.026944768,0.027063208,0.017651338,0.024685869,0.023132699,0.020815298,0.020994266,0.055493534,0.023399174,0.030811358,0.038456094,0.03890814,0.0395682,0.019439567,0.01651416,0.038010634,0.025610173,0.042089038,0.06298089,0.034512926,0.021377921,0.015385052,0.011802849,0.03553974,0.019368483,0.03300591,2024-04-03 15:03:00
0.022716945,0.04344216,0.040901043,0.01982339,0.017481454,0.022756698,0.17564355,0.035768308,0.02538487,0.05250244,0.024954123,0.03414457,0.040503692,0.020042105,0.0253289,0.025467442,0.020805363,0.037488297,0.044392627,0.044786744,0.06367851,0.016235765,0.024466578,0.014204519,0.017623845,0.02807638,0.025766917,0.036043707,2024-04-03 15:04:00
0.022747682,0.039325424,0.031047061,0.01495852,0.026164487,0.009701215,0.021236792,0.017127028,0.02318044,0.049613148,0.03268716,0.022822402,0.046988748,0.019732228,0.059425075,0.020811878,0.019824049,0.027308779,0.027621113,0.062851235,0.06543924,0.023635587,0.024264669,0.017496064,0.041563474,0.028488966,0.019694401,0.01362706,2024-04-03 15:05:00
0.020036267,0.027000014,0.027881213,0.01538027,0.02898184,0.023104077,0.027511092,0.021872452,0.014497136,0.048691645,0.040029436,0.01921098,0.046619195,0.017596599,0.009573442,0.02111074,0.017859157,0.026544256,0.025373556,0.039634958,0.06196522,0.02113383,0.021732414,0.022263043,0.01478544,0.03528417,0.010240328,0.03129095,2024-04-03 15:06:00
0.02221939,0.037294947,0.025114201,0.033262976,0.028291207,0.018744474,0.020286934,0.017412256,0.025662381,0.046895627,0.02670623,0.041493997,0.039898913,0.020721521,0.02571579,0.022005307,0.0386212,0.02476648,0.033769034,0.08177113,0.06329206,0.025197456,0.009866488,0.036614496,0.021465102,0.04293853,0.06277368,0.03998578,2024-04-03 15:07:00
0.028858362,0.035648987,0.028044296,0.027556041,0.029713534,0.015674105,0.028818667,0.023400716,0.03167026,0.04901075,0.026129076,0.02692148,0.0432866,0.022530412,0.013248093,0.025682181,0.0060796198,0.018540049,0.028310094,0.048071943,0.06253624,0.023261646,0.010172557,0.017399043,0.017748972,0.04285862,0.020192994,0.033643346,2024-04-03 15:08:00
0.024117272,0.031953402,0.03348721,0.02993341,0.02073823,0.017301245,0.022318996,0.022114178,0.018865872,0.058443934,0.051303916,0.026020253,0.043720428,0.01761964,0.025911923,0.04035212,0.010730039,0.029540444,0.027702015,0.03642614,0.07493934,0.019405961,0.037646882,0.017550495,0.020068908,0.025982251,0.021853397,0.035343256,2024-04-03 15:09:00
0.025052032,0.041168373,0.029888634,0.022876903,0.025062982,0.018594401,0.019645356,0.029485675,0.015899668,0.04653241,0.029063687,0.041259628,0.035290115,0.054605164,0.042806875,0.025899652,0.013610375,0.037856933,0.02402241,0.036109302,0.049126383,0.026446998,0.030151218,0.032543097,0.012589426,0.02684758,0.037077058,0.02946325,2024-04-03 15:10:00
0.02366556,0.03653571,0.029122788,0.019819062,0.02142129,0.023378745,0.027069906,0.019946218,0.016263546,0.04551966,0.019212395,0.033646934,0.03016022,0.021677198,0.05047672,0.016905049,0.018952994,0.031451203,0.039377898,0.042296156,0.0744475,0.03555349,0.029883241,0.025220197,0.020639706,0.020937422,0.06417324,0.033156756,2024-04-03 15:11:00
0.023856167,0.032089204,0.029639442,0.012130433,0.04034193,0.015143137,0.022230526,0.01256074,0.016254969,0.05105539,0.031455033,0.024853267,0.040440746,0.016856926,0.024551209,0.017285606,0.023308542,0.042873137,0.039439544,0.036138557,0.0769519,0.117162906,0.021351373,0.0126131745,0.02130082,0.022630706,0.023371493,0.031011734,2024-04-03 15:12:00
0.018323211,0.045430522,0.026456447,0.013216707,0.020331318,0.031367883,0.022263777,0.016600858,0.021337058,0.06242285,0.023371486,0.034950685,0.052017532,0.017460022,0.027370732,0.022447318,0.02091075,0.024248973,0.040816676,0.04986794,0.07633049,0.03970025,0.016308023,0.020069094,0.018112268,0.029584069,0.026431093,0.03781988,2024-04-03 15:13:00
0.022687169,0.044604257,0.030944139,0.02366011,0.024190878,0.018323036,0.02470629,0.020532401,0.02090246,0.039055865,0.027337972,0.030867863,0.03980911,0.02494906,0.0317441,0.01884137,0.0113837365,0.033736873,0.028457621,0.03636205,0.071966544,0.01957748,0.016832951,0.017387083,0.012087209,0.031912208,0.031774376,0.03594221,2024-04-03 15:14:00
0.021760676,0.024969334,0.028753664,0.013211058,0.02426557,0.014846369,0.031311005,0.025360942,0.009699927,0.058168937,0.041428287,0.028447375,0.03622076,0.02847424,0.027686702,0.021852244,0.011716245,0.028525606,0.03884071,0.044513647,0.07142107,0.019183021,0.0264274,0.026612226,0.03626292,0.025644973,0.01625841,0.036911443,2024-04-03 15:15:00
0.032361247,0.029990528,0.029990572,0.10657619,0.023832131,0.022960115,0.018132335,0.021178624,0.010183602,0.06973426,0.04813443,0.030050278,0.041777402,0.014253359,0.032919355,0.029397605,0.010520235,0.030974774,0.04275516,0.04499789,0.0805396,0.022893714,0.024922334,0.017862288,0.009128407,0.027955985,0.026539346,0.018679632,2024-04-03 15:16:00
0.022386074,0.03853912,0.031363856,0.017437093,0.028358968,0.018719275,0.020901738,0.021770708,0.024648994,0.03770435,0.032274786,0.038164623,0.03071778,0.029044606,0.020422224,0.023596853,0.01582441,0.02575264,0.041734513,0.045147013,0.057397474,0.015736742,0.019695234,0.023027603,0.018013446,0.030790636,0.042809665,0.033560947,2024-04-03 15:17:00
0.021151345,0.033904158,0.021682397,0.017020265,0.016478136,0.01638499,0.026390517,0.014104068,0.023787849,0.047203947,0.026392,0.026633216,0.044918872,0.03486277,0.020959664,0.038115703,0.011313294,0.028922899,0.018517409,0.03622819,0.05761908,0.018791296,0.018676504,0.020164791,0.015159071,0.028479021,0.029635841,0.043758545,2024-04-03 15:18:00
0.03368103,0.035164278,0.01936597,0.018291395,0.022687752,0.016520094,0.029123284,0.024755659,0.031069083,0.043275554,0.025045497,0.022011334,0.035313003,0.02704852,0.01740828,0.013434702,0.00703124,0.034696296,0.038436495,0.044894006,0.027590577,0.019787537,0.027014935,0.023632275,0.012087174,0.028957456,0.024132852,0.03564092,2024-04-03 15:19:00
0.026876384,0.034103666,0.02637504,0.02497031,0.016538424,0.031831376,0.02129357,0.01970549,0.024792867,0.051504735,0.03407968,0.027266275,0.030888755,0.02770454,0.03183511,0.022190418,0.016537156,0.037149727,0.049063876,0.053328577,0.030629503,0.03875826,0.024777262,0.018087864,0.018605672,0.038315307,0.012834565,0.02801374,2024-04-03 15:20:00
0.023261659,0.044991855,0.02222124,0.028241843,0.014848321,0.0201895,0.24461982,0.033684652,0.041191667,0.055825647,0.033406753,0.02770005,0.030934772,0.029897891,0.043013062,0.02477987,0.028815627,0.029926475,0.035445612,0.036473405,0.054413386,0.035321157,0.020610854,0.017287523,0.3329901,0.026138624,0.017372886,0.030538445,2024-04-03 15:21:00
0.021917013,0.019229813,0.022268606,0.01905258,0.016992403,0.021842776,0.030594595,0.02034536,0.038025297,0.046557587,0.03504502,0.02859011,0.045462705,0.041462332,0.012510979,0.014134066,0.009352804,0.015860096,0.029474463,0.04422935,0.054600053,0.022159342,0.019402005,0.032500327,0.018096508,0.043482814,0.026836168,0.030673528,2024-04-03 15:22:00
0.022890339,0.03074152,0.03399285,0.02618222,0.02916461,0.020547697,0.02322871,0.0145544335,0.02952965,0.03907228,0.021357264,0.028675,0.034906816,0.028699655,0.03918772,0.023558445,0.015436172,0.040923484,0.046273455,0.044769607,0.049713142,0.026545042,0.023636872,0.01653315,0.026062645,0.034316223,0.032222535,0.035820305,2024-04-03 15:23:00
0.02376448,0.018319061,0.025801104,0.021544185,0.025675233,0.016607355,0.021815619,0.020647973,0.029273855,0.04309155,0.03185093,0.03408447,0.043883577,0.038093306,0.03076607,0.012161404,0.018717945,0.031557612,0.017841566,0.040863004,0.047695037,0.02432573,0.017540488,0.02658297,0.020897795,0.031260047,0.03239396,0.027851257,2024-04-03 15:24:00
0.06478354,0.036465395,0.034375284,0.035455517,0.029875347,0.019219916,0.031202015,0.019750843,0.021538261,0.05580172,0.047132794,0.03654461,0.043737076,0.03547742,0.019585416,0.014009628,0.022580791,0.029415213,0.03159482,0.044453446,0.045370914,0.029948175,0.03443536,0.047352646,0.02237455,0.035086688,0.03030823,0.032501765,2024-04-03 15:25:00
0.020932656,0.041528627,0.022331057,0.01846111,0.026348792,0.02637531,0.021238493,0.018905625,0.031406034,0.052802145,0.022002326,0.04099869,0.028270725,0.025075745,0.025005119,0.023024524,0.013020476,0.033504978,0.02250235,0.065114394,0.045903604,0.02405676,0.017431991,0.020590022,0.035403416,0.02371993,0.025115425,0.029553864,2024-04-03 15:26:00
0.024100093,0.03424082,0.018429462,0.037312463,0.019415887,0.024624836,0.019165635,0.02056748,0.03902401,0.061121657,0.033153664,0.029601038,0.030290704,0.033840038,0.011836056,0.014436063,0.0115285395,0.017522657,0.019110143,0.03879244,0.045881327,0.030726751,0.024597717,0.01888048,0.018575042,0.02920741,0.046676517,0.018663462,2024-04-03 15:27:00
0.021819673,0.04531576,0.031157581,0.03921821,0.020815425,0.017698783,0.020828815,0.033609975,0.022167815,0.07229587,0.029955376,0.025931811,0.032997724,0.022486916,0.014642614,0.023674246,0.010034225,0.031921174,0.043110024,0.044900242,0.045429647,0.019125558,0.01297208,0.018760176,0.024623606,0.03363472,0.027474465,0.03255955,2024-04-03 15:28:00
0.022943893,0.033902433,0.030800026,0.018671386,0.03201434,0.022280274,0.019985992,0.022088625,0.039520048,0.06072052,0.023274869,0.027724598,0.033700854,0.039434426,0.01647265,0.029098306,0.037837233,0.03959734,0.042150196,0.045096915,0.05200236,0.08571686,0.023070913,0.01761282,0.017621009,0.03224037,0.027418584,0.0349829,2024-04-03 15:29:00
0.022411197,0.03339918,0.02828528,0.029486954,0.023080919,0.019118812,0.02333043,0.017073045,0.022886543,0.03367564,0.042077787,0.025306106,0.03733733,0.03787434,0.024143651,0.015624694,0.01664087,0.03347944,0.025410619,0.039538965,0.047664005,0.028391214,0.01747726,0.02100797,0.019996775,0.02948513,0.02706028,0.031235851,2024-04-03 15:30:00
0.021177853,0.03706433,0.023607675,0.024222344,0.0317279,0.01555601,0.014955685,0.02587494,0.032714937,0.054074496,0.040099677,0.025096912,0.03940018,0.031069139,0.021337075,0.02161083,0.01899601,0.029187141,0.041124552,0.04513593,0.04176661,0.020752782,0.0785635,0.024567658,0.01971831,0.032396194,0.030107696,0.031739395,2024-04-03 15:31:00
0.5323208,0.036112193,0.021624848,0.038694028,0.022556042,0.015429656,0.022178905,0.022309458,0.031086361,0.056295536,0.022497982,0.035816472,0.036158897,0.030421982,0.019994147,0.024189563,0.02083269,0.014789507,0.01909494,0.03627149,0.047745924,0.018478297,0.026733547,0.025144037,0.017874273,0.034154955,0.0269916,0.028712688,2024-04-03 15:32:00
0.023601819,0.016185677,0.022528525,0.02870743,0.020998854,0.022593867,0.015840555,0.022172049,0.021333659,0.06660973,0.044145554,0.03381136,0.035710998,0.028940262,0.021562956,0.018986292,0.034042597,0.029684413,0.028122129,0.03696137,0.05637986,0.024752622,0.011667206,0.023068612,0.021205777,0.030987898,0.026752459,0.032438286,2024-04-03 15:33:00
0.026992975,0.041500106,0.014897289,0.030213295,0.021633713,0.015128788,0.029827181,0.016030937,0.024369791,0.06779652,0.19034119,0.03472586,0.038353723,0.06262762,0.011861277,0.020850776,0.02730034,0.024915816,0.026578981,0.044985764,0.048879992,0.019830441,0.022175498,0.015677838,0.093986385,0.03893005,0.02552782,0.040070783,2024-04-03 15:34:00
0.026879298,0.02880522,0.027485322,0.03192654,0.026221665,0.017689375,0.027528854,0.02157753,0.032415774,0.04651225,0.030158402,0.026643833,0.032689404,0.029984243,0.022479171,0.01322259,0.022037623,0.03536329,0.021338494,0.036818147,0.05043538,0.03562922,0.02309344,0.028505106,0.022212071,0.02143632,0.030331926,0.028481085,2024-04-03 15:35:00
0.023701973,0.02430075,0.025439998,0.01452516,0.018957887,0.016925102,0.01853973,0.019298624,0.02377449,0.050441835,0.027119676,0.04284088,0.04325234,0.024122495,0.02470367,0.016180675,0.01705175,0.03711697,0.030728564,0.03571434,0.04784554,0.019504843,0.028659852,0.013990054,0.014487788,0.030948518,0.04189956,0.0348416,2024-04-03 15:36:00
0.027909711,0.03796107,0.028722454,0.01688616,0.022686578,0.021610558,0.023053668,0.018814174,0.028362324,0.055851627,0.03614462,0.03267832,0.04363102,0.035821114,0.02467596,0.025215745,0.01392726,0.01988076,0.02900538,0.048062343,0.045183163,0.019419659,0.024082681,0.05253453,0.022492854,0.029496355,0.046793826,0.039763562,2024-04-03 15:37:00
0.024563894,0.031275075,0.022116316,0.032092854,0.023483401,0.038286652,0.020569056,0.018318908,0.028569678,0.04618611,0.038170513,0.04353481,0.026985724,0.022939801,0.016805781,0.01754378,0.017118014,0.030738914,0.035896383,0.03754069,0.055976905,0.032167163,0.01190447,0.01774418,0.014442161,0.033354413,0.03682519,0.019196987,2024-04-03 15:38:00
0.024244418,0.035237145,0.025508614,0.051197406,0.027788443,0.024057595,0.014732212,0.026730735,0.02503744,0.061744742,0.04247553,0.028729657,0.034128282,0.025082797,0.022065992,0.021069048,0.0054936786,0.02999554,0.04504014,0.045110695,0.050129585,0.009250091,0.020893747,0.024055513,0.014436584,0.02796657,0.03369415,0.029111294,2024-04-03 15:39:00
0.025249781,0.028648773,0.023679506,0.02378939,0.02038619,0.028571252,0.024079507,0.02396948,0.030922111,0.043741792,0.026649388,0.026573256,0.028055675,0.020169685,0.014246969,0.015610155,0.025467006,0.03276676,0.038005106,0.045772463,0.05464796,0.03388768,0.024622267,0.020343387,0.023973485,0.029726919,0.034603525,0.029598253,2024-04-03 15:40:00
0.023781931,0.039074976,0.031097524,0.0552625,0.02544807,0.022073805,0.020371517,0.034952916,0.03243726,0.03940265,0.034598745,0.032600082,0.040968057,0.020573746,0.025529131,0.009630686,0.0064222706,0.026523914,0.03321785,0.04489999,0.047846887,0.01564685,0.039300982,0.028653972,0.014788241,0.04049775,0.03299323,0.033433925,2024-04-03 15:41:00
0.030574778,0.013104491,0.03674438,0.025848843,0.024025794,0.019280385,0.023098273,0.021476492,0.029933462,0.056380488,0.037420884,0.03198196,0.05247394,0.041608468,0.024358995,0.015585595,0.017721327,0.020616649,0.058075078,0.043058187,0.05034167,0.022252189,0.023138715,0.02568477,0.019176751,0.036754087,0.036910452,0.040742323,2024-04-03 15:42:00
0.02411117,0.033279862,0.025786104,0.02508328,0.025334358,0.053167492,0.022313412,0.033282883,0.022922527,0.046375897,0.034085434,0.023211524,0.041169744,0.033743378,0.021565212,0.014703734,0.010948909,0.03366806,0.017552773,0.037422206,0.036931816,0.02354821,0.02645944,0.042904586,0.016747389,0.038781606,0.03972194,0.021692704,2024-04-03 15:43:00
0.038298607,0.039266683,0.034280732,0.029542001,0.022949599,0.025061127,0.018140612,0.019231346,0.027151145,0.051576275,0.03838856,0.041281004,0.04330094,0.034264594,0.024553062,0.012055667,0.022553673,0.033828516,0.029923778,0.03934786,0.051933285,0.02902115,0.020122584,0.026194638,0.01797701,0.034964364,0.032398865,0.035643198,2024-04-03 15:44:00
0.024679808,0.035909463,0.024062857,0.024479534,0.01912564,0.0253831,0.02290377,0.018866852,0.021909501,0.064831905,0.037413463,0.02549341,0.035397798,0.038222108,0.04795951,0.013823987,0.011959869,0.02676619,0.029286433,0.035728034,0.04743962,0.05475771,0.02088039,0.025690371,0.014773658,0.031245371,0.034853645,0.037188575,2024-04-03 15:45:00
0.022667466,0.03676769,0.03634832,0.024090564,0.029098533,0.016130274,0.022185018,0.025250126,0.024700752,0.0620589,0.030814812,0.027000865,0.03571828,0.027895777,0.044665806,0.024853803,0.012693593,0.02238384,0.020447321,0.048169136,0.043796375,0.018507011,0.028710552,0.02292544,0.022321554,0.040556654,0.034546833,0.034992326,2024-04-03 15:46:00
0.02702571,0.03353714,0.030036699,0.012703328,0.022759,0.026107768,0.01920968,0.023817398,0.02578467,0.0491207,0.02460272,0.025502736,0.044577908,0.01994589,0.014990441,0.023069115,0.012565614,0.022007322,0.037234932,0.045692325,0.045890428,0.015957044,0.008166709,0.026514834,0.011661911,0.044491798,0.029809415,0.033391275,2024-04-03 15:47:00
0.026097346,0.01812352,0.02567494,0.024962028,0.018426036,0.020490203,0.06615552,0.021151004,0.029131252,0.05386188,0.03473751,0.030874548,0.025800034,0.020654645,0.038489997,0.020062556,0.0139602255,0.040202867,0.047228307,0.045318317,0.07390325,0.022073068,0.018552301,0.017712692,0.014767647,0.03313769,0.054503314,0.033718724,2024-04-03 15:48:00
0.026212303,0.031753752,0.029729033,0.022014188,0.01910866,0.018777406,0.022194406,0.026683107,0.029257933,0.04288206,0.037310712,0.030582305,0.045370523,0.032997984,0.019079495,0.02197216,0.0094637135,0.030458277,0.023272416,0.04611671,0.04284813,0.019791298,0.025626922,0.02227188,0.014188948,0.03388541,0.03478905,0.0336594,2024-04-03 15:49:00
0.026129182,0.031508863,0.033526655,0.051920913,0.0435529,0.031376027,0.020083055,0.020700978,0.027523158,0.03655769,0.025632596,0.027176743,0.03362591,0.023248104,0.018760487,0.017753707,0.013661133,0.038612872,0.035836454,0.038636293,0.04370751,0.027126037,0.021955986,0.024834171,0.022421835,0.043504033,0.046266,0.03453995,2024-04-03 15:50:00
0.0359451,0.032269478,0.024040505,0.02054301,0.017582543,0.033844758,0.016513025,0.021094425,0.02200311,0.059810765,0.03491803,0.027245184,0.033265345,0.031682074,0.016270569,0.024869623,0.013117044,0.03842629,0.033132628,0.040135335,0.04450047,0.027412029,0.025383072,0.029898053,0.01119314,0.026247596,0.044666328,0.0296617,2024-04-03 15:51:00
0.02511903,0.027673738,0.0254719,0.024535332,0.026747515,0.01912118,0.024493426,0.025635889,0.026644778,0.059559435,0.033798438,0.038561363,0.040934626,0.028459169,0.02255099,0.042602267,0.014640604,0.023438653,0.038784415,0.045034435,0.047811773,0.023970392,0.022816062,0.0262186,0.01438453,0.039377358,0.04496511,0.047597226,2024-04-03 15:52:00
0.026932344,0.012620985,0.025957149,0.027804207,0.01792958,0.021336969,0.026624514,0.020037405,0.021194557,0.06754833,0.029887494,0.021080226,0.036998212,0.01810658,0.023684667,0.018956056,0.014995929,0.035154615,0.03998747,0.045062106,0.045827102,0.024533523,0.027031576,0.014882575,0.015237435,0.037795153,0.055391442,0.03159354,2024-04-03 15:53:00
0.024827793,0.039091725,0.040428188,0.016990568,0.027695565,0.022303492,0.01844579,0.023335353,0.022543091,0.047969405,0.03488729,0.031365793,0.031020558,0.03308019,0.04025301,0.0243678,0.017260306,0.027959438,0.029338252,0.046939384,0.0450682,0.08594128,0.02122112,0.03033179,0.01685681,0.026834833,0.039711576,0.038156122,2024-04-03 15:54:00
0.025954038,0.032878827,0.013346063,0.030750226,0.013733327,0.027506554,0.025584845,0.021764325,0.019944178,0.06117295,0.03355481,0.030138334,0.025132589,0.02248309,0.013076125,0.02763202,0.009645271,0.009662918,0.02802427,0.036376506,0.046472285,0.02141251,0.011735086,0.017463783,0.019110903,0.039104085,0.044496205,0.032444935,2024-04-03 15:55:00
0.025805358,0.04484192,0.029643651,0.026345309,0.03126898,0.023961758,0.019435098,0.025186017,0.023914564,0.0416209,0.04129965,0.026207136,0.022473449,0.022299265,0.03096212,0.018491589,0.04039775,0.04678438,0.053201333,0.04490598,0.05377638,0.026351472,0.03623378,0.021259645,0.021111576,0.027823795,0.029488036,0.034419786,2024-04-03 15:56:00
0.031365935,0.04911062,0.018038869,0.022269724,0.02173506,0.026953313,0.027174143,0.017741788,0.040890023,0.057249427,0.036756832,0.031156061,0.04005616,0.024128633,0.013450593,0.0257819,0.020367257,0.032587018,0.027235657,0.04395294,0.039568014,0.021874413,0.009561496,0.025996927,0.023377802,0.030989336,0.035840966,0.030556785,2024-04-03 15:57:00
0.02553586,0.03537264,0.02771168,0.020695293,0.032656044,0.033300165,0.015771827,0.027606098,0.025044193,0.052365705,0.030128319,0.02130477,0.046182007,0.019543534,0.015279432,0.021164833,0.029623052,0.034762997,0.054642785,0.039784618,0.054928698,0.024050219,0.018964706,0.028011028,0.021515666,0.040304456,0.02816806,0.012553416,2024-04-03 15:58:00
0.033228353,0.034789205,0.023976136,0.035538264,0.03017428,0.050313342,0.03920795,0.02283258,0.023854172,0.05532489,0.039650373,0.028807946,0.043482922,0.023055617,0.0156435,0.023340292,0.013623054,0.029231729,0.017303701,0.045005545,0.05337163,0.022145564,0.030322017,0.02031606,0.019549064,0.03235033,0.01562652,0.037589222,2024-04-03 15:59:00
0.024770942,0.03868866,0.024755359,0.021051351,0.020860823,0.019718952,0.023591423,0.02050655,0.019839201,0.048522078,0.051731747,0.020623818,0.036935594,0.03204947,0.046056703,0.010572152,0.025945311,0.037649624,0.04348242,0.039772026,0.050010365,0.02970654,0.019585049,0.018543387,0.014944437,0.023510689,0.021803852,0.028073566,2024-04-03 16:00:00
0.026044482,0.07652331,0.027597545,0.026467735,0.030895233,0.025857214,0.02719892,0.016330678,0.01389162,0.038069274,0.03806887,0.02262509,0.035440665,0.022233281,0.019515663,0.011720083,0.025209868,0.020966578,0.0453434,0.06666392,0.047839675,0.020206956,0.02358616,0.04061001,0.025574207,0.035007745,0.08012621,0.034132116,2024-04-03 16:01:00
0.024278725,0.03275902,0.03337095,0.019852338,0.020146197,0.034718465,0.026760943,0.021348054,0.022226963,0.051174626,0.03169302,0.019827364,0.03643492,0.02380198,0.0182742,0.024672082,0.0237388,0.039094325,0.045734912,0.044912584,0.051395524,0.12078769,0.02986603,0.029387372,0.021083143,0.02811148,0.020677894,0.032402415,2024-04-03 16:02:00
0.02535027,0.04079031,0.031859707,0.028028857,0.019649466,0.02808755,0.03151956,0.023122838,0.021300027,0.056546,0.02744209,0.035948172,0.028912833,0.020253027,0.041664194,0.024254475,0.03287812,0.03602442,0.048662603,0.045063794,0.044815805,0.018431202,0.027942535,0.03158982,0.01671419,0.031879187,0.016328858,0.037470046,2024-04-03 16:03:00
0.024819735,0.011040099,0.020968746,0.013214008,0.019158399,0.029788017,0.20685154,0.018274907,0.020126354,0.058833558,0.037739426,0.036080096,0.038928635,0.014391557,0.051426537,0.023213921,0.024273548,0.04094191,0.04587118,0.03699909,0.028848574,0.021126913,0.024906352,0.031175302,0.025120435,0.03731702,0.039053082,0.036693003,2024-04-03 16:04:00
0.023398692,0.12599662,0.022971064,0.029684504,0.027632216,0.021029921,0.024836332,0.019932913,0.021665983,0.05750192,0.039112706,0.0243716,0.034751046,0.018452575,0.046848197,0.02365227,0.024146294,0.024389884,0.039265033,0.04486063,0.05937298,0.016123444,0.025218327,0.026427763,0.018164804,0.037970893,0.020561751,0.033410188,2024-04-03 16:05:00
0.04336998,0.034269497,0.02368989,0.02839706,0.020881247,0.031100092,0.024140613,0.01753227,0.0139124645,0.05722359,0.027177494,0.038929097,0.039924707,0.019538287,0.011972886,0.02923266,0.021353433,0.029425174,0.03506305,0.043821137,0.06311506,0.023333123,0.014580176,0.016220089,0.022979753,0.029128976,0.02392564,0.03411891,2024-04-03 16:06:00
0.025964191,0.029184625,0.023053994,0.021989701,0.028979437,0.036833167,0.021686722,0.016391288,0.03006065,0.057541445,0.028919064,0.032484602,0.04049552,0.025544466,0.011775911,0.02796325,0.057695687,0.03391382,0.037604444,0.044969615,0.05536475,0.031881623,0.023279691,0.018172093,0.01886599,0.03290679,0.026134819,0.04297573,2024-04-03 16:07:00
0.05676398,0.025778428,0.028584696,0.016981347,0.021829955,0.029190892,0.02916441,0.018564131,0.07061973,0.061805274,0.026637789,0.026346397,0.035955556,0.023516044,0.019611252,0.026834171,0.015112159,0.03325752,0.04194957,0.044867393,0.043209717,0.019160053,0.026965743,0.018775253,0.014069935,0.040070184,0.035403613,0.03040307,2024-04-03 16:08:00
0.024132365,0.0555588,0.01843252,0.054985337,0.032096356,0.027697448,0.024339257,0.024349289,0.0254212,0.06334154,0.035462983,0.02453022,0.02328407,0.024223743,0.034991715,0.024040706,0.03154864,0.035111435,0.040468045,0.044888966,0.056604523,0.020478135,0.026259337,0.020545684,0.017406447,0.027956244,0.025795138,0.040868673,2024-04-03 16:09:00
0.025187189,0.06334596,0.029946698,0.026918247,0.018027557,0.028366864,0.017231086,0.022297261,0.028660215,0.039896794,0.031254534,0.03866491,0.03231704,0.036530606,0.025754424,0.011747326,0.032304797,0.03933357,0.04887041,0.036374815,0.03891305,0.025150629,0.02271103,0.03046813,0.012567262,0.039242115,0.024023727,0.036256276,2024-04-03 16:10:00
0.02602486,0.037195187,0.026843831,0.031344544,0.054355152,0.030863518,0.02033731,0.023262974,0.017944654,0.056258664,0.03573024,0.02596626,0.041745648,0.016855208,0.042011827,0.025159054,0.027410101,0.039218824,0.044726808,0.043316383,0.05524955,0.03832447,0.010133193,0.01619997,0.024303805,0.030255107,0.011420698,0.03468564,2024-04-03 16:11:00
0.024109956,0.033762205,0.0153461,0.018161124,0.020292522,0.028543,0.031352814,0.028145725,0.029410563,0.053050727,0.031746145,0.025509985,0.034917638,0.044855252,0.019664995,0.017725246,0.015497788,0.023145702,0.03200464,0.040384762,0.051446322,0.024165234,0.01901555,0.044126503,0.012964415,0.03152456,0.02190007,0.031116076,2024-04-03 16:12:00
0.022255955,0.03300676,0.013230068,0.044648387,0.022927951,0.033291537,0.026037002,0.017276917,0.01626082,0.06361748,0.025761584,0.030603189,0.03967942,0.042372007,0.028231677,0.019660935,0.01146597,0.026398834,0.043849304,0.044843145,0.071522586,0.040369518,0.029263478,0.030349232,0.013495311,0.030317014,0.035203155,0.033142388,2024-04-03 16:13:00
0.023710422,0.02979536,0.016492305,0.03638134,0.02304839,0.026656456,0.021005612,0.023227857,0.04935967,0.05320855,0.042089216,0.030793505,0.042285066,0.0156119885,0.029626735,0.02288488,0.012324045,0.021176891,0.041304674,0.036416866,0.048465937,0.021446412,0.025145216,0.013265732,0.019252477,0.036410563,0.022217946,0.038310077,2024-04-03 16:14:00
0.032562405,0.028692057,0.026046777,0.030609462,0.025969211,0.036057282,0.0515089,0.020765657,0.024386005,0.05860343,0.027480954,0.024259767,0.035918467,0.040928047,0.03979702,0.046719335,0.01931006,0.027404334,0.048741125,0.036454577,0.04857498,0.02755606,0.014407163,0.044974867,0.02394106,0.033149138,0.034454577,0.027638223,2024-04-03 16:15:00
0.020088019,0.03208668,0.022228746,0.03513947,0.037765063,0.031150984,0.027000356,0.017908802,0.019717481,0.056427315,0.032698017,0.031495407,0.029875401,0.026977409,0.039964177,0.012396779,0.021085966,0.025859911,0.04212368,0.05860828,0.054142818,0.03226192,0.013834846,0.015388334,0.019952102,0.02852366,0.017548006,0.02954833,2024-04-03 16:16:00
0.025100185,0.03173053,0.018161837,0.034664687,0.019824913,0.0427907,0.026072398,0.022182014,0.022032369,0.045645278,0.0378789,0.028324226,0.037693914,0.04531233,0.016624104,0.021013,0.012746787,0.031609986,0.046655603,0.04896613,0.057435118,0.022309456,0.030136796,0.015614657,0.009235624,0.028423494,0.017295236,0.033834394,2024-04-03 16:17:00
0.024293048,0.029369434,0.02260307,0.024941292,0.018967828,0.032296333,0.028715499,0.012091006,0.023099765,0.050954342,0.046507396,0.030294864,0.025553737,0.022210669,0.014893216,0.018554758,0.020102011,0.028383214,0.021294054,0.03645492,0.05034291,0.028023418,0.010868372,0.013602489,0.022222308,0.02757771,0.022010654,0.03878797,2024-04-03 16:18:00
0.026781803,0.021127392,0.020386666,0.02709671,0.02037535,0.022802487,0.020489112,0.016450375,0.017122703,0.045445245,0.033084318,0.031783994,0.030006057,0.014469205,0.016471984,0.019637061,0.022783663,0.027776135,0.019238854,0.071278825,0.028580446,0.028833345,0.033065185,0.019825984,0.033950876,0.02595272,0.07786559,0.053848974,2024-04-03 16:19:00
0.026423668,0.03150638,0.019888375,0.020726755,0.022066006,0.027179383,0.028634978,0.033368338,0.011932317,0.054185335,0.045339458,0.027248882,0.040808987,0.016231483,0.017904561,0.029127786,0.015980408,0.025831906,0.015647758,0.04020693,0.051213156,0.018234257,0.059998233,0.028515521,0.011022671,0.02743966,0.027203787,0.018584475,2024-04-03 16:20:00
0.02562997,0.056105465,0.0277068,0.03503999,0.032887377,0.036300875,0.029584356,0.01998607,0.020487309,0.039916813,0.034181572,0.02369565,0.03716704,0.029378578,0.014165393,0.05615853,0.011142762,0.017048856,0.035242327,0.044849556,0.047583472,0.022248302,0.0325664,0.016629053,0.013425415,0.03918217,0.022842094,0.037224177,2024-04-03 16:21:00
0.024916397,0.031575825,0.020040585,0.06063819,0.0205516,0.10533525,0.018838478,0.01960946,0.021502746,0.05232671,0.03484978,0.025567798,0.041361757,0.027068347,0.021266231,0.027777443,0.018146822,0.028244995,0.018257234,0.04513055,0.048906725,0.018220283,0.010162985,0.020936329,0.014546291,0.027775398,0.037411917,0.048794266,2024-04-03 16:22:00
0.05741244,0.033237312,0.022996634,0.07863569,0.025453271,0.023414379,0.019965861,0.018487534,0.030906748,0.0730227,0.039477885,0.034508586,0.029362379,0.023588296,0.042510964,0.020688307,0.014713611,0.032760557,0.04262723,0.0451323,0.047746338,0.018463915,0.02029308,0.04692706,0.01897185,0.03590831,0.11315081,0.034123108,2024-04-03 16:23:00
0.027713044,0.035418395,0.015318528,0.05192377,0.02022898,0.025421377,0.023682188,0.019906364,0.027008886,0.045971297,0.020312384,0.0322233,0.04321224,0.02000318,0.015735528,0.022004614,0.025481282,0.03890973,0.015404041,0.04519606,0.04693522,0.024429303,0.024283439,0.017660672,0.020437213,0.039226174,0.024035562,0.036342673,2024-04-03 16:24:00
0.029020255,0.016349582,0.027270379,0.030822115,0.034412056,0.023071248,0.019548671,0.116696,0.015867127,0.053463217,0.043738782,0.020572528,0.039542392,0.029619407,0.04907357,0.018667974,0.01845816,0.028055705,0.039456237,0.044967588,0.04573444,0.0227902,0.024230273,0.023342775,0.017714156,0.03334294,0.01790542,0.03133665,2024-04-03 16:25:00
0.025618574,0.03436941,0.02647656,0.045909226,0.022423096,0.025154302,0.019255206,0.021317532,0.018625194,0.06427301,0.035320718,0.032351278,0.036221866,0.020955537,0.037159555,0.023275051,0.022386232,0.025126616,0.03339279,0.053756587,0.04295045,0.022622047,0.018181883,0.017699828,0.015497114,0.02804597,0.027038924,0.02837212,2024-04-03 16:26:00
0.026469007,0.029339574,0.020698678,0.04275216,0.021907067,0.031123724,0.020051733,0.024600724,0.015483991,0.044476334,0.03645981,0.031228002,0.030667268,0.01695468,0.019910624,0.018862104,0.01838318,0.036094632,0.036413148,0.04447515,0.04462877,0.020746533,0.011584588,0.021045662,0.024203952,0.023589952,0.042004067,0.030379133,2024-04-03 16:27:00
0.025611404,0.028132817,0.031581797,0.036615822,0.009723266,0.022573272,0.014300964,0.020670755,0.02572084,0.04544186,0.035957072,0.028769363,0.0313293,0.03537454,0.01785968,0.020987585,0.01509076,0.03479501,0.03932223,0.045022357,0.05337149,0.011352379,0.016988942,0.013952718,0.0070901667,0.03772889,0.01755544,0.03382779,2024-04-03 16:28:00
0.02374474,0.035869822,0.01233359,0.030773705,0.022180935,0.025458084,0.021285135,0.022796633,0.022405615,0.051105488,0.029557796,0.029634025,0.031249749,0.022433475,0.01901814,0.026020383,0.015096904,0.027118715,0.027003728,0.044842646,0.047023807,0.015722016,0.023535699,0.019160405,0.02100952,0.025207272,0.028367244,0.034338318,2024-04-03 16:29:00
0.025177578,0.03987368,0.028717095,0.02989479,0.021016253,0.032972842,0.021540862,0.021296239,0.022042723,0.04960484,0.04351024,0.029860016,0.038211953,0.018069819,0.017853733,0.0249951,0.019586083,0.03368323,0.039249714,0.040525153,0.047795128,0.017335687,0.022575792,0.022536326,0.027044537,0.031268734,0.028460046,0.033592515,2024-04-03 16:30:00
0.027650436,0.035578642,0.026166959,0.029999973,0.028246088,0.02469229,0.063912384,0.014980355,0.023247361,0.06319402,0.036203552,0.028216727,0.035525575,0.023265945,0.01627397,0.028747385,0.019379867,0.032779578,0.0326267,0.045428704,0.049562957,0.017475147,0.020577211,0.022252517,0.015361528,0.026281504,0.03148706,0.034786347,2024-04-03 16:31:00
0.027913481,0.036109336,0.020489369,0.028480703,0.026189853,0.036822706,0.03146179,0.024759121,0.031211827,0.050737496,0.035261173,0.024446242,0.03692512,0.019122552,0.015504538,0.05295437,0.014851659,0.026468523,0.036203038,0.0533625,0.06700172,0.021483228,0.020802312,0.014690585,0.017088344,0.03487872,0.016675906,0.035370395,2024-04-03 16:32:00
0.027885849,0.035434403,0.026029944,0.023694692,0.022213845,0.027897978,0.049987815,0.023932979,0.022238398,0.06281756,0.032302912,0.035398457,0.030055828,0.022708902,0.023900302,0.019940522,0.01861344,0.023020294,0.039529823,0.035972875,0.04464335,0.0147866625,0.018439902,0.016122736,0.013087178,0.027103465,0.028715437,0.0267482,2024-04-03 16:33:00
0.029044475,0.014609692,0.027624868,0.006347237,0.028740814,0.028414898,0.031747777,0.021387337,0.020334296,0.060850624,0.03562024,0.042092323,0.03036891,0.03502733,0.032446634,0.012127344,0.01998685,0.021091664,0.04191291,0.0793194,0.04395017,0.036557425,0.010099991,0.023374744,0.018902116,0.045238394,0.0232829,0.028338095,2024-04-03 16:34:00
0.023150325,0.02770816,0.018928872,0.04916428,0.026770692,0.029563077,0.016731521,0.021543866,0.021944603,0.056308646,0.033985324,0.029783651,0.041778944,0.024662646,0.022628196,0.023107493,0.03185017,0.028728671,0.031104688,0.04003728,0.04516358,0.03237609,0.020749582,0.020477196,0.018112175,0.029588051,0.036482837,0.01566859,2024-04-03 16:35:00
0.024989067,0.031357896,0.018070411,0.05013422,0.020409487,0.03277384,0.016051888,0.022543192,0.021030992,0.05941971,0.045500405,0.022416696,0.04610671,0.024490701,0.030899944,0.027148573,0.0112047605,0.025361642,0.02817432,0.04492331,0.04378252,0.015121149,0.018001081,0.019679964,0.018591268,0.036926936,0.026533602,0.03421718,2024-04-03 16:36:00
0.025382597,0.037472934,0.03323479,0.017572563,0.010138207,0.029177383,0.17165011,0.02252013,0.024992282,0.04040639,0.026704017,0.024708824,0.029496856,0.0198538,0.022182932,0.021872247,0.021734793,0.047084056,0.035976037,0.044948913,0.04703001,0.020396383,0.018193826,0.021818018,0.022691227,0.034490608,0.025238018,0.03537993,2024-04-03 16:37:00
0.02539811,0.041918054,0.035386037,0.036106292,0.01585461,0.026897812,0.03291275,0.018828485,0.040631518,0.05998867,0.031583086,0.026792549,0.02646143,0.02450633,0.026967052,0.07047726,0.021659091,0.04132525,0.041778315,0.045193363,0.046865255,0.022512823,0.020699415,0.01819957,0.022606203,0.03052271,0.016125266,0.029844342,2024-04-03 16:38:00
0.03449079,0.033443633,0.034476638,0.026741367,0.02826966,0.030934397,0.015117623,0.012931328,0.031119054,0.056476396,0.03729459,0.027219031,0.035322946,0.02378942,0.024841657,0.02579743,0.013002903,0.023089962,0.036389507,0.04439628,0.045303557,0.020713432,0.01616941,0.016786322,0.023354255,0.03578386,0.026276678,0.035813104,2024-04-03 16:39:00
0.024582256,0.036961872,0.028109787,0.042324696,0.019937936,0.030135386,0.031815812,0.017470604,0.029993039,0.050677113,0.040385544,0.025475873,0.03150888,0.05660348,0.02027317,0.015710361,0.020442827,0.022389114,0.027503781,0.062497716,0.06467331,0.023254054,0.018336417,0.017960673,0.024468226,0.032023598,0.0221361,0.034428086,2024-04-03 16:40:00
0.024834452,0.04247089,0.023539247,0.026079632,0.02100013,0.029976746,0.027028667,0.030694893,0.026221702,0.04739586,0.03989832,0.03511685,0.03307826,0.026474925,0.016951922,0.018092135,0.013092851,0.033096068,0.03760157,0.044873606,0.054677147,0.027978634,0.01759757,0.016977854,0.013014276,0.033161096,0.046780996,0.037006915,2024-04-03 16:41:00
0.035750072,0.01557484,0.018702995,0.053183332,0.025114214,0.039041962,0.024097417,0.021683881,0.026058123,0.064923815,0.049493257,0.026652802,0.026535563,0.027301338,0.027076822,0.02301991,0.0077751763,0.019653412,0.04068545,0.044807144,0.053073805,0.01984289,0.015744932,0.012413775,0.010275454,0.029779462,0.016475376,0.030945987,2024-04-03 16:42:00
0.024619695,0.027086057,0.03155442,0.030495403,0.022204053,0.03685652,0.016571037,0.022888998,0.021141244,0.06355041,0.04399588,0.026604053,0.039117187,0.011510918,0.03300712,0.015721919,0.012875476,0.029526548,0.04126735,0.03618574,0.061678283,0.034049906,0.026655562,0.014086188,0.01055326,0.031979073,0.020797718,0.03776107,2024-04-03 16:43:00
0.0218781,0.035827495,0.012561707,0.03247962,0.020605631,0.02834703,0.024826754,0.020106994,0.024110202,0.061187774,0.036960933,0.026450567,0.042544074,0.023564255,0.028220316,0.007963865,0.012058096,0.02860181,0.03995227,0.04051228,0.055089045,0.012943774,0.015643602,0.018565455,0.013130725,0.029291105,0.01833715,0.034954526,2024-04-03 16:44:00
0.025384193,0.030847374,0.041441616,0.021662934,0.026275445,0.025021987,0.014962511,0.034823973,0.02669971,0.06435168,0.038552962,0.028812313,0.046086166,0.020941813,0.027968353,0.025494149,0.015487559,0.028497832,0.031857166,0.044928756,0.055051036,0.022176778,0.022580683,0.022229299,0.03349835,0.033157002,0.016772863,0.03188508,2024-04-03 16:45:00
0.025186192,0.04184537,0.026420005,0.018130658,0.019611716,0.022484614,0.018793216,0.026750771,0.038897943,0.044098977,0.029066985,0.027700378,0.026061995,0.056855474,0.052764133,0.025089288,0.020512234,0.023182845,0.02080412,0.04494766,0.059738938,0.015822077,0.016271502,0.01793827,0.0082836095,0.039622393,0.024482429,0.033641484,2024-04-03 16:46:00
0.025255075,0.03988293,0.03285404,0.020958915,0.025142137,0.025967145,0.02837044,0.023854082,0.026735008,0.03563399,0.038900096,0.035485115,0.030965503,0.019882772,0.022428809,0.02434657,0.048855547,0.021586472,0.044374693,0.04512555,0.052110326,0.041968945,0.09138062,0.025130231,0.020249143,0.040409934,0.050945554,0.03291034,2024-04-03 16:47:00
0.020964583,0.049970042,0.033137836,0.026314234,0.01615651,0.024514666,0.03248867,0.021470832,0.0273377,0.059823968,0.04420639,0.032220837,0.028465908,0.025994644,0.019567009,0.018433096,0.021705516,0.021970771,0.04359958,0.0448384,0.045218006,0.015328149,0.02964786,0.016888114,0.02467737,0.030167252,0.022577379,0.034654487,2024-04-03 16:48:00
0.025611695,0.033256188,0.025386492,0.03524516,0.019619176,0.03396322,0.025974732,0.02342233,0.023649314,0.057024315,0.02957675,0.03206003,0.032482944,0.021047648,0.015675306,0.027244821,0.010884856,0.013752743,0.03546953,0.04518222,0.0625194,0.01897908,0.022703042,0.024571337,0.020177798,0.029405607,0.028433174,0.026246982,2024-04-03 16:49:00
0.02526346,0.03362537,0.031159764,0.028622214,0.024770686,0.032963257,0.029077206,0.03191814,0.021775791,0.05927488,0.049851038,0.029010808,0.019932806,0.029607596,0.013244674,0.030029172,0.018312214,0.036248937,0.032952245,0.037630007,0.051193118,0.036702804,0.031150213,0.032406986,0.017787153,0.03144684,0.030747592,0.031663872,2024-04-03 16:50:00
0.024293862,0.039767884,0.02120056,0.02887503,0.022460131,0.029968338,0.022895226,0.029011205,0.030129865,0.058853,0.035320703,0.028166091,0.039740074,0.02188417,0.030378312,0.04171261,0.019007938,0.032576162,0.036058053,0.044018704,0.045348134,0.026717503,0.014804529,0.014609838,0.018486042,0.038680263,0.019346124,0.030507408,2024-04-03 16:51:00
0.025646321,0.035104237,0.028865227,0.02564385,0.024196787,0.023957528,0.02849703,0.02321258,0.027912065,0.04546264,0.03536284,0.029570887,0.033562623,0.010755096,0.039156273,0.022387436,0.031490274,0.0293968,0.0354899,0.045087736,0.05042154,0.025981221,0.025248185,0.016575746,0.018019311,0.029479958,0.030177211,0.03531822,2024-04-03 16:52:00
0.026168926,0.021930896,0.021996398,0.01916398,0.020702677,0.028867263,0.018390015,0.033805862,0.020586954,0.062301755,0.029042825,0.03519827,0.032762427,0.02507827,0.030821068,0.020104969,0.017045155,0.03210182,0.029982885,0.06067328,0.04601675,0.02667792,0.011190603,0.020966949,0.014482298,0.021323698,0.027384382,0.027738564,2024-04-03 16:53:00
0.026669916,0.034879874,0.021737428,0.031613924,0.019447835,0.025971029,0.029553747,0.029092843,0.026703965,0.04461888,0.045905538,0.02126817,0.025616422,0.0177746,0.01952787,0.029555183,0.02369054,0.032652836,0.038946565,0.03600983,0.043084837,0.024493398,0.02842739,0.02128009,0.01588029,0.033179685,0.022524338,0.034466814,2024-04-03 16:54:00
0.025435438,0.0435215,0.026598006,0.037226893,0.019436892,0.037194867,0.022489991,0.022620125,0.029935207,0.04447244,0.045028295,0.028574063,0.030250205,0.019140823,0.016472815,0.023996053,0.017948061,0.03375103,0.03502524,0.03800068,0.054882042,0.033563413,0.019891862,0.010236782,0.01011949,0.04109896,0.027136248,0.012974791,2024-04-03 16:55:00
0.026061175,0.04157708,0.016525134,0.03582757,0.02197966,0.026624294,0.025728144,0.030389939,0.03535332,0.058448985,0.041091755,0.025737142,0.03438958,0.020905009,0.019889012,0.025368279,0.0147881275,0.032496795,0.03792309,0.03654767,0.042800494,0.02254249,0.037685473,0.017090613,0.010609917,0.02977824,0.014677749,0.038150314,2024-04-03 16:56:00
0.043462723,0.037712343,0.01612315,0.04154374,0.022736037,0.025405342,0.21403208,0.023366353,0.02720549,0.05657501,0.044565193,0.035828996,0.03719018,0.0197946,0.033975415,0.030473353,0.015093393,0.03169925,0.03340291,0.045199174,0.048618343,0.013874942,0.023193253,0.01713319,0.012375361,0.031680204,0.020976972,0.039449673,2024-04-03 16:57:00
0.026477665,0.044432234,0.030336171,0.029746616,0.014707635,0.033886023,0.022469105,0.025175175,0.02612298,0.042687032,0.03666134,0.027665108,0.0304032,0.031191137,0.022778308,0.024605487,0.017166538,0.04898755,0.042696036,0.04514571,0.051016744,0.029302644,0.061988957,0.11068446,0.013903635,0.036678784,0.07988941,0.032644954,2024-04-03 16:58:00
0.025063308,0.038169544,0.031063082,0.03669619,0.018943854,0.02620639,0.019528808,0.023182647,0.02566238,0.056536596,0.0560742,0.039794,0.028483193,0.103198886,0.015204705,0.019189725,0.028573899,0.04216997,0.038220868,0.045066196,0.0475017,0.008377939,0.025313271,0.020453416,0.022587571,0.034303073,0.06895036,0.03225054,2024-04-03 16:59:00
0.024642136,0.0364087,0.02981599,0.021002986,0.012623556,0.02626524,0.018389795,0.024748016,0.02319554,0.05764398,0.035279263,0.037260905,0.029932326,0.023917472,0.015227124,0.015870813,0.023497194,0.03285958,0.028554453,0.036599506,0.04745541,0.02296231,0.020444842,0.04394609,0.01782595,0.034307197,0.012732793,0.03308845,2024-04-03 17:00:00
0.026974507,0.036487166,0.026530644,0.030526329,0.018649228,0.023500057,0.027840858,0.017580258,0.027774608,0.055001773,0.040190205,0.029664816,0.051538542,0.0855979,0.016695926,0.026655095,0.016906342,0.03317734,0.035526656,0.0448675,0.044024333,0.014202349,0.017834578,0.02199696,0.014886948,0.028082136,0.020555548,0.036642324,2024-04-03 17:01:00
0.029661356,0.032726254,0.026886184,0.035915077,0.022013875,0.028361674,0.026973348,0.037734244,0.025406592,0.05171977,0.02663475,0.03527673,0.043667786,0.036226727,0.030196814,0.015302915,0.010581643,0.036190297,0.034916937,0.041103337,0.041562073,0.024861997,0.030268047,0.034706224,0.022315245,0.029533405,0.051555555,0.039129592,2024-04-03 17:02:00
0.026151793,0.029094938,0.025442814,0.044867612,0.025031105,0.026630862,0.029934183,0.03315677,0.034183465,0.04532856,0.030731846,0.036293037,0.042015105,0.03495211,0.022767698,0.014398186,0.0119322175,0.024911804,0.027652388,0.040761564,0.037966095,0.024229115,0.02737816,0.043337006,0.025140328,0.030420698,0.021638969,0.031050527,2024-04-03 17:03:00
0.026712088,0.02796738,0.031114249,0.03641938,0.02279604,0.02787237,0.021414122,0.020460228,0.025980607,0.03349984,0.033164833,0.030024996,0.036002666,0.021549063,0.01954739,0.020557558,0.013299994,0.029416582,0.03437764,0.03622628,0.041574817,0.018468417,0.03148997,0.021795344,0.009986983,0.032576907,0.022197494,0.03043645,2024-04-03 17:04:00
0.025010198,0.03655324,0.022408722,0.027425144,0.016129809,0.02833241,0.020860832,0.020207442,0.029501209,0.04097562,0.039992776,0.03119349,0.032628417,0.022873022,0.0208824,0.014750653,0.014771579,0.03306132,0.041030485,0.036674928,0.040695865,0.020858375,0.01961693,0.01177914,0.02452928,0.016071938,0.017654892,0.033385355,2024-04-03 17:05:00
0.025012586,0.036868177,0.020165183,0.012142529,0.028173115,0.03554241,0.017623594,0.018786795,0.02555384,0.062101737,0.024690572,0.04471014,0.02820569,0.027445959,0.016374545,0.014148266,0.020529952,0.03358153,0.031478412,0.044561524,0.04601203,0.025102198,0.020018207,0.014327181,0.012174292,0.03139876,0.025318334,0.0321513,2024-04-03 17:06:00
0.024023788,0.039473183,0.01651041,0.031271324,0.02237252,0.042729415,0.019494772,0.021296708,0.024880143,0.046617113,0.049290124,0.03420674,0.020637197,0.037055902,0.03035078,0.0079229195,0.01912104,0.04210362,0.03314061,0.0387592,0.040294196,0.025191998,0.017216468,0.013921339,0.025057916,0.02718084,0.025564285,0.033623345,2024-04-03 17:07:00
0.025323963,0.035615027,0.021538556,0.03247039,0.0208499,0.035580005,0.029132493,0.02850308,0.023038164,0.05621193,0.04353554,0.026505772,0.033575978,0.015432258,0.023138653,0.026058404,0.012933561,0.018602263,0.03618408,0.044833317,0.039521076,0.021123124,0.024876319,0.018499104,0.01592514,0.029337062,0.0208399,0.031560425,2024-04-03 17:08:00
0.021168835,0.038858656,0.02387738,0.017663071,0.016830778,0.018590286,0.023306143,0.017299054,0.024453778,0.062340137,0.054064397,0.025373586,0.033563945,0.020230073,0.011609797,0.027157025,0.014397198,0.032105777,0.027810393,0.07643603,0.02640529,0.023007194,0.043123875,0.017484413,0.02736918,0.03183979,0.03372785,0.033822086,2024-04-03 17:09:00
0.024439896,0.04771235,0.036388937,0.03285643,0.024750132,0.031130945,0.025354404,0.021463798,0.024388568,0.04388313,0.05034256,0.030254288,0.04746815,0.028420467,0.018445725,0.027647644,0.032146808,0.039547827,0.03789892,0.044921897,0.040508952,0.020308103,0.07759681,0.019368827,0.01710191,0.027426865,0.021180417,0.037357487,2024-04-03 17:10:00
0.023927813,0.032873984,0.019614927,0.026731363,0.021465622,0.033248615,0.029802013,0.030414872,0.01974304,0.039116323,0.046419583,0.03186707,0.03143071,0.025252696,0.034828007,0.023972578,0.01346682,0.025310816,0.031693656,0.06390369,0.04073607,0.03533511,0.01569184,0.020312715,0.014040085,0.035296943,0.026071254,0.033017706,2024-04-03 17:11:00
0.024718497,0.046283808,0.024292747,0.030624729,0.020701353,0.027725723,0.026074493,0.026680823,0.022640878,0.05961195,0.035895143,0.030194124,0.03739926,0.020363802,0.035325132,0.059284396,0.015697848,0.031830266,0.033830136,0.05900113,0.015512722,0.031909518,0.016441943,0.019523673,0.02523948,0.026518492,0.018001745,0.035088368,2024-04-03 17:12:00
0.025293473,0.0389653,0.026729114,0.027394816,0.029579122,0.024222363,0.020769492,0.014879264,0.025169114,0.054218844,0.03972472,0.027151084,0.029805597,0.019650374,0.019602356,0.020247098,0.011535367,0.017883947,0.03617113,0.036671337,0.045191925,0.023004226,0.024942748,0.010004007,0.017904047,0.029342841,0.026407376,0.025128366,2024-04-03 17:13:00
0.036025465,0.037932374,0.029865326,0.02832335,0.031501513,0.022542669,0.18832675,0.023100277,0.026231747,0.06532125,0.042337354,0.036207035,0.024365393,0.03084153,0.030777562,0.0196099,0.010984337,0.024462095,0.031486362,0.036233198,0.038983885,0.02207821,0.024540208,0.022002777,0.01946216,0.03380035,0.027038911,0.03319141,2024-04-03 17:14:00
0.024917098,0.034695406,0.03976307,0.023291035,0.033678528,0.022883233,0.02300203,0.0257369,0.028315559,0.05518667,0.035392918,0.022120144,0.019968854,0.019040992,0.029432677,0.009234952,0.017812626,0.03399831,0.035496242,0.044877555,0.044940628,0.017857078,0.030014344,0.0143611105,0.012719821,0.037784435,0.030002585,0.03425095,2024-04-03 17:15:00
0.024571432,0.035391048,0.019906359,0.03334172,0.023515262,0.020327173,0.022305816,0.030439064,0.025816401,0.05355607,0.030367188,0.036397777,0.025982762,0.023672473,0.017252516,0.019406158,0.017049909,0.029902276,0.032531712,0.05369476,0.037579793,0.028756576,0.021924384,0.016907997,0.016557742,0.018846432,0.03530015,0.03695972,2024-04-03 17:16:00
0.025533777,0.03590879,0.026115375,0.023454282,0.014978499,0.035755273,0.025178907,0.0169097,0.021205092,0.06110614,0.03007783,0.043562368,0.027853835,0.018504433,0.020545594,0.027469546,0.010338564,0.02306523,0.03610147,0.0447693,0.042606983,0.019749738,0.023632208,0.019742854,0.020928437,0.027315317,0.0342084,0.032660857,2024-04-03 17:17:00
0.0268281,0.033668123,0.023148652,0.02820403,0.017007517,0.029180385,0.030670617,0.020730264,0.03733559,0.06306415,0.043482333,0.045629397,0.023397379,0.02112881,0.04050364,0.017376399,0.021151114,0.027981158,0.026050858,0.043166004,0.020164847,0.016987998,0.018054588,0.037420414,0.015927708,0.02748428,0.034425005,0.0319876,2024-04-03 17:18:00
0.026073763,0.034400728,0.025812615,0.03735401,0.019423252,0.027611442,0.027408807,0.11119191,0.020058848,0.07171499,0.038502373,0.02647869,0.04000852,0.021048937,0.020179551,0.026373813,0.017289614,0.025341492,0.038564995,0.044904687,0.040098973,0.0120994095,0.022152718,0.01009309,0.020002173,0.03459839,0.038884807,0.034494087,2024-04-03 17:19:00
0.025039628,0.039684627,0.029634763,0.038161907,0.019543506,0.019486792,0.019883249,0.017558988,0.024025563,0.054631673,0.044281323,0.024836358,0.036736973,0.035564244,0.015795056,0.027342977,0.01710984,0.036408544,0.031290527,0.039479118,0.04023215,0.01833745,0.030161576,0.021619318,0.019843487,0.11784103,0.032970615,0.035945576,2024-04-03 17:20:00
0.028986586,0.028604215,0.012445721,0.030288776,0.015554488,0.111361444,0.029376654,0.017581187,0.024375426,0.052410375,0.029051727,0.026570883,0.03121389,0.026434578,0.016315434,0.024558531,0.018632732,0.024987403,0.02881267,0.03878995,0.042048935,0.022400297,0.027247632,0.026027873,0.01142086,0.026998635,0.030098598,0.023756865,2024-04-03 17:21:00
0.027302869,0.031301416,0.024151428,0.14612553,0.019615222,0.025119625,0.024193725,0.019525327,0.027167356,0.061435163,0.026001599,0.037812974,0.032343816,0.01878056,0.016835632,0.020893712,0.015420003,0.03049404,0.02957291,0.044322643,0.045852575,0.028221544,0.015849078,0.06089382,0.012494961,0.027515054,0.025194056,0.04099233,2024-04-03 17:22:00
0.025632614,0.035872974,0.0454105,0.026660962,0.020349983,0.0355817,0.027852755,0.019603211,0.023850072,0.03997693,0.046057153,0.028980898,0.031832773,0.027764149,0.036580518,0.020958675,0.041493222,0.03953136,0.040070564,0.04629403,0.044393722,0.020484233,0.0239173,0.026815193,0.016100038,0.034684822,0.033886064,0.032647986,2024-04-03 17:23:00
0.0367704,0.03597063,0.03744592,0.026232945,0.03264402,0.024096182,0.022730017,0.023995202,0.023606176,0.047519192,0.02440977,0.026340844,0.028559465,0.10043038,0.035996355,0.033986986,0.036705703,0.02233105,0.032756418,0.03612464,0.044667803,0.020455202,0.024601467,0.024176085,0.022920623,0.033328436,0.0312641,0.034177832,2024-04-03 17:24:00
0.02583356,0.04491361,0.032302607,0.036297478,0.01985267,0.02394356,0.12841044,0.022522246,0.021099528,0.06026774,0.043710455,0.018245358,0.034654215,0.021749515,0.03303608,0.022241663,0.020032318,0.031272024,0.036898136,0.03671354,0.04156232,0.016263023,0.020054998,0.035973027,0.023905605,0.029376956,0.030504318,0.028072784,2024-04-03 17:25:00
0.02494509,0.029964007,0.025032911,0.028478665,0.020836521,0.0305342,0.02220282,0.017719176,0.026976176,0.056917902,0.049048778,0.029581856,0.03399371,0.03165887,0.016404392,0.024527024,0.007407723,0.021221187,0.03352121,0.045152377,0.040645164,0.018918071,0.0243627,0.020478133,0.024947954,0.024726652,0.026912164,0.042323723,2024-04-03 17:26:00
0.03106337,0.035992034,0.030037263,0.017835552,0.038545206,0.022241144,0.017772416,0.035092317,0.02044569,0.054257613,0.027698541,0.03326748,0.03710533,0.02378205,0.026128586,0.02013395,0.014778836,0.025054252,0.031042792,0.036841117,0.03867459,0.015779486,0.016023114,0.020455224,0.01940553,0.02967261,0.032183755,0.031157423,2024-04-03 17:27:00
0.024613677,0.03566751,0.04639219,0.024434555,0.022324573,0.040381897,0.03019208,0.016080381,0.02644662,0.069673344,0.04718404,0.024215145,0.031805392,0.037276283,0.016632708,0.023529293,0.016722,0.03878599,0.034907315,0.046565045,0.049664654,0.028812518,0.020665577,0.018530278,0.01424573,0.031341698,0.098723754,0.04278439,2024-04-03 17:28:00
0.03479626,0.038856994,0.02610614,0.025023025,0.03961561,0.032191772,0.032047868,0.030103868,0.03542521,0.050661564,0.043121863,0.020130096,0.036297884,0.02226542,0.042015035,0.03359909,0.0122645,0.031502895,0.029447641,0.04541385,0.04480394,0.023702543,0.020125432,0.017696848,0.01935568,0.027503481,0.03793471,0.030473152,2024-04-03 17:29:00
0.028321762,0.03434628,0.03177605,0.028355533,0.017890152,0.02455596,0.019115742,0.229694,0.024277449,0.058277853,0.12950523,0.02874526,0.03158341,0.036683317,0.01593239,0.030566985,0.016648687,0.034559168,0.039049864,0.04512355,0.04922061,0.019935787,0.020910168,0.030169843,0.0145627,0.02743541,0.034252092,0.03319035,2024-04-03 17:30:00
0.03373002,0.03324887,0.03244544,0.025215523,0.022801984,0.023129774,0.02390539,0.034869462,0.019694066,0.06462854,0.03274574,0.023331163,0.03746496,0.022010839,0.018840551,0.029945457,0.011655448,0.027636793,0.03224133,0.03638338,0.047551006,0.01704821,0.026610041,0.021131888,0.022867251,0.025239376,0.03308702,0.0142378425,2024-04-03 17:31:00
0.024754299,0.038892895,0.03357637,0.040132508,0.026920343,0.030659467,0.03504427,0.030082779,0.0245778,0.06729967,0.041344214,0.024754526,0.024212394,0.029610304,0.041311257,0.024159538,0.020525374,0.037404772,0.036481496,0.04514451,0.03834709,0.017011875,0.020065216,0.026362315,0.037649658,0.023955703,0.040671717,0.02050749,2024-04-03 17:32:00
0.024528714,0.036361605,0.030752616,0.050679862,0.024430556,0.020670727,0.020692727,0.041217286,0.016823808,0.060726285,0.042249117,0.029969666,0.033314396,0.025170231,0.037236027,0.027326345,0.016493298,0.034406193,0.037154004,0.035822358,0.041516807,0.01874695,0.044515572,0.013453273,0.039591275,0.030597795,0.040791906,0.020746658,2024-04-03 17:33:00
0.025254637,0.034736164,0.026835281,0.042078972,0.023608765,0.023034945,0.02216881,0.02523984,0.0249022,0.12601621,0.0326548,0.028950242,0.043126673,0.025725495,0.04138655,0.03400371,0.017077634,0.030790554,0.032107815,0.042256963,0.036209762,0.02641566,0.018312884,0.01571157,0.024885949,0.036432788,0.046246227,0.011856371,2024-04-03 17:34:00
0.02672084,0.017153502,0.03800322,0.03951616,0.019761378,0.027112871,0.021510357,0.03237199,0.027228339,0.051866315,0.040653843,0.019068388,0.03221402,0.02278221,0.019419799,0.025868427,0.022397516,0.042078048,0.032871637,0.0448503,0.040028665,0.016308272,0.02877099,0.023092326,0.014375161,0.029032214,0.038322844,0.02561221,2024-04-03 17:35:00
0.02507121,0.03219478,0.02061154,0.024949098,0.014101776,0.019469213,0.022301622,0.03030674,0.020661015,0.038066637,0.0322036,0.03818243,0.030569702,0.023388483,0.01328009,0.01755334,0.027208628,0.027178572,0.034485772,0.035988823,0.037575852,0.016553873,0.023885809,0.022764174,0.020966036,0.037793,0.039231032,0.034552597,2024-04-03 17:36:00
0.028263887,0.02008249,0.029283116,0.050664052,0.02169634,0.03049424,0.022560535,0.029300492,0.024448741,0.055607103,0.03718343,0.02482089,0.03230966,0.024771288,0.017317697,0.017726073,0.02370441,0.032866467,0.027507413,0.03879214,0.037868157,0.0285288,0.021788577,0.017921453,0.015499141,0.028609604,0.03825877,0.029059064,2024-04-03 17:37:00
0.024686247,0.019785294,0.018953107,0.03280427,0.019924693,0.02400471,0.033070367,0.026838243,0.024489123,0.04156394,0.045664378,0.027881777,0.03763818,0.03447015,0.015507268,0.022164674,0.011294912,0.025716854,0.028129667,0.045179922,0.045585535,0.018336019,0.018368034,0.01496902,0.011355552,0.035456184,0.04360647,0.03272124,2024-04-03 17:38:00
0.026325924,0.034175605,0.022955922,0.042616744,0.029570596,0.024232076,0.028077457,0.028416064,0.021580258,0.046117514,0.027511448,0.023051675,0.03943867,0.019985154,0.032337133,0.015014389,0.018014735,0.028823888,0.03449358,0.04150605,0.047122255,0.023870304,0.022039229,0.044067346,0.017233184,0.031563237,0.04247179,0.03347724,2024-04-03 17:39:00
0.023055926,0.04054515,0.014596837,0.023633912,0.020478282,0.020796306,0.024218092,0.018410815,0.024852952,0.04649939,0.023095185,0.029706424,0.035852827,0.021662723,0.017584532,0.023280863,0.01082269,0.03205183,0.02691937,0.036654253,0.057657514,0.02471913,0.018678276,0.018164683,0.010571898,0.033779413,0.037116494,0.031604964,2024-04-03 17:40:00
0.02618897,0.027561331,0.023507489,0.026693162,0.026841164,0.017180711,0.024418928,0.024723487,0.029359346,0.0605134,0.03366739,0.03840682,0.028002067,0.02521441,0.016703166,0.017763099,0.016535925,0.019641107,0.024719981,0.035841446,0.042813815,0.016117232,0.024715507,0.020157654,0.019639317,0.04310246,0.039277405,0.034475017,2024-04-03 17:41:00
0.0256943,0.03284701,0.03367188,0.030340957,0.04143829,0.023081806,0.024991395,0.022471968,0.022144273,0.05851603,0.040911175,0.024526354,0.030434197,0.030913362,0.01647483,0.013207727,0.024205852,0.024440654,0.03344492,0.036930338,0.037770387,0.018902374,0.015171594,0.012303843,0.014289539,0.02765989,0.070243776,0.039244175,2024-04-03 17:42:00
0.028701236,0.025401795,0.02454844,0.024299348,0.022309465,0.02154879,0.021988153,0.037948444,0.03004381,0.03778459,0.03330544,0.031878024,0.015541312,0.020767907,0.012569656,0.014797504,0.024754941,0.032742836,0.033159733,0.036979493,0.043477174,0.01759056,0.019227922,0.019400127,0.02015924,0.03723207,0.041577872,0.028384166,2024-04-03 17:43:00
0.033470374,0.033612352,0.022452405,0.01864363,0.032156903,0.02723811,0.016419236,0.02097382,0.023644077,0.054135438,0.033240672,0.041616663,0.022578062,0.018812161,0.030191915,0.025653036,0.02188426,0.038019195,0.0390518,0.04481045,0.04232093,0.0204811,0.020305965,0.02345519,0.011290699,0.02860882,0.039498832,0.034634326,2024-04-03 17:44:00
0.024679232,0.019859744,0.021550043,0.028962832,0.02281951,0.030393355,0.031523366,0.025937233,0.025542954,0.061340477,0.02990388,0.0271763,0.019769503,0.09416357,0.046471488,0.026341917,0.18165068,0.038900647,0.044724878,0.045182332,0.04031546,0.019632336,0.027471466,0.02394197,0.024157176,0.02604588,0.03997011,0.030758962,2024-04-03 17:45:00
0.025590586,0.03607606,0.044958256,0.028987722,0.022989862,0.0295088,0.022824729,0.020006126,0.028191801,0.059686404,0.03565642,0.034606762,0.030949904,0.023289282,0.015735647,0.028581643,0.046207495,0.038036168,0.04625764,0.044975962,0.043743223,0.016201535,0.029878773,0.02351526,0.022169102,0.021275925,0.035991546,0.017433373,2024-04-03 17:46:00
0.02587527,0.029749941,0.023045842,0.017763581,0.018435173,0.027217733,0.024690295,0.02213527,0.029376812,0.051180504,0.029917043,0.043202028,0.022100842,0.018791517,0.014907273,0.033957038,0.020996522,0.025497755,0.03536936,0.04285548,0.04117007,0.018205445,0.02254821,0.014318435,0.0073760482,0.020198196,0.04738672,0.032216337,2024-04-03 17:47:00
0.025976693,0.02154169,0.027229512,0.024626676,0.039851952,0.02722034,0.025775226,0.021485912,0.025672417,0.054447677,0.027319293,0.034612015,0.03840771,0.03133086,0.015000214,0.024995733,0.046797525,0.035649423,0.04430494,0.044929676,0.038948238,0.06282485,0.029192725,0.01383434,0.01203153,0.024354136,0.04827508,0.029289713,2024-04-03 17:48:00
0.05157419,0.035928953,0.029444735,0.014988986,0.024095284,0.024772951,0.01706615,0.026336167,0.038563546,0.056001432,0.04921742,0.025996711,0.020735402,0.029159747,0.01966357,0.03363186,0.041459717,0.042282976,0.046218682,0.045570184,0.039497092,0.018846944,0.030241743,0.016781764,0.022050716,0.03574242,0.046544548,0.036173783,2024-04-03 17:49:00
0.025571119,0.037835967,0.015310873,0.02935527,0.01814751,0.033579,0.04616972,0.02620206,0.030412335,0.047457132,0.027317379,0.019514842,0.019535651,0.025078591,0.018177554,0.029657084,0.03818888,0.039244454,0.040810443,0.04495146,0.03531383,0.020286651,0.026256792,0.0074893306,0.022669878,0.026114596,0.093676835,0.040667243,2024-04-03 17:50:00
0.033845227,0.03577228,0.016234256,0.02003613,0.0545316,0.02743914,0.01895897,0.01987324,0.024858983,0.05586751,0.037405893,0.03214763,0.030539695,0.025474332,0.025802134,0.027074795,0.029307038,0.022167243,0.04122163,0.044952586,0.039227333,0.0200588,0.02888463,0.025850214,0.020686233,0.026058258,0.0464504,0.032193374,2024-04-03 17:51:00
0.024427524,0.035735298,0.024468223,0.034571037,0.026127746,0.025859458,0.024446357,0.02371355,0.02914255,0.048169192,0.043881584,0.048954196,0.033330776,0.023970107,0.02208599,0.019191137,0.026646458,0.54387707,0.042618595,0.044854324,0.04123169,0.026047232,0.031096634,0.012800906,0.015635284,0.033149008,0.042939752,0.032859474,2024-04-03 17:52:00
0.025901025,0.015781252,0.016504401,0.030600537,0.028788133,0.07932256,0.029992016,0.022233387,0.030542495,0.04557704,0.04485281,0.026707653,0.061738465,0.025703743,0.019251365,0.019692,0.035992883,0.04225954,0.044038832,0.04511473,0.041462034,0.028997896,0.03275868,0.01095983,0.014818543,0.032411043,0.03681073,0.053908266,2024-04-03 17:53:00
0.023561362,0.04375088,0.020628218,0.01866671,0.019048411,0.02709349,0.018443223,0.0191289,0.021192756,0.06673964,0.03863884,0.028447963,0.035319913,0.06781418,0.026576385,0.02995934,0.014957602,0.016389506,0.028302355,0.04658859,0.04011701,0.016780093,0.018529143,0.022434082,0.022019679,0.036771636,0.030963365,0.031047225,2024-04-03 17:54:00
0.026050953,0.03276617,0.03599038,0.18995868,0.039457336,0.02865626,0.031221103,0.019626496,0.020964578,0.047712218,0.03892691,0.027865473,0.03143438,0.03501284,0.017777907,0.017545931,0.022826431,0.021416241,0.035089307,0.037945732,0.053130448,0.021809816,0.018586066,0.015187412,0.02087056,0.026803674,0.03239992,0.033980977,2024-04-03 17:55:00
0.035862926,0.035557125,0.021328816,0.028520707,0.029330194,0.024781037,0.034767356,0.023446996,0.021073125,0.051040467,0.04221015,0.023393396,0.027071822,0.032507576,0.01725373,0.029143732,0.025847374,0.03279366,0.037464935,0.045742024,0.049408495,0.027267627,0.015635215,0.0140179405,0.014815593,0.025075262,0.034038123,0.025501179,2024-04-03 17:56:00
0.02245738,0.04376518,0.018733319,0.027271919,0.017837605,0.023400895,0.018676303,0.020516334,0.022833623,0.04972089,0.044902556,0.029343776,0.03514245,0.028889887,0.015939143,0.02342167,0.017052328,0.029340083,0.034736823,0.035989095,0.04669856,0.058585618,0.022513323,0.018859047,0.023702985,0.040412214,0.034358133,0.035248313,2024-04-03 17:57:00
0.025154823,0.041955765,0.0328252,0.016545083,0.018721271,0.028645493,0.017562088,0.01841248,0.029384036,0.054490224,0.024776576,0.02414282,0.023502449,0.02200694,0.05052845,0.02821557,0.01950758,0.19203243,0.02509234,0.04562209,0.045387242,0.016184686,0.02784873,0.010646283,0.025814561,0.028051833,0.03459339,0.034726165,2024-04-03 17:58:00
0.026587714,0.03529086,0.037796207,0.021173377,0.017583383,0.018410323,0.026210178,0.020143248,0.031505607,0.06285418,0.038295984,0.0294788,0.024070513,0.02744924,0.029376838,0.026669424,0.019709,0.01730506,0.027741373,0.047965873,0.039275073,0.023036975,0.03087938,0.021910613,0.022403404,0.019099254,0.037191126,0.03468893,2024-04-03 17:59:00
0.024905933,0.03714153,0.024654472,0.04451652,0.020195927,0.027020901,0.026779283,0.032898128,0.032839775,0.04971732,0.03433035,0.03788528,0.03710528,0.025447795,0.022256907,0.023211183,0.015988017,0.077635475,0.04095509,0.04525784,0.04585191,0.019605923,0.024621116,0.017543895,0.017807513,0.02152053,0.043803953,0.033680618,2024-04-03 18:00:00
0.02333614,0.029162876,0.030981006,0.010780996,0.025730755,0.049559988,0.02546751,0.02237471,0.03989163,0.06150031,0.036156718,0.036554612,0.031031575,0.01980716,0.024529321,0.028625108,0.013005233,0.039782166,0.034954287,0.044958487,0.052912056,0.019467285,0.016667925,0.018862395,0.010322214,0.022970745,0.034689367,0.036372494,2024-04-03 18:01:00
0.025033435,0.023701973,0.031056525,0.022552555,0.022904592,0.118662305,0.025514094,0.02064402,0.023938708,0.045109957,0.023624843,0.027028196,0.027402196,0.021618562,0.027857028,0.03398915,0.023348557,0.044200376,0.035600472,0.03629858,0.050813917,0.047072433,0.018220507,0.017994886,0.060172193,0.033129856,0.07895395,0.031539537,2024-04-03 18:02:00
0.02497779,0.037163213,0.04135771,0.022198008,0.01568989,0.029101169,0.021788288,0.02424031,0.02716952,0.065805666,0.04038151,0.029070215,0.01938614,0.025693534,0.020041829,0.024578132,0.02093627,0.04102303,0.03575586,0.044845503,0.051012315,0.015611521,0.030507058,0.028639993,0.01693733,0.023254113,0.07944322,0.03367483,2024-04-03 18:03:00
0.025407331,0.023642432,0.01596232,0.018114688,0.033016868,0.027966404,0.028877312,0.019822337,0.025229998,0.025535576,0.039146394,0.039442986,0.029988652,0.08795789,0.015052918,0.022749126,0.018693294,0.0328321,0.032747284,0.036768716,0.050001185,0.02999876,0.022794746,0.023833578,0.019852675,0.023542335,0.036363993,0.029146092,2024-04-03 18:04:00
0.024187073,0.040971678,0.034153275,0.02820192,0.034056425,0.027256701,0.02160767,0.018451093,0.036238052,0.05275528,0.030880375,0.033184618,0.03253186,0.034067698,0.014481706,0.02041397,0.03025555,0.046578035,0.045949444,0.044989105,0.05035469,0.014520407,0.018062674,0.04505628,0.015507248,0.030722106,0.036149785,0.03294608,2024-04-03 18:05:00
0.024710346,0.035483003,0.0342709,0.04074673,0.043890983,0.12230169,0.02569665,0.022070097,0.024016036,0.05781812,0.043487445,0.04563402,0.028787965,0.02505463,0.050581608,0.027561542,0.033284727,0.045035515,0.039494354,0.045081254,0.04645389,0.020427186,0.013935093,0.017796336,0.015430515,0.028594382,0.040857594,0.031368736,2024-04-03 18:06:00
0.035962936,0.035320412,0.026812544,0.011601606,0.029398536,0.015369965,0.06909509,0.02242532,0.03177944,0.04824155,0.044793423,0.024971545,0.026329253,0.025183924,0.022219284,0.03173683,0.015590878,0.035218682,0.027770817,0.070163734,0.047123216,0.023577895,0.027192017,0.024941545,0.028376762,0.026837872,0.043526504,0.033851314,2024-04-03 18:07:00
0.025333226,0.03712322,0.02705718,0.02209073,0.01803721,0.034160342,0.019603891,0.022416068,0.023061562,0.050679658,0.032792877,0.023026014,0.03014889,0.028993078,0.024696032,0.021663783,0.03263696,0.04543901,0.03779688,0.042888843,0.042645864,0.04007369,0.03267586,0.020105157,0.01849544,0.024687849,0.031346932,0.02231725,2024-04-03 18:08:00
0.030570302,0.02606883,0.024372868,0.01818526,0.029098252,0.028202403,0.021569202,0.02636423,0.027287731,0.06453664,0.017444186,0.020664468,0.039643954,0.025912795,0.017463548,0.018864298,0.018462474,0.039546907,0.03420081,0.03977196,0.06699216,0.023669442,0.02607841,0.044514913,0.019473715,0.026815927,0.03644156,0.033887114,2024-04-03 18:09:00
0.025291879,0.036929496,0.01542173,0.034276277,0.02977972,0.02657972,0.020068986,0.020501891,0.02442179,0.055622924,0.025706014,0.027134094,0.033662032,0.033362657,0.015677975,0.0145761715,0.020489229,0.013640517,0.02653711,0.04488727,0.0551017,0.014848238,0.025177926,0.009301702,0.01659927,0.027478915,0.03397232,0.03435886,2024-04-03 18:10:00
0.025258599,0.032776836,0.025937013,0.030891366,0.020828784,0.023751238,0.014837165,0.020124158,0.026212642,0.060375802,0.043493822,0.025509017,0.028165717,0.029934127,0.021132503,0.013683586,0.015740508,0.0353474,0.027837569,0.048391778,0.051588815,0.033753514,0.02800575,0.0137035195,0.019045554,0.020716008,0.034449726,0.034692403,2024-04-03 18:11:00
0.024277622,0.025798371,0.027651962,0.013088177,0.020486716,0.03438968,0.017046273,0.026177812,0.018925663,0.053785186,0.05746808,0.02554217,0.023886094,0.039825633,0.015943035,0.015907163,0.02381118,0.038004726,0.02157149,0.044865843,0.057640497,0.023016702,0.025773985,0.02913371,0.021017218,0.028969277,0.034788854,0.032600116,2024-04-03 18:12:00
0.020570282,0.024529323,0.022935873,0.034661826,0.023337089,0.025615782,0.023283947,0.0216137,0.02293279,0.03913547,0.03977594,0.028745333,0.03574931,0.023324402,0.018159503,0.037521724,0.017029345,0.033624444,0.02646271,0.05601441,0.06286602,0.07888264,0.01957767,0.019120775,0.028740859,0.025884228,0.038530096,0.030591903,2024-04-03 18:13:00
0.022309637,0.032673076,0.026494851,0.039451912,0.023738109,0.032559857,0.023528693,0.033091065,0.047649078,0.053037997,0.03721032,0.027198503,0.030793294,0.03768536,0.015303904,0.022299876,0.022450017,0.03631102,0.02425097,0.039218266,0.056941506,0.027245626,0.014388871,0.02678385,0.017248232,0.034350228,0.03513277,0.04156186,2024-04-03 18:14:00
0.03594324,0.034912467,0.014311735,0.033728935,0.020470353,0.023637552,0.023578074,0.034963433,0.036170326,0.05023583,0.043873586,0.027571646,0.0420646,0.024474861,0.01614022,0.028642487,0.0108092325,0.029258309,0.025134396,0.045060195,0.06756278,0.018138457,0.02171359,0.018195825,0.0120324865,0.023727596,0.03090713,0.040074725,2024-04-03 18:15:00
0.026141737,0.011408332,0.032794744,0.17580777,0.022174636,0.030689666,0.038276907,0.08608559,0.025253022,0.04108725,0.048646603,0.026894074,0.031155959,0.045094047,0.01958111,0.026255038,0.01442463,0.023801161,0.03800027,0.044871785,0.06109805,0.019181933,0.0562408,0.016318265,0.013817752,0.024052624,0.036137085,0.03368123,2024-04-03 18:16:00
0.02902391,0.035464857,0.029767534,0.04293533,0.01799944,0.028338104,0.027577426,0.025291448,0.023217553,0.06328875,0.04416821,0.036150783,0.033266775,0.034236614,0.03816882,0.022254314,0.01693147,0.024640711,0.022703005,0.044962324,0.05524148,0.034746148,0.025573434,0.020930383,0.013222811,0.029654358,0.032548055,0.034344044,2024-04-03 18:17:00
0.023696057,0.027705649,0.026749516,0.027955275,0.018909529,0.026115136,0.16436665,0.036025792,0.03987736,0.045387775,0.039444998,0.024669567,0.03486564,0.03586937,0.01722112,0.030404704,0.06767244,0.038922038,0.045626976,0.043982845,0.054849193,0.016997647,0.019973205,0.008470637,0.022688536,0.025082087,0.035629425,0.031867776,2024-04-03 18:18:00
0.026324363,0.037471276,0.021310844,0.037787754,0.02995754,0.032627232,0.01834106,0.022620503,0.025334718,0.051866792,0.044750392,0.048204668,0.03157085,0.045363396,0.02112648,0.025144393,0.051319104,0.04070984,0.048421733,0.04487034,0.05487134,0.017832309,0.02623352,0.011923497,0.012076529,0.039775085,0.037820037,0.033376824,2024-04-03 18:19:00
0.024603525,0.034655377,0.029852735,0.017684866,0.029178388,0.025612276,0.03150204,0.031957906,0.020716768,0.040373895,0.047929797,0.023056831,0.027636157,0.025347363,0.0126749575,0.013419441,0.011601222,0.034959447,0.039184783,0.035908397,0.0531552,0.01391675,0.018832246,0.021193445,0.0120411385,0.025800377,0.033278387,0.035680633,2024-04-03 18:20:00
0.026769668,0.03837641,0.027625008,0.022288319,0.03274113,0.024193343,0.029418178,0.029514816,0.034371782,0.062409263,0.043481823,0.03225847,0.02817555,0.025470998,0.015453291,0.018651936,0.056538615,0.029390652,0.036849413,0.044779677,0.05850301,0.032686476,0.025459195,0.022578461,0.01477415,0.03307719,0.032869972,0.027860614,2024-04-03 18:21:00
0.027708722,0.0332076,0.02920923,0.012909068,0.022309452,0.020124406,0.013555804,0.031358633,0.022117164,0.053988103,0.048067752,0.03241084,0.035516296,0.02845125,0.03106672,0.019724341,0.01636014,0.037841234,0.027054025,0.061308764,0.05815603,0.011051127,0.042860877,0.018612351,0.016832808,0.019388946,0.05328044,0.03071903,2024-04-03 18:22:00
0.033691905,0.045570135,0.01919197,0.029899336,0.021368792,0.020242983,0.22524755,0.026536455,0.028172277,0.041368417,0.032385737,0.022348944,0.039339907,0.023691786,0.014828416,0.017227056,0.014024051,0.033892717,0.02461299,0.041570418,0.064051345,0.042609453,0.019502271,0.010280964,0.016208028,0.024895437,0.05490634,0.03125373,2024-04-03 18:23:00
0.024541704,0.047128312,0.040016733,0.03823796,0.04040729,0.024524774,0.026625665,0.017560236,0.028168079,0.047503356,0.035197943,0.019262658,0.033393115,0.03413074,0.022966374,0.01695625,0.0318264,0.041303642,0.038861163,0.04511662,0.071544446,0.015644947,0.02216167,0.020812225,0.02632648,0.030247342,0.043359127,0.021573374,2024-04-03 18:24:00
0.02235587,0.020341912,0.023097789,0.045334022,0.025582882,0.03417808,0.021755911,0.047703747,0.026218234,0.061348964,0.044946525,0.031464335,0.024753843,0.027047768,0.015511716,0.0215039,0.0181834,0.038510922,0.0512969,0.04280688,0.059977345,0.03734725,0.06201409,0.016102523,0.016195778,0.024464345,0.05508541,0.026802542,2024-04-03 18:25:00
0.06967549,0.033261903,0.029407829,0.042065475,0.020750659,0.020679308,0.022494096,0.032811698,0.019956132,0.08743701,0.039220653,0.03122867,0.029652955,0.024879856,0.027007487,0.021062749,0.034300923,0.035112735,0.03835814,0.039654817,0.064341486,0.018231947,0.034725744,0.011498608,0.011326638,0.028425945,0.038698375,0.021517383,2024-04-03 18:26:00
0.027484406,0.034425624,0.025885047,0.045756795,0.025199108,0.02265524,0.12960078,0.022109536,0.026577743,0.062333547,0.056586526,0.019738227,0.024010587,0.020662516,0.02472912,0.022326715,0.034199253,0.041554082,0.03257143,0.040400937,0.06574637,0.023161955,0.023451421,0.026355673,0.022227682,0.03525301,0.04257394,0.03912745,2024-04-03 18:27:00
0.027189923,0.019039828,0.013703042,0.036555637,0.021729657,0.026591567,0.021888047,0.02652827,0.021009233,0.06549743,0.05815962,0.029815786,0.03471644,0.022854598,0.026390977,0.017432187,0.03479146,0.037020817,0.038553786,0.039996706,0.070655406,0.032205567,0.023378113,0.013729542,0.012372397,0.023485325,0.046009216,0.03699486,2024-04-03 18:28:00
0.028760536,0.03462303,0.032663018,0.04947782,0.029223016,0.032563657,0.025296431,0.026338534,0.021016566,0.04822074,0.043823518,0.02258539,0.046914145,0.034957,0.01475183,0.031364378,0.013551986,0.028924443,0.034869246,0.036813837,0.064844444,0.028386403,0.028410094,0.015723322,0.023128118,0.031385574,0.04069915,0.029346287,2024-04-03 18:29:00
0.02609356,0.028450828,0.019435544,0.051890954,0.021735782,0.024270214,0.030196318,0.019218698,0.027697092,0.04661466,0.06577098,0.024857821,0.02672563,0.035813794,0.01402551,0.025334584,0.009185677,0.026257271,0.02681228,0.044905115,0.06273788,0.01662566,0.031590484,0.018654,0.012238244,0.03742873,0.047877826,0.03601519,2024-04-03 18:30:00
0.028458733,0.033287562,0.044849195,0.038463287,0.05302934,0.03742797,0.025613949,0.07844442,0.024872933,0.03830532,0.06604575,0.033552658,0.02828336,0.029879637,0.019984443,0.02839458,0.027963305,0.052286565,0.0371606,0.04483766,0.06795788,0.021316105,0.024792952,0.017459443,0.015795747,0.02716708,0.045288432,0.034997348,2024-04-03 18:31:00
0.036593813,0.02213437,0.027765788,0.0412223,0.026779799,0.021382116,0.01901864,0.023238417,0.029956572,0.067097135,0.057635233,0.022322629,0.03507637,0.03568742,0.055794187,0.025619296,0.015881361,0.018517712,0.032108765,0.04714705,0.06904255,0.021062296,0.03306835,0.030192219,0.012518345,0.025938729,0.04244991,0.03455697,2024-04-03 18:32:00
0.025751572,0.043368634,0.02673109,0.0370865,0.022320759,0.026331423,0.025837382,0.018263265,0.039468262,0.06464106,0.08570186,0.028141595,0.033750515,0.03581132,0.017231315,0.025833927,0.020060064,0.026688384,0.019964634,0.04088872,0.06380705,0.028486244,0.024942307,0.017179837,0.019579077,0.019019876,0.047646772,0.03805937,2024-04-03 18:33:00
0.023690129,0.012977862,0.024189387,0.029748991,0.037535876,0.024649274,0.024583353,0.020557152,0.023609987,0.06216922,0.08511555,0.026895918,0.053174637,0.03478009,0.015606694,0.02182241,0.019482346,0.032692168,0.020599036,0.046426304,0.061746534,0.015904367,0.02282425,0.019813072,0.018977243,0.03259134,0.0427586,0.036857255,2024-04-03 18:34:00
0.027042925,0.027345708,0.012243385,0.18595986,0.022895582,0.036648,0.027559176,0.021017069,0.03790716,0.05092654,0.082793534,0.031879105,0.03962823,0.02738188,0.01180352,0.03779244,0.01143666,0.036654457,0.020036345,0.04431084,0.059178516,0.016420756,0.017226703,0.02730872,0.018449953,0.02407397,0.041854355,0.031057583,2024-04-03 18:35:00
0.02631302,0.037029754,0.031788144,0.023957165,0.024408221,0.02916218,0.023587614,0.040970422,0.030992972,0.061131343,0.071802534,0.02553527,0.03898966,0.03248749,0.036424745,0.015534371,0.026374275,0.0364529,0.019841634,0.044893757,0.057823982,0.0151007,0.024229346,0.056147728,0.04272917,0.025781466,0.060314987,0.034750976,2024-04-03 18:36:00
0.027548378,0.017295228,0.023993142,0.025787564,0.021083482,0.026282066,0.031028716,0.023344403,0.021763643,0.06075591,0.080296785,0.035835505,0.034893878,0.033853233,0.030165715,0.03374132,0.028917681,0.044003684,0.041441,0.0441747,0.06108321,0.020946695,0.08296273,0.017412195,0.014752083,0.027642906,0.046951976,0.031757757,2024-04-03 18:37:00
0.028048983,0.12150919,0.027449448,0.015444704,0.020036342,0.020134792,0.024581,0.015548602,0.025929285,0.06096131,0.07965225,0.033271305,0.027623463,0.03303697,0.029988112,0.028963193,0.012879154,0.04145656,0.037242014,0.035633788,0.051810768,0.04014869,0.019710079,0.0136465905,0.019844271,0.025177114,0.051761605,0.035442706,2024-04-03 18:38:00
0.026826058,0.03793165,0.02104173,0.033900674,0.02102707,0.018842435,0.01416297,0.03887794,0.040781774,0.05137641,0.07017987,0.037872422,0.035322327,0.03289328,0.024780877,0.0229882,0.008655061,0.032185894,0.020495828,0.036113966,0.037272885,0.016504725,0.020552026,0.015330728,0.020298263,0.026458342,0.050171282,0.029331105,2024-04-03 18:39:00
0.0286037,0.03601768,0.02007118,0.052537505,0.017815186,0.032924682,0.017904632,0.028938765,0.030967506,0.049584366,0.08558423,0.029236974,0.045684274,0.035613373,0.045478143,0.029514968,0.01703071,0.034478974,0.011179541,0.045148004,0.04507121,0.018825836,0.022618558,0.015809642,0.013080223,0.029686695,0.052610733,0.032004673,2024-04-03 18:40:00
0.025136467,0.02283687,0.017388677,0.031376246,0.021171665,0.024864472,0.022288213,0.023031646,0.026279466,0.05571979,0.08325585,0.03429839,0.03353914,0.044905715,0.013469131,0.02549077,0.017946048,0.028952654,0.017489096,0.044976123,0.051203746,0.012309748,0.025854178,0.010518353,0.02141154,0.024128405,0.055138227,0.039849516,2024-04-03 18:41:00
0.027407585,0.024926199,0.029786102,0.033089314,0.02245094,0.024195688,0.019427147,0.02172804,0.025243899,0.050860554,0.06916415,0.029860249,0.033759348,0.043888748,0.017722337,0.0035742638,0.021139747,0.024457453,0.023935508,0.036182452,0.04670566,0.015349282,0.019505948,0.014590339,0.01849413,0.019967312,0.05698912,0.041715443,2024-04-03 18:42:00
0.024007821,0.034368996,0.026946908,0.030123178,0.02058327,0.01963805,0.025269901,0.042944536,0.015918404,0.043979265,0.06655035,0.023064641,0.024393072,0.026023181,0.016110305,0.0248109,0.01864852,0.025646668,0.029130615,0.0448999,0.048160184,0.017059548,0.020493694,0.020860108,0.019398497,0.029273426,0.04835069,0.035200715,2024-04-03 18:43:00
0.026024617,0.039916214,0.03017327,0.03517095,0.025540456,0.02718186,0.018318621,0.022268478,0.025674127,0.061746318,0.05159603,0.037674915,0.030947952,0.040306084,0.01964606,0.02351476,0.021819219,0.025426278,0.030780554,0.036794078,0.04231982,0.015829945,0.01611,0.02593231,0.017419495,0.034274336,0.05358797,0.053152457,2024-04-03 18:44:00
0.026284423,0.03596599,0.023771683,0.035959914,0.018181764,0.024660092,0.018102221,0.02226073,0.026400143,0.05872541,0.0543584,0.027738107,0.019692734,0.036562614,0.019382378,0.045724973,0.016946387,0.02998323,0.02795567,0.036659807,0.043104205,0.01721378,0.02068199,0.018270345,0.01636952,0.024765104,0.049960308,0.036711052,2024-04-03 18:45:00
0.024859516,0.027685942,0.032935325,0.027685465,0.025618102,0.022627728,0.03206122,0.022614302,0.026180828,0.031502523,0.04145592,0.026238076,0.035423033,0.031922378,0.026013825,0.031912155,0.043163616,0.016714482,0.039382342,0.037492402,0.048430808,0.016585946,0.020594047,0.011868559,0.01738001,0.016631879,0.04659324,0.030698145,2024-04-03 18:46:00
0.031605553,0.034238372,0.037749458,0.048485633,0.023535885,0.02720231,0.028556738,0.024194146,0.02571566,0.044689517,0.05209818,0.04215695,0.02719016,0.03234715,0.033641905,0.031927727,0.011268883,0.045224756,0.043035485,0.045194224,0.0427536,0.019885778,0.021096928,0.039428186,0.01767682,0.035599332,0.05145041,0.032209206,2024-04-03 18:47:00
0.023128312,0.05291524,0.016888533,0.02905768,0.024835154,0.035327084,0.04354093,0.018506143,0.015240962,0.056361094,0.05655133,0.025384396,0.043045934,0.09244631,0.017173383,0.03458045,0.014658469,0.021137666,0.021283414,0.044907663,0.042814802,0.021921722,0.02336832,0.020074377,0.025252445,0.02591926,0.047711454,0.029312024,2024-04-03 18:48:00
0.029884946,0.03317382,0.026723793,0.06713567,0.024071166,0.026846528,0.08487225,0.02217718,0.020317288,0.058743816,0.055914436,0.028564818,0.03355386,0.034139566,0.030989842,0.044254225,0.019383706,0.030327909,0.022583963,0.0387674,0.03831777,0.021876315,0.018014137,0.018586984,0.023211312,0.029362703,0.045956627,0.034113847,2024-04-03 18:49:00
0.027086163,0.01903642,0.027462589,0.029653458,0.026618978,0.022219855,0.019928154,0.023533685,0.023057884,0.065601744,0.04566359,0.028638177,0.038976233,0.01823664,0.013622525,0.017107401,0.018910509,0.02122567,0.02294783,0.04075509,0.038807973,0.073371895,0.032113697,0.022040593,0.014602994,0.033600528,0.04047397,0.03406819,2024-04-03 18:50:00
0.026970042,0.029559882,0.020300634,0.02234262,0.02742281,0.025839344,0.021616574,0.026785614,0.026772058,0.047866363,0.043992024,0.037719484,0.03712083,0.01814018,0.027740443,0.031323925,0.008147287,0.030830787,0.029124158,0.04491102,0.04306128,0.01278885,0.049365297,0.015401605,0.033733316,0.025886727,0.052459113,0.035300266,2024-04-03 18:51:00
0.028805552,0.047970746,0.030559849,0.019340033,0.022836737,0.021304179,0.02223946,0.023662271,0.060903218,0.062959604,0.03756484,0.027964719,0.04460555,0.040761195,0.02092239,0.033260435,0.022098966,0.03888917,0.034470405,0.036681723,0.04237603,0.024802085,0.01559228,0.016789773,0.020022415,0.022746539,0.03773801,0.032296848,2024-04-03 18:52:00
0.029672224,0.036003232,0.026254386,0.018552223,0.021211931,0.021838794,0.024933007,0.020949414,0.02692374,0.04225887,0.0417177,0.04084114,0.039496932,0.018811487,0.015802009,0.012895665,0.017626485,0.025669444,0.026796466,0.036635313,0.0499314,0.022508327,0.02189793,0.019795815,0.011956736,0.036122683,0.047536723,0.03553662,2024-04-03 18:53:00
0.025663702,0.031119425,0.029629964,0.024305418,0.025142878,0.023068136,0.030105775,0.018966954,0.014201449,0.05780814,0.04051887,0.03206152,0.030252952,0.027127381,0.025008295,0.011337945,0.018088622,0.026903028,0.02423016,0.042273644,0.04061464,0.032006197,0.024521632,0.02353861,0.018416597,0.029491715,0.04284011,0.039618213,2024-04-03 18:54:00
0.046299692,0.02996197,0.02099511,0.0376239,0.020787379,0.043207966,0.026051175,0.022934476,0.036976304,0.044409946,0.029905455,0.041345615,0.045139324,0.026159957,0.020530462,0.042290784,0.014732237,0.032698404,0.024012433,0.04207613,0.04639227,0.022735754,0.018334689,0.011451912,0.021876723,0.022515584,0.047809333,0.04176976,2024-04-03 18:55:00
0.02676843,0.03289344,0.020599307,0.0141886,0.019246504,0.018592747,0.031857193,0.030602023,0.023800291,0.02736188,0.038208213,0.028273378,0.044296276,0.049985003,0.024569161,0.024452725,0.025196476,0.026930828,0.025225425,0.03609446,0.044640485,0.015456377,0.017285626,0.017825041,0.034960065,0.02283769,0.045204513,0.03401192,2024-04-03 18:56:00
0.02810081,0.040353473,0.01811629,0.035420846,0.032572415,0.021182181,0.031567577,0.022223057,0.033957675,0.05518781,0.042732608,0.025223142,0.03434806,0.03059417,0.011607197,0.031604156,0.01409554,0.023608994,0.026236942,0.036068127,0.04431692,0.014848181,0.036588322,0.01332982,0.013552708,0.028131802,0.049245235,0.034801856,2024-04-03 18:57:00
0.0266057,0.05630701,0.03696962,0.03433008,0.022703135,0.021135984,0.018285738,0.022264795,0.026705317,0.048256066,0.04711126,0.030402936,0.034464344,0.023249902,0.03706308,0.017563615,0.035005335,0.026684701,0.028247068,0.037025,0.03880723,0.03928147,0.01741247,0.020769741,0.016071483,0.027733972,0.045203496,0.028135324,2024-04-03 18:58:00
0.026761806,0.026485614,0.02459636,0.037533633,0.024797523,0.022001086,0.023810718,0.02160382,0.02404707,0.03070752,0.04534679,0.033593517,0.031033263,0.020037461,0.025306601,0.011058545,0.022203254,0.030911155,0.031740382,0.051599074,0.047411013,0.0254989,0.014157853,0.020506881,0.0108295195,0.023840245,0.045908336,0.032907534,2024-04-03 18:59:00
0.027040536,0.017173907,0.026161047,0.032173645,0.02365222,0.037387084,0.026701294,0.02242316,0.023963075,0.056912236,0.034964874,0.028882356,0.033767045,0.029451376,0.021321451,0.023550227,0.017792236,0.033197895,0.025412837,0.04500784,0.043537557,0.017087935,0.021851983,0.018711912,0.020187164,0.028364893,0.04457824,0.031732276,2024-04-03 19:00:00
0.024950942,0.03819423,0.030962428,0.017205691,0.020853663,0.026782015,0.022838037,0.02225846,0.02213012,0.06739792,0.048346527,0.033975605,0.035111297,0.015982922,0.022130487,0.012148014,0.023786379,0.027650151,0.025013395,0.043524355,0.0414926,0.024772704,0.028960608,0.0238891,0.024436282,0.025628133,0.044972602,0.034429606,2024-04-03 19:01:00
0.026669696,0.040384576,0.029594785,0.01924677,0.021149784,0.022853944,0.021809932,0.024447959,0.0480413,0.053120606,0.04296498,0.02751889,0.033582244,0.027552428,0.0149423415,0.05565484,0.014525314,0.0353457,0.029777208,0.036110517,0.041671902,0.024907527,0.019162215,0.012271594,0.029058227,0.028431717,0.045839794,0.028365888,2024-04-03 19:02:00
0.02764632,0.027546542,0.014611922,0.021796254,0.01913754,0.022078665,0.014695328,0.023552498,0.024083098,0.05806375,0.036754645,0.023161966,0.036252078,0.03701852,0.015039393,0.025582638,0.013491459,0.03190029,0.032395113,0.036832865,0.03833894,0.016062919,0.082717225,0.013651776,0.030529011,0.027538989,0.050749738,0.04122963,2024-04-03 19:03:00
0.025507523,0.016577646,0.028192895,0.02436771,0.023685176,0.021508157,0.027839705,0.020492455,0.024476355,0.061615404,0.044195663,0.030374564,0.035486363,0.023712361,0.060809646,0.017639512,0.009843907,0.031206518,0.024419272,0.041652348,0.040729817,0.012908992,0.017122652,0.02812554,0.023896925,0.031079894,0.051255196,0.033373266,2024-04-03 19:04:00
0.02942197,0.02673718,0.018864619,0.037443273,0.021061786,0.020856436,0.021436969,0.021821344,0.029416587,0.05460705,0.038993403,0.02885514,0.03773295,0.032136723,0.050750725,0.014976328,0.011939426,0.036575083,0.019302947,0.05234394,0.040532123,0.028783835,0.0179365,0.013924421,0.020949671,0.02182085,0.04814211,0.034916654,2024-04-03 19:05:00
0.027637538,0.035737276,0.027805798,0.02915411,0.01920269,0.020763509,0.025160257,0.017020207,0.040455826,0.06394944,0.03723396,0.025467375,0.043685917,0.021027464,0.014160974,0.018263359,0.015632724,0.015243383,0.021346938,0.03645421,0.039976407,0.014868798,0.019918544,0.01719342,0.02343622,0.026541468,0.050045688,0.03408118,2024-04-03 19:06:00
0.04709317,0.025503812,0.021871531,0.036773186,0.021489937,0.02465769,0.034172628,0.03560392,0.02243548,0.04588804,0.049292926,0.038554225,0.039707996,0.02012191,0.020240668,0.042596858,0.04218649,0.030617049,0.021788197,0.049100086,0.04451383,0.023856495,0.022943951,0.010459486,0.013614699,0.028049834,0.051366206,0.03323806,2024-04-03 19:07:00
0.03626496,0.029313205,0.028316949,0.022997858,0.02185158,0.028133467,0.016196974,0.020872338,0.033255532,0.043555364,0.06563822,0.029114092,0.03789058,0.029043004,0.02454423,0.011523501,0.017201278,0.03787077,0.032205585,0.07501847,0.04113639,0.031341344,0.036199123,0.019714067,0.023497446,0.02211898,0.04206504,0.033423193,2024-04-03 19:08:00
0.026003482,0.044715643,0.028502854,0.032589518,0.025218446,0.01832839,0.028105797,0.024314936,0.017595476,0.063914016,0.031245189,0.038233668,0.043725174,0.021405654,0.013249538,0.02671351,0.021858774,0.032461323,0.025537668,0.039850045,0.0452974,0.077005714,0.017087819,0.018018235,0.05381712,0.031735204,0.04545944,0.038747687,2024-04-03 19:09:00
0.025123646,0.02803479,0.024066392,0.028864387,0.027331302,0.017073305,0.022107057,0.028722454,0.019008188,0.060048923,0.037502304,0.033167332,0.03826726,0.03383476,0.017465869,0.01323006,0.014972369,0.01865796,0.018601378,0.03906473,0.039354194,0.015423877,0.02348303,0.018743582,0.023456251,0.02914561,0.04622165,0.032273304,2024-04-03 19:10:00
0.047986347,0.03291691,0.027864462,0.01957643,0.014282311,0.018141419,0.022631131,0.023395924,0.036117077,0.06321503,0.036222313,0.032131203,0.0416039,0.021537017,0.03109894,0.026394911,0.009508378,0.028065061,0.023172611,0.035948727,0.03706766,0.018203514,0.017696757,0.01580478,0.021810938,0.024169693,0.044264585,0.037014283,2024-04-03 19:11:00
0.024322838,0.036963563,0.023451533,0.04743883,0.020869914,0.021683766,0.020082952,0.018541243,0.049098954,0.04561684,0.054753456,0.029503489,0.041411333,0.01890741,0.01804588,0.02239473,0.018886602,0.03370816,0.029366741,0.04231835,0.04152373,0.022693872,0.024005318,0.015766412,0.013555783,0.03340446,0.043308444,0.03406356,2024-04-03 19:12:00
0.027939511,0.025522292,0.027974246,0.079486616,0.02166552,0.019082095,0.02501875,0.031799458,0.031693015,0.050349265,0.023027709,0.04051917,0.03979458,0.010969085,0.012497502,0.010378415,0.016138602,0.027039422,0.029881757,0.036776174,0.037249386,0.021354731,0.014506545,0.017176684,0.032431297,0.0414546,0.041618563,0.03409047,2024-04-03 19:13:00
0.05922578,0.040652946,0.019015633,0.026961986,0.041425955,0.028623253,0.021596527,0.02348749,0.032809794,0.06180013,0.033983577,0.027536387,0.04625566,0.01812636,0.020441117,0.021184765,0.015520728,0.02356532,0.025390051,0.035604384,0.037890304,0.025708847,0.022205707,0.016422477,0.023068998,0.018884324,0.049413953,0.033694007,2024-04-03 19:14:00
0.029830074,0.029451534,0.02740214,0.052407194,0.023293957,0.021816071,0.027402347,0.028158957,0.017086355,0.050645426,0.037695944,0.030641843,0.03287832,0.045691624,0.048102353,0.029358516,0.015140272,0.02153618,0.030515803,0.05246488,0.0350741,0.015942026,0.02330817,0.017962528,0.017919516,0.025788024,0.05188454,0.032366287,2024-04-03 19:15:00
0.03502277,0.02882071,0.024668563,0.025518028,0.017932447,0.015475511,0.03212351,0.021397477,0.020745438,0.057888888,0.031045616,0.024001624,0.044040713,0.02186716,0.040311646,0.022807322,0.01343917,0.021156646,0.025341935,0.03629114,0.04105969,0.016120411,0.017903442,0.028440485,0.015642123,0.022500576,0.045044225,0.030623054,2024-04-03 19:16:00
0.025467446,0.04532687,0.031586576,0.024225835,0.039026286,0.029852152,0.21552493,0.019341622,0.020805368,0.036701165,0.03450221,0.026425494,0.025465947,0.018979065,0.011661165,0.010051905,0.020484364,0.03687941,0.037199344,0.03991968,0.038004737,0.02790466,0.018902274,0.017320348,0.026248887,0.026675802,0.057566877,0.03889178,2024-04-03 19:17:00
0.025440166,0.038110834,0.023248142,0.019145675,0.029665105,0.019684225,0.018144708,0.022264533,0.019881852,0.046494152,0.04521892,0.030715043,0.04863496,0.04603282,0.032353263,0.020474385,0.010020312,0.01569,0.029340392,0.036322977,0.03712635,0.01667642,0.021977212,0.034853544,0.025457438,0.038834814,0.046397462,0.03331291,2024-04-03 19:18:00
0.023030398,0.03425885,0.02598461,0.037462696,0.025780577,0.028281929,0.020113029,0.020781063,0.023269236,0.062443465,0.02796644,0.023831137,0.027707344,0.015910951,0.016879767,0.020664385,0.024186807,0.036134798,0.03362955,0.039101582,0.036941938,0.028971447,0.02299984,0.02899382,0.01632587,0.03921733,0.048554216,0.03264369,2024-04-03 19:19:00
0.028939331,0.027625179,0.02146244,0.024665779,0.01994086,0.016368855,0.024186224,0.02041787,0.031505812,0.05206829,0.04739666,0.029221004,0.0342717,0.028469387,0.03152372,0.03670602,0.008572534,0.023362292,0.022780195,0.0363519,0.03376501,0.015758432,0.02275796,0.016604511,0.018619996,0.028624782,0.055518575,0.030063828,2024-04-03 19:20:00
0.036332525,0.024706101,0.03469242,0.017579442,0.026117854,0.024858257,0.0226816,0.022176918,0.021249486,0.04147565,0.06948809,0.02987784,0.029512279,0.01960362,0.02640029,0.026824355,0.013290086,0.02210638,0.03432381,0.044862125,0.035747692,0.020044599,0.031291977,0.016761823,0.0229223,0.023943152,0.051550645,0.020894451,2024-04-03 19:21:00
0.026641816,0.027500011,0.017567728,0.026022548,0.017262554,0.025109692,0.02774073,0.023430433,0.017357597,0.047356606,0.097560406,0.026742483,0.114044115,0.019175224,0.059657115,0.019406147,0.054316256,0.023649482,0.03673511,0.045214318,0.039526995,0.034626603,0.024846163,0.022051962,0.022451973,0.028289473,0.047334846,0.015482358,2024-04-03 19:22:00
0.026199797,0.03756452,0.0297111,0.0275024,0.017407903,0.019519325,0.02416586,0.020994175,0.029436164,0.12570105,0.024267018,0.021310708,0.025091412,0.014587682,0.056311008,0.031765204,0.025686745,0.0423731,0.03681426,0.036595277,0.040113,0.015936213,0.028866624,0.02671559,0.022369731,0.020722272,0.057810042,0.030524908,2024-04-03 19:23:00
0.12152311,0.03026196,0.017686956,0.01722946,0.033035144,0.0250316,0.01382147,0.02423638,0.018494038,0.06520434,0.05087826,0.029041696,0.031471465,0.0221756,0.038225226,0.023232894,0.02042413,0.032835405,0.027095214,0.045294456,0.04561881,0.018916417,0.024850145,0.020082604,0.015424029,0.03597827,0.059781436,0.026974002,2024-04-03 19:24:00
0.023531301,0.02499344,0.027669247,0.01729435,0.028770646,0.02795019,0.02394487,0.015555214,0.01901523,0.051203683,0.03310107,0.037568964,0.024674872,0.014861487,0.023173247,0.027418962,0.021430267,0.03828978,0.042695068,0.04490166,0.040788077,0.02244213,0.024212085,0.0172202,0.018233765,0.026979301,0.06460132,0.028457891,2024-04-03 19:25:00
0.026587032,0.030200856,0.03859062,0.03189748,0.02010183,0.012848499,0.018883932,0.022564178,0.02235773,0.04764562,0.028303271,0.022671552,0.02475213,0.022634959,0.043569084,0.023436723,0.036242194,0.03431279,0.046216574,0.046807148,0.03992162,0.023740012,0.028029881,0.025337256,0.016040334,0.023686294,0.057554208,0.036889873,2024-04-03 19:26:00
0.02763338,0.038247142,0.2238186,0.027880676,0.023829974,0.018358657,0.027380424,0.024412876,0.021166436,0.042728227,0.036710445,0.044262037,0.027340041,0.113538116,0.018464193,0.018818263,0.023970125,0.034348797,0.028208012,0.036545824,0.03394614,0.013913509,0.025496246,0.034696497,0.020167548,0.023114208,0.056641288,0.033380926,2024-04-03 19:27:00
0.026298242,0.030102387,0.02774905,0.021451846,0.022517618,0.029720323,0.016052697,0.022413174,0.02123632,0.04884395,0.046452418,0.021866288,0.023026448,0.04395421,0.031832267,0.013680006,0.014374159,0.03789885,0.03427749,0.038687993,0.037852243,0.01757069,0.025378646,0.02766887,0.01618724,0.022246147,0.063232906,0.028250108,2024-04-03 19:28:00
0.027266538,0.032788426,0.042247582,0.03901076,0.02576581,0.024139734,0.025613816,0.029045513,0.021390723,0.04124122,0.03929754,0.027916148,0.026542807,0.020246595,0.015316785,0.024844604,0.027423339,0.038641453,0.042397026,0.044844385,0.03997556,0.017911883,0.02395515,0.018168412,0.023792185,0.027898248,0.059877943,0.0325992,2024-04-03 19:29:00
0.034993906,0.029146006,0.013732694,0.025867654,0.01922022,0.032571644,0.031339664,0.026130565,0.023586415,0.052774843,0.047084913,0.030790914,0.041141234,0.02020722,0.032250293,0.027118417,0.012565125,0.032344844,0.026531337,0.044937443,0.036628235,0.039914884,0.02366038,0.02692979,0.020583918,0.031610463,0.055805657,0.014434239,2024-04-03 19:30:00
0.026252232,0.030496698,0.04018915,0.022146506,0.021338845,0.027951088,0.030535877,0.020848202,0.03663313,0.052110363,0.030460814,0.025473796,0.028288012,0.017889298,0.052434713,0.009785285,0.016421035,0.0349667,0.037185717,0.04241397,0.034456197,0.030584853,0.026486214,0.025511717,0.011665783,0.022833688,0.058047954,0.032573503,2024-04-03 19:31:00
0.022289203,0.03803277,0.028873893,0.021044888,0.021918146,0.036920782,0.02319906,0.024775168,0.028484916,0.05204285,0.036001794,0.022329057,0.025699656,0.023332367,0.020909337,0.01798862,0.024392214,0.03214799,0.02384894,0.036329918,0.030630091,0.019402424,0.026491743,0.012963138,0.017840074,0.02858373,0.059921727,0.036194697,2024-04-03 19:32:00
0.0238791,0.037504476,0.033515688,0.021211693,0.023026742,0.026655076,0.01930782,0.024522707,0.024112573,0.036085013,0.06567582,0.033199903,0.033558484,0.02078796,0.014956344,0.02221439,0.017996754,0.03546483,0.036345057,0.044828165,0.035402313,0.023610545,0.022164863,0.015020544,0.018557522,0.023084318,0.053985015,0.035088908,2024-04-03 19:33:00
0.027447175,0.04370482,0.033271205,0.02545721,0.019829886,0.031174231,0.02680293,0.018840754,0.03477347,0.053559463,0.057320885,0.02420679,0.027087811,0.019561661,0.029927786,0.024518888,0.028135536,0.04516398,0.038990773,0.036252975,0.045341507,0.027171973,0.023218034,0.013263373,0.025218446,0.039657403,0.05498751,0.031549145,2024-04-03 19:34:00
0.025518185,0.033275716,0.058995895,0.016313905,0.024276152,0.034557775,0.015960997,0.017388089,0.022576094,0.07047992,0.04559824,0.021699255,0.03939626,0.024161333,0.03722653,0.023167346,0.033218414,0.04602022,0.043198325,0.046700604,0.04115788,0.032824054,0.017200712,0.021672435,0.018027268,0.035950143,0.057720978,0.03504386,2024-04-03 19:35:00
0.025051905,0.018011544,0.03192761,0.031683553,0.024593081,0.018579334,0.02139775,0.021387342,0.017328693,0.048082612,0.04696711,0.032956228,0.027250322,0.019867409,0.037098717,0.021369336,0.01949183,0.024068642,0.037282277,0.04287127,0.036543198,0.016144639,0.034429766,0.028207434,0.012080018,0.027592823,0.059727836,0.041692246,2024-04-03 19:36:00
0.025184318,0.12492739,0.038031336,0.032432176,0.024483573,0.016510624,0.028545883,0.02218924,0.032283634,0.050723147,0.025301712,0.03159115,0.030424314,0.020808483,0.028153742,0.0166075,0.02199607,0.0327722,0.030371742,0.037088607,0.035820927,0.021061571,0.023446715,0.015783131,0.022581,0.032469258,0.059426278,0.03420985,2024-04-03 19:37:00
0.024476422,0.040124655,0.029161977,0.025628382,0.039056074,0.016304046,0.012301092,0.025179008,0.026233403,0.062211532,0.038867235,0.026776131,0.031456593,0.019105827,0.020397473,0.021417769,0.014675588,0.032709897,0.033735316,0.038845215,0.039626945,0.012853005,0.016285582,0.01972139,0.01864283,0.024891037,0.06719765,0.03503411,2024-04-03 19:38:00
0.024495382,0.02048063,0.018326398,0.02109709,0.019433344,0.024225261,0.016425416,0.024681322,0.021406505,0.03774358,0.047617394,0.029659344,0.039329033,0.025010316,0.030693358,0.026652344,0.02960515,0.033679698,0.03319159,0.05269727,0.037415817,0.020706778,0.017819611,0.0076050935,0.023003573,0.030339465,0.072655186,0.03402724,2024-04-03 19:39:00
0.025038015,0.04479257,0.024172759,0.023450673,0.023908423,0.021813279,0.023554452,0.01967297,0.02655764,0.046575308,0.03788165,0.02134807,0.03843309,0.018474087,0.025840776,0.021700557,0.018693408,0.03332983,0.026476579,0.039636314,0.03645761,0.02118757,0.029980773,0.013544943,0.0130571015,0.035326652,0.06766973,0.034827676,2024-04-03 19:40:00
0.027855229,0.03161138,0.024514562,0.016887184,0.020831019,0.019857349,0.02683939,0.0198518,0.03909765,0.06281865,0.03256422,0.024690177,0.03591487,0.024597619,0.016549107,0.017180588,0.015168171,0.015534524,0.029357411,0.04120698,0.034292087,0.019515362,0.029169362,0.013473799,0.02387216,0.029540006,0.07260535,0.034223374,2024-04-03 19:41:00
0.023994576,0.041075014,0.039615404,0.02996648,0.020036597,0.025684245,0.028330816,0.021889396,0.031395238,0.05025731,0.05331158,0.03577291,0.0313795,0.014761846,0.021729078,0.025356172,0.030167356,0.03110076,0.02674173,0.04484521,0.041232876,0.019323554,0.021689512,0.010278868,0.023448579,0.031145103,0.07596387,0.03372906,2024-04-03 19:42:00
0.025794473,0.030878061,0.017916508,0.04082867,0.02069094,0.023531692,0.01663877,0.023668382,0.024510935,0.053917773,0.021719199,0.02572962,0.03270912,0.040950634,0.031149533,0.012699284,0.020546809,0.026925845,0.035020433,0.065577365,0.037318427,0.020658415,0.01727453,0.016040772,0.019769967,0.023928087,0.073049046,0.029493539,2024-04-03 19:43:00
0.02591013,0.038399503,0.04574243,0.04370476,0.021934262,0.013814648,0.027849602,0.02070859,0.021607045,0.05626515,0.020800494,0.038358778,0.044659246,0.024647728,0.03599038,0.020559339,0.01557658,0.029053958,0.026292555,0.047197588,0.032653384,0.02542647,0.025325874,0.0084252795,0.037575338,0.02946775,0.06837325,0.033992082,2024-04-03 19:44:00
0.027478512,0.034576252,0.015971364,0.01761153,0.028569255,0.019448409,0.02589572,0.022671448,0.03939506,0.050999336,0.037387148,0.021904388,0.03683489,0.022502622,0.040661234,0.025528122,0.025036125,0.030671619,0.03200645,0.039364412,0.040848136,0.028167864,0.02128318,0.02937754,0.022319917,0.027502952,0.06865586,0.039186794,2024-04-03 19:45:00
0.022927618,0.041777004,0.029033683,0.028775157,0.027374085,0.015865562,0.024106022,0.02057226,0.02618694,0.047301184,0.03719336,0.036168575,0.04131848,0.026607774,0.043035556,0.023017602,0.013513367,0.029342223,0.036980256,0.041391425,0.1866539,0.025428934,0.024976868,0.017150799,0.02534723,0.021630084,0.052118044,0.034574766,2024-04-03 19:46:00
0.02689124,0.030978587,0.032149747,0.012203805,0.024571331,0.11312911,0.029823516,0.025397249,0.028679028,0.056744527,0.02755894,0.026327815,0.02689174,0.0314996,0.024598379,0.019728677,0.010990594,0.026904205,0.031843398,0.044831928,0.03743844,0.017016286,0.031507596,0.016165702,0.0154425455,0.023714183,0.0544592,0.031920455,2024-04-03 19:47:00
0.02570852,0.028604172,0.031418987,0.046534497,0.023086827,0.019262284,0.023441816,0.019967979,0.011676397,0.05396425,0.029549701,0.024990559,0.025793403,0.019634627,0.03364233,0.008693761,0.01981636,0.018911703,0.033584736,0.047792263,0.036646176,0.023556331,0.020315157,0.019552011,0.015400546,0.01883438,0.04851222,0.04014904,2024-04-03 19:48:00
0.026076704,0.02620009,0.018668378,0.02302476,0.015501908,0.019087961,0.029538343,0.013329764,0.01453948,0.061981842,0.046627086,0.029798433,0.012404428,0.03315948,0.023382599,0.013260059,0.01952388,0.022727128,0.03327792,0.036004253,0.037869517,0.02530699,0.017897693,0.018565154,0.011317469,0.024167018,0.049322724,0.033816647,2024-04-03 19:49:00
0.0260633,0.024130523,0.030654479,0.027303265,0.017691085,0.019942168,0.018262576,0.016778262,0.020596191,0.04724438,0.023800429,0.023638863,0.034924094,0.029140482,0.026254732,0.015113623,0.021273063,0.02287296,0.03749597,0.04844227,0.03535277,0.027053583,0.020161027,0.019457778,0.024206307,0.02591154,0.09749043,0.03222561,2024-04-03 19:50:00
0.026352495,0.039294627,0.03135557,0.03519784,0.030802928,0.016729705,0.021255057,0.022093825,0.027337182,0.05186415,0.03753845,0.040331498,0.038005132,0.022044322,0.019568413,0.035219967,0.009736194,0.021182464,0.040207546,0.046478126,0.036922917,0.09354954,0.014707865,0.01482889,0.016654065,0.03283021,0.04783626,0.03616662,2024-04-03 19:51:00
0.03506426,0.030557092,0.02300591,0.024472622,0.030479543,0.02282943,0.025380615,0.021394262,0.027195923,0.059852302,0.044310976,0.030790446,0.030886762,0.03350687,0.021979373,0.024152748,0.023375735,0.029578391,0.03338884,0.04550922,0.031563636,0.020917192,0.029116224,0.07835632,0.01527448,0.022402309,0.06185776,0.031067526,2024-04-03 19:52:00
0.039400928,0.029142052,0.0479922,0.028627522,0.023250882,0.013569277,0.07058831,0.017454825,0.04389021,0.05882511,0.047056977,0.028803566,0.016715983,0.13031615,0.028394122,0.017123958,0.020931205,0.031702746,0.03508924,0.050778642,0.036553107,0.028195612,0.015457923,0.023682905,0.026173191,0.03511778,0.04843462,0.033841494,2024-04-03 19:53:00
0.021164088,0.03456098,0.030305214,0.028762013,0.022101194,0.021048013,0.027179148,0.020785525,0.028705522,0.05225199,0.026940957,0.032423563,0.0387691,0.03701411,0.017919412,0.02475816,0.014123914,0.028783996,0.0407967,0.03575679,0.04226904,0.024867244,0.017748768,0.016955882,0.029554233,0.025093032,0.048499115,0.03430978,2024-04-03 19:54:00
0.023263717,0.034626078,0.023300635,0.007718187,0.0223258,0.021621406,0.027678633,0.022539249,0.06545022,0.037474416,0.024905726,0.025975091,0.03259729,0.030076424,0.017451614,0.017323332,0.029925404,0.03034475,0.032923,0.04081863,0.034529194,0.036708273,0.015202557,0.018208748,0.007220152,0.023077013,0.04332076,0.033903398,2024-04-03 19:55:00
0.02356123,0.036255013,0.032198977,0.058494665,0.024668807,0.026553493,0.018287081,0.018835004,0.02892348,0.05010368,0.016781408,0.024600718,0.030501466,0.031327784,0.022152973,0.017617757,0.022770405,0.021670235,0.035531808,0.05172616,0.043371253,0.021989195,0.031045588,0.016568877,0.017654704,0.024167048,0.045634333,0.034039766,2024-04-03 19:56:00
0.029450124,0.036782328,0.027773688,0.012999986,0.021493046,0.033563897,0.027679283,0.018490346,0.030046407,0.042135812,0.031593353,0.029512327,0.020720117,0.10208654,0.015014819,0.011823366,0.022665506,0.03787679,0.034339488,0.045013577,0.034012876,0.032969262,0.012075475,0.008713483,0.019094367,0.025705952,0.05543302,0.031185992,2024-04-03 19:57:00
0.023294663,0.02008736,0.027775269,0.020522367,0.024490088,0.01570268,0.020310793,0.026901316,0.019932045,0.030356118,0.040389456,0.03175888,0.034996446,0.023502871,0.01716718,0.010877923,0.017377997,0.017721673,0.03626445,0.036631986,0.04139897,0.014803996,0.080884665,0.01947448,0.0148386005,0.028333455,0.050876226,0.029347962,2024-04-03 19:58:00
0.027663562,0.03577874,0.02883806,0.030286226,0.026712785,0.017997583,0.032832745,0.021794548,0.014972134,0.06616419,0.033696167,0.026431,0.031016348,0.09047556,0.0226455,0.010734723,0.014826252,0.018165406,0.030989982,0.045071356,0.03743475,0.01399391,0.020476911,0.05060897,0.017276617,0.040292103,0.045606814,0.03484644,2024-04-03 19:59:00
0.030232389,0.033978876,0.031259175,0.02290675,0.0182279,0.023538,0.016212564,0.027397076,0.022847125,0.04892295,0.03406735,0.03964526,0.020148005,0.0220184,0.020814877,0.025479198,0.020849656,0.038128585,0.034435797,0.047077104,0.03498188,0.02070967,0.02098136,0.013594619,0.01541391,0.028794007,0.046783514,0.033657584,2024-04-03 20:00:00
0.023082005,0.027251823,0.034443412,0.042437397,0.019513046,0.01803836,0.026975622,0.022575771,0.018923331,0.05396809,0.039641093,0.035814323,0.011296634,0.026561227,0.028550835,0.013586482,0.011064684,0.02337642,0.0336667,0.035765704,0.03807654,0.033672232,0.02218653,0.03110115,0.013955684,0.036887456,0.04204784,0.0322932,2024-04-03 20:01:00
0.022705724,0.032543316,0.020242553,0.02341866,0.014565731,0.03188498,0.02993028,0.02330751,0.014517255,0.051587097,0.028987326,0.035170145,0.020904249,0.032966327,0.029470129,0.020299384,0.036958653,0.039041806,0.031847753,0.04491239,0.03452325,0.0106183505,0.025281455,0.019814903,0.020358535,0.026269184,0.04422026,0.031070735,2024-04-03 20:02:00
0.022076275,0.020973012,0.032645702,0.037303466,0.01694739,0.016987868,0.0243607,0.020907685,0.029497655,0.05216126,0.048031088,0.021603823,0.036695287,0.033864383,0.04583274,0.01361756,0.011916028,0.037419483,0.032187335,0.053286638,0.034770597,0.021662394,0.022980336,0.026854547,0.019447725,0.11477609,0.053926315,0.03214967,2024-04-03 20:03:00
0.021112768,0.025960494,0.029862838,0.025938988,0.02227832,0.027893094,0.021454765,0.022081451,0.046905726,0.1254729,0.021103812,0.02782744,0.02652845,0.027723175,0.01990152,0.017850786,0.019131245,0.022110965,0.03588918,0.043820817,0.036770944,0.020862073,0.023938674,0.024144277,0.020392036,0.024732055,0.06186318,0.03204693,2024-04-03 20:04:00
0.019113643,0.12524754,0.0367375,0.017134171,0.018408244,0.025798582,0.022262808,0.021869652,0.043430917,0.05880172,0.04786112,0.031166837,0.029354248,0.022588324,0.030025424,0.009132612,0.043214157,0.032192484,0.029319346,0.044636607,0.033916205,0.02586639,0.015894512,0.015327292,0.018107725,0.025149994,0.051810816,0.033179127,2024-04-03 20:05:00
0.01626084,0.029856414,0.03437924,0.030316995,0.017909039,0.024246654,0.028976098,0.022685846,0.036343254,0.062108837,0.041423902,0.030687077,0.024296228,0.035482608,0.056414172,0.015096119,0.01787285,0.041263454,0.03469984,0.04033889,0.033177566,0.05767443,0.026711352,0.019531973,0.020609984,0.025273858,0.05051135,0.031609632,2024-04-03 20:06:00
0.014087497,0.022692047,0.024961818,0.027358402,0.024551997,0.021363419,0.019411499,0.019899726,0.08177682,0.05278939,0.041477304,0.02429773,0.04158777,0.030869607,0.015868492,0.012157741,0.0108242715,0.031898554,0.041543268,0.03701852,0.034271587,0.020993086,0.026656954,0.022544557,0.027886841,0.020133028,0.053837337,0.034492053,2024-04-03 20:07:00
0.02006248,0.06717236,0.030046657,0.028079523,0.01751,0.02599385,0.021091735,0.021917008,0.046166986,0.043940667,0.02398752,0.026638981,0.04485092,0.032872066,0.015680756,0.016076524,0.014703694,0.026718268,0.028514827,0.047675118,0.03678385,0.023079861,0.01634998,0.019255586,0.027708406,0.030851359,0.056431122,0.033405922,2024-04-03 20:08:00
0.01952101,0.03651633,0.03554156,0.037514094,0.012745655,0.014010753,0.025047071,0.023441788,0.052282926,0.05335956,0.037277162,0.017598178,0.03504075,0.027609847,0.03358518,0.019365296,0.02998291,0.037871525,0.033377893,0.035481345,0.034056798,0.012243565,0.025990333,0.005719109,0.024175204,0.026581459,0.13527799,0.04127733,2024-04-03 20:09:00
0.050735656,0.03425445,0.036051955,0.024238328,0.02785212,0.021533063,0.16682674,0.01578171,0.033950675,0.047951944,0.027970001,0.024083486,0.037757043,0.03171139,0.017812252,0.023955798,0.033199135,0.03238689,0.034695145,0.04154307,0.032091595,0.024951806,0.019985475,0.019653345,0.026057938,0.022428492,0.048932467,0.03487375,2024-04-03 20:10:00
0.021272084,0.025813267,0.02160019,0.030781891,0.02710093,0.024586571,0.0190493,0.01660784,0.022213725,0.04797471,0.024000186,0.034991737,0.04127459,0.03538923,0.016232172,0.01938856,0.015134927,0.028497934,0.03129177,0.04486623,0.035848666,0.017627902,0.023438435,0.016351717,0.018306458,0.0287285,0.046044383,0.032983005,2024-04-03 20:11:00
0.025495457,0.03606088,0.029056756,0.03630067,0.020888006,0.014734402,0.03565001,0.02560459,0.03060298,0.0629024,0.041056912,0.019450895,0.033102643,0.018066749,0.04105563,0.02295405,0.015803892,0.030980287,0.03334843,0.042158116,0.034511987,0.01630194,0.023128178,0.02968694,0.01741444,0.027552197,0.04719607,0.035126876,2024-04-03 20:12:00
0.02287772,0.02858289,0.025304202,0.031032115,0.022469481,0.01617557,0.031644307,0.022980316,0.026288176,0.05362351,0.052609622,0.024400167,0.026701234,0.011769931,0.02104127,0.009145023,0.011512727,0.02978489,0.03539212,0.036655843,0.030990591,0.012368081,0.024488663,0.028343488,0.016652305,0.031138774,0.050680615,0.03328651,2024-04-03 20:13:00
0.023135116,0.022205269,0.022802947,0.015954023,0.027479846,0.01775675,0.0252391,0.018119125,0.03076389,0.052027702,0.036709834,0.030474044,0.029453412,0.018474903,0.018434677,0.023339065,0.026314769,0.03099151,0.030423108,0.04378284,0.03802397,0.018481912,0.020189116,0.015302411,0.017879935,0.026333481,0.048877258,0.0329901,2024-04-03 20:14:00
0.01910804,0.035222672,0.023347694,0.020689374,0.02071496,0.019535247,0.020870006,0.020577751,0.02890266,0.062213358,0.043181133,0.022445176,0.026237397,0.027737547,0.03276603,0.021735279,0.020851366,0.027192125,0.031238003,0.046198253,0.039726596,0.02109383,0.02169901,0.02101892,0.020263782,0.040133905,0.04777961,0.02711391,2024-04-03 20:15:00
0.022503221,0.028232273,0.027059374,0.031187179,0.027289523,0.02294317,0.02310728,0.022583937,0.044642746,0.046236325,0.041593913,0.018705951,0.038885277,0.023668747,0.04204027,0.0148063125,0.021854537,0.031463385,0.027652359,0.059684277,0.032546893,0.029570296,0.015253553,0.020324543,0.023993969,0.030637419,0.058892522,0.015251577,2024-04-03 20:16:00
0.024125287,0.019419836,0.025661828,0.03273591,0.02701035,0.02027628,0.017556895,0.020801855,0.029557995,0.063539416,0.03959581,0.031093415,0.029871238,0.02756274,0.04184405,0.009445907,0.019607406,0.030220902,0.04001902,0.049021885,0.041529678,0.025692008,0.018138245,0.016937967,0.023700818,0.02687006,0.061584637,0.014258558,2024-04-03 20:17:00
0.023427999,0.028838623,0.029532732,0.026936684,0.01576539,0.027714847,0.022559758,0.01923114,0.033767473,0.03846273,0.030379578,0.021012038,0.030566758,0.058917284,0.020304138,0.02393319,0.025521006,0.035230666,0.0340541,0.03914884,0.034352884,0.037369534,0.022580225,0.011916476,0.03078507,0.022749647,0.053292464,0.029329672,2024-04-03 20:18:00
0.020980988,0.01636358,0.02007356,0.027740614,0.02711528,0.014736192,0.026510932,0.022257414,0.026438532,0.04636369,0.0349319,0.04230413,0.036324985,0.035038024,0.028898872,0.029343665,0.015009843,0.025313014,0.033095013,0.041787095,0.036359146,0.019248495,0.023920408,0.012465315,0.022220045,0.030720918,0.045223232,0.03133515,2024-04-03 20:19:00
0.021020379,0.029251052,0.023273818,0.0318591,0.036659624,0.10369982,0.018404288,0.01518436,0.028490761,0.062537126,0.0363886,0.02876013,0.035017382,0.024336485,0.019835902,0.020382728,0.027082475,0.035326153,0.038625773,0.04491343,0.033560455,0.029089162,0.024220983,0.01873731,0.02145532,0.027683793,0.067004934,0.02992782,2024-04-03 20:20:00
0.022227699,0.02260997,0.02612641,0.030167393,0.018043866,0.024192635,0.03566308,0.060520828,0.024537943,0.041226596,0.04065338,0.028324865,0.03527394,0.025546683,0.018785425,0.018413117,0.019648202,0.031141063,0.031579785,0.036328305,0.030557353,0.013749451,0.024132684,0.015369497,0.018546423,0.028219694,0.06642647,0.033432797,2024-04-03 20:21:00
0.024006803,0.030660363,0.017455902,0.0246131,0.01724873,0.03632718,0.03354723,0.019063912,0.028566688,0.059994027,0.03255401,0.02573279,0.033201937,0.022450944,0.051768154,0.024587313,0.022620767,0.045445073,0.028794384,0.05186367,0.032277312,0.22319432,0.022396011,0.022669267,0.020461118,0.023241593,0.06699428,0.034525346,2024-04-03 20:22:00
0.021395257,0.036615837,0.017229699,0.03485628,0.015936721,0.019294152,0.024304898,0.01715377,0.029117063,0.04990068,0.035194814,0.037890423,0.04260397,0.019297631,0.02046895,0.02188271,0.022060487,0.024515998,0.024294041,0.0360939,0.04385132,0.022693984,0.016457267,0.018436082,0.030264119,0.019916706,0.2104681,0.03207796,2024-04-03 20:23:00
0.031996198,0.036029227,0.027984079,0.02707224,0.025871875,0.037218016,0.018399037,0.020108027,0.046650805,0.050510675,0.03437603,0.029312624,0.03183145,0.031888936,0.02592604,0.03482774,0.020323278,0.035869393,0.033863727,0.053317815,0.036087368,0.018934,0.022842132,0.026704391,0.023478879,0.033925682,0.09716515,0.024849826,2024-04-03 20:24:00
0.028611038,0.039556894,0.009413076,0.017820084,0.019251851,0.021197075,0.03627317,0.016635142,0.030237073,0.043473016,0.02371561,0.028697534,0.025905032,0.020488644,0.034786437,0.009911665,0.019628055,0.03356348,0.025903206,0.042299792,0.031222211,0.031760857,0.0281803,0.01790441,0.020349821,0.028221056,0.049254615,0.012919054,2024-04-03 20:25:00
0.022138866,0.034277193,0.02386335,0.030262006,0.025539253,0.02220127,0.02331882,0.02704398,0.020286914,0.05739158,0.039186526,0.027350966,0.027186183,0.02686974,0.020795014,0.02130886,0.018187132,0.030739943,0.033203147,0.055569194,0.03602723,0.027391199,0.024518676,0.025744434,0.009686018,0.024741115,0.05644466,0.03343083,2024-04-03 20:26:00
0.021012139,0.040370774,0.020444673,0.0223627,0.032695275,0.018037573,0.03319694,0.023293242,0.024187034,0.065915875,0.028769659,0.030203229,0.04132672,0.019557474,0.073175155,0.029918345,0.015689619,0.026844997,0.023332752,0.048918925,0.025918853,0.015591907,0.023416799,0.012811517,0.0380532,0.026131315,0.0418225,0.03212868,2024-04-03 20:27:00
0.02863595,0.03250517,0.028859148,0.026584506,0.015880361,0.017169045,0.03373378,0.024403922,0.02207733,0.053009644,0.02919651,0.029314397,0.026520038,0.02848453,0.025603727,0.029476052,0.018854335,0.028506545,0.032923337,0.04482606,0.038252205,0.014404247,0.018228704,0.0212556,0.023561755,0.036553796,0.047283012,0.027147163,2024-04-03 20:28:00
0.053792626,0.04167304,0.022511618,0.027559519,0.024672203,0.022660073,0.030863415,0.022988703,0.0236654,0.059523102,0.04207335,0.02734241,0.0352538,0.027789595,0.025118185,0.01098973,0.019407516,0.026443921,0.026565293,0.040071197,0.04031329,0.034601606,0.02440774,0.018110706,0.02171496,0.027626742,0.04272714,0.030858824,2024-04-03 20:29:00
0.022224795,0.012355732,0.027721453,0.02841598,0.01835974,0.013363657,0.03245526,0.021374378,0.02021101,0.05095581,0.04535897,0.03636808,0.025216492,0.029468045,0.014579336,0.019085497,0.022266533,0.032942407,0.03479751,0.036632575,0.057918925,0.026284281,0.02290477,0.014098778,0.023058869,0.036682326,0.044105742,0.0272425,2024-04-03 20:30:00
0.024429997,0.03360312,0.029395487,0.023837445,0.024959551,0.024644919,0.027758706,0.018634992,0.031188408,0.043680318,0.04183205,0.024027914,0.030889645,0.030137263,0.017483959,0.023169491,0.03907985,0.030150393,0.032469157,0.05506703,0.039536186,0.025417704,0.02427213,0.019601908,0.014927468,0.03417436,0.045443512,0.03134532,2024-04-03 20:31:00
0.021701727,0.042383976,0.024939943,0.019974314,0.02150905,0.026862757,0.025202814,0.018767422,0.038197637,0.05430074,0.03546765,0.017781751,0.036068965,0.019502468,0.023653325,0.022273606,0.031235984,0.029514235,0.037503224,0.045088865,0.041073628,0.01676233,0.021781508,0.017746856,0.027662268,0.04406424,0.041596472,0.03416989,2024-04-03 20:32:00
0.020461082,0.039241426,0.03305651,0.036967948,0.026912306,0.017857833,0.023943966,0.016377518,0.019575607,0.051578965,0.032311752,0.01901925,0.04217473,0.036079112,0.036520835,0.016247228,0.012075299,0.027918817,0.029694943,0.036693633,0.042278685,0.01723359,0.017826362,0.037553508,0.025779245,0.038119506,0.044614542,0.029836237,2024-04-03 20:33:00
0.0229475,0.0115216095,0.016444342,0.032879453,0.030225988,0.020010317,0.020198653,0.019935384,0.026122892,0.052506886,0.039471414,0.022835312,0.024226459,0.039398078,0.021011058,0.028803678,0.022099407,0.014728401,0.03087864,0.044763856,0.03576761,0.022318138,0.019871736,0.021652598,0.020978816,0.03087101,0.038246933,0.027313022,2024-04-03 20:34:00
0.023881566,0.017139181,0.029022189,0.02717231,0.015674163,0.021461684,0.025317866,0.02392514,0.02646226,0.053795684,0.04401292,0.020925147,0.02981662,0.040739574,0.025208762,0.015251758,0.015292302,0.016269296,0.03337297,0.036621675,0.041777205,0.011130155,0.02509233,0.014529014,0.011786543,0.026109006,0.04166632,0.0372155,2024-04-03 20:35:00
0.02444215,0.02694793,0.020676501,0.029348018,0.021653956,0.021737253,0.029219013,0.01968534,0.01729484,0.05645886,0.03853895,0.031823777,0.029292606,0.027683657,0.042052776,0.019156376,0.013936143,0.029758314,0.03326169,0.041370045,0.028708871,0.020409126,0.018391496,0.022373784,0.023694377,0.02422639,0.04304249,0.029965265,2024-04-03 20:36:00
0.021466365,0.036587644,0.027935635,0.042209815,0.045471672,0.022044128,0.028038764,0.03416171,0.026760647,0.05305058,0.03143673,0.029093599,0.025322821,0.034012932,0.048280254,0.031159265,0.039085772,0.0362109,0.044318087,0.045084618,0.027310781,0.02840668,0.021032013,0.017010557,0.017993147,0.07791664,0.0439762,0.037995458,2024-04-03 20:37:00
0.022588886,0.042271294,0.033153035,0.0257221,0.085971676,0.018311596,0.027832685,0.03342141,0.029569656,0.051430263,0.029171584,0.027872922,0.028288849,0.026425755,0.030470157,0.021285739,0.021680543,0.0469095,0.041930884,0.044831775,0.034306683,0.020254632,0.033340514,0.017456647,0.015332812,0.028367493,0.052188776,0.03368287,2024-04-03 20:38:00
0.024002004,0.033819906,0.03416107,0.02365182,0.017922917,0.028013118,0.01779111,0.023051016,0.02582397,0.041322354,0.039167,0.0284043,0.03323677,0.026647264,0.02600229,0.049581915,0.02494626,0.029208453,0.035161685,0.04404801,0.03452981,0.014257094,0.013497087,0.019260854,0.01544667,0.035414726,0.046168778,0.041792806,2024-04-03 20:39:00
0.019797053,0.035849947,0.022295827,0.023903415,0.027804753,0.022663862,0.014949132,0.022914376,0.025811832,0.036007725,0.04249142,0.027450278,0.029595952,0.022784764,0.053209137,0.02250543,0.022898097,0.033388123,0.039816394,0.053076886,0.03231573,0.029548602,0.020413972,0.017754648,0.017886365,0.025932478,0.041447062,0.032167688,2024-04-03 20:40:00
0.021750905,0.018945679,0.025379576,0.045647018,0.029607054,0.015396365,0.02464743,0.021062966,0.02721279,0.04407682,0.046866506,0.039174143,0.03533765,0.024044506,0.026602782,0.027725684,0.012623614,0.019182544,0.03597724,0.035641998,0.039638314,0.034134626,0.016912112,0.022322915,0.009875867,0.029825209,0.04600474,0.032327753,2024-04-03 20:41:00
0.022061635,0.09634282,0.020278504,0.039079916,0.0155877825,0.021956619,0.017772786,0.013617427,0.039498713,0.044085443,0.036870155,0.02729059,0.032293495,0.028056648,0.014628946,0.019928522,0.028306982,0.034438986,0.03511043,0.03700847,0.03241932,0.017820701,0.019279981,0.015135388,0.029957728,0.03127339,0.041303694,0.033316433,2024-04-03 20:42:00
0.020217873,0.03498833,0.030679539,0.031118665,0.018113198,0.0152537525,0.018386694,0.030117547,0.033777278,0.056563213,0.030227683,0.039661955,0.04181453,0.029122567,0.02693207,0.017482564,0.024336258,0.022096872,0.029573202,0.036914185,0.03358928,0.0155256735,0.0239022,0.019007338,0.024973288,0.029667038,0.042903062,0.032362305,2024-04-03 20:43:00
0.023669386,0.028466213,0.04722595,0.023807893,0.018208167,0.013000768,0.035393517,0.031187588,0.023795431,0.06226592,0.035002857,0.021283448,0.027541298,0.028181678,0.019198919,0.021626929,0.025297374,0.015783548,0.032268643,0.04489574,0.029752895,0.030450245,0.017481895,0.011340222,0.01753781,0.0314172,0.052659545,0.03173267,2024-04-03 20:44:00
0.024036152,0.0139972605,0.02582081,0.021118047,0.016937004,0.015853174,0.021665279,0.02746045,0.03844233,0.047848802,0.033579998,0.023586793,0.034454253,0.033025328,0.0153782945,0.022794956,0.010990683,0.029648738,0.033019036,0.040645264,0.03362262,0.020601835,0.022912752,0.016877217,0.029881204,0.024749363,0.045431923,0.03207793,2024-04-03 20:45:00
0.023679202,0.03449651,0.029103294,0.030178148,0.020338021,0.017589835,0.022800088,0.02369669,0.030855542,0.04534099,0.040430322,0.017195377,0.02706687,0.02226581,0.021339795,0.023839891,0.016460653,0.037646554,0.037113227,0.036149524,0.035065517,0.01638051,0.03560146,0.033729326,0.017644785,0.02794116,0.057115342,0.03311628,2024-04-03 20:46:00
0.019272305,0.037360344,0.02906939,0.028468467,0.014286713,0.023718473,0.01880485,0.017174343,0.020208526,0.047906466,0.04750979,0.026937453,0.03760932,0.020911265,0.027405025,0.030758424,0.012045433,0.019719109,0.03135957,0.045641236,0.03540675,0.012156968,0.021597974,0.014226221,0.031734385,0.034132313,0.05618524,0.015294489,2024-04-03 20:47:00
0.025056915,0.03302542,0.02076377,0.054760356,0.014722111,0.014811406,0.030960906,0.028432112,0.02926181,0.04711838,0.04349906,0.022817822,0.03573546,0.07004371,0.024259498,0.027490498,0.017799085,0.0374189,0.039091136,0.044785433,0.030846898,0.026916785,0.017934352,0.009477873,0.019979449,0.02471366,0.056573592,0.033162314,2024-04-03 20:48:00
0.022950698,0.037438735,0.043042123,0.038268257,0.029465336,0.020724237,0.023300214,0.021502426,0.025670249,0.0540817,0.045840424,0.018619461,0.020673284,0.02788333,0.034441583,0.025635585,0.030471144,0.044709187,0.04376067,0.04517886,0.031864915,0.016739741,0.019434957,0.021656243,0.018009797,0.028433822,0.07520008,0.029504778,2024-04-03 20:49:00
0.02176717,0.033299875,0.022819377,0.038262837,0.017546047,0.019103723,0.0422815,0.026278555,0.02838943,0.056573536,0.036374036,0.02870652,0.043415394,0.038900163,0.024213467,0.02377871,0.030422105,0.029073887,0.029792313,0.053376663,0.02993984,0.021794438,0.02421136,0.018222328,0.022474902,0.024541521,0.05742491,0.030061608,2024-04-03 20:50:00
0.023926925,0.038731907,0.03754493,0.030510206,0.023620583,0.018519735,0.018665522,0.03678485,0.027277721,0.056538574,0.048840918,0.01923636,0.041212652,0.03683962,0.025672011,0.03486374,0.0074105975,0.021634402,0.028055143,0.047288172,0.028433276,0.021492347,0.02329198,0.0277351,0.020740815,0.037246477,0.061534114,0.034707703,2024-04-03 20:51:00
0.019803856,0.018368607,0.026945388,0.05094621,0.022202155,0.018593082,0.01612099,0.026704235,0.028991628,0.06427201,0.051033426,0.024232099,0.025765443,0.022507021,0.03860116,0.015071828,0.01723591,0.014672697,0.034248523,0.045524087,0.037262645,0.030188886,0.013907987,0.017374774,0.02828587,0.027508494,0.068027176,0.032350756,2024-04-03 20:52:00
0.02361559,0.033840813,0.01885913,0.034079235,0.016752534,0.07892389,0.02813902,0.0700008,0.021054598,0.036796212,0.044565614,0.017482974,0.04281302,0.02610289,0.027729763,0.023604183,0.00908171,0.03629634,0.031177532,0.044899013,0.033892583,0.009585398,0.022792622,0.012762143,0.020542959,0.029848823,0.058717117,0.031745616,2024-04-03 20:53:00
0.02577489,0.035261873,0.017282749,0.0253863,0.022486212,0.021169664,0.016893275,0.025988765,0.026631499,0.0479645,0.04371742,0.02210921,0.045441963,0.03920508,0.015645953,0.025951397,0.014492353,0.031540252,0.027165035,0.044901904,0.034733668,0.012149622,0.02293881,0.012102511,0.016524611,0.023623032,0.05402727,0.034732167,2024-04-03 20:54:00
0.023941316,0.032215346,0.020261243,0.034818243,0.020021424,0.022541301,0.03134964,0.020526784,0.028663699,0.043148465,0.0497403,0.020014524,0.038450863,0.02590737,0.022600016,0.022433208,0.03068706,0.03763263,0.029991819,0.045186974,0.028693277,0.023320014,0.020063987,0.009824966,0.025121856,0.036364723,0.062959306,0.034328103,2024-04-03 20:55:00
0.014337697,0.022666933,0.026967613,0.030407364,0.019892635,0.013951849,0.016127648,0.026382571,0.018527055,0.06526035,0.036216307,0.022226095,0.04807927,0.03526166,0.016020825,0.017703796,0.02168386,0.023651049,0.10361153,0.043155614,0.027755642,0.023675937,0.017990831,0.019700572,0.022650959,0.02717997,0.037114806,0.03292454,2024-04-03 20:56:00
0.021907773,0.037268326,0.029649349,0.031623155,0.018358417,0.020562036,0.01932729,0.023574512,0.024808018,0.057168752,0.039081886,0.027558498,0.034395333,0.026945194,0.02494302,0.012715346,0.021971153,0.032899927,0.046219815,0.06885963,0.03808233,0.02021675,0.01963742,0.029817723,0.013363764,0.03207176,0.054917086,0.03019004,2024-04-03 20:57:00
0.022401989,0.033618547,0.027116403,0.04331005,0.017963724,0.016205566,0.023728378,0.01824241,0.021201015,0.050392978,0.036371626,0.028119434,0.036645073,0.023347834,0.03223734,0.021970691,0.023519097,0.024507103,0.07414149,0.048953626,0.036298063,0.028094077,0.018422898,0.011831992,0.0077097206,0.031093389,0.09070345,0.03392933,2024-04-03 20:58:00
0.022057392,0.020081632,0.021732816,0.02168985,0.019159239,0.02559478,0.025593821,0.019759318,0.0210345,0.04486354,0.04405785,0.01840539,0.031404816,0.029208187,0.013711325,0.04371166,0.01618198,0.26920146,0.035809368,0.045080326,0.03723981,0.018684978,0.015869495,0.015540677,0.017370565,0.021547686,0.067575306,0.03053832,2024-04-03 20:59:00
0.02781018,0.01428649,0.037142556,0.030164061,0.026577469,0.02268755,0.017893312,0.015525002,0.014558567,0.056731015,0.039693896,0.033362214,0.02449363,0.01950276,0.029686652,0.013015138,0.0154647,0.026767327,0.032479215,0.036146723,0.035287473,0.011946867,0.018819103,0.012179833,0.014026983,0.020961644,0.06799434,0.031063192,2024-04-03 21:00:00
0.02368619,0.033111833,0.03497573,0.035326358,0.024937063,0.013939429,0.025288617,0.014405969,0.023375362,0.054658018,0.025512166,0.022117723,0.030561533,0.024278933,0.01806795,0.018374955,0.013976577,0.033583973,0.04136415,0.036123104,0.029138766,0.028250396,0.031103648,0.029261045,0.026904033,0.027858475,0.07300598,0.0340578,2024-04-03 21:01:00
0.021741128,0.0811016,0.031448442,0.040678676,0.014943354,0.018237112,0.16735446,0.021789052,0.024734156,0.05790522,0.038515177,0.03066981,0.03111287,0.03054349,0.016739031,0.024141593,0.01432333,0.024850417,0.03717546,0.036725007,0.025135726,0.018599922,0.022565214,0.021048937,0.016651778,0.04442428,0.055215523,0.036974348,2024-04-03 21:02:00
0.022217475,0.0368929,0.035566404,0.027755193,0.0150704775,0.024644634,0.02280081,0.028996313,0.01586596,0.041944854,0.041346464,0.021088677,0.03172387,0.025363885,0.015356513,0.01315565,0.024086006,0.03637222,0.03888553,0.038331542,0.025885666,0.01639536,0.018065188,0.032489322,0.015575877,0.033747364,0.06622263,0.039384253,2024-04-03 21:03:00
0.022583555,0.039054,0.022145668,0.028105818,0.015201284,0.020110087,0.038125202,0.030035133,0.023385247,0.041245453,0.030397011,0.032801714,0.031801052,0.025585495,0.015390243,0.017247036,0.01582652,0.027617423,0.033521492,0.04331342,0.029483914,0.025122926,0.023305465,0.021903945,0.022080738,0.03270204,0.06475906,0.034042757,2024-04-03 21:04:00
0.02464809,0.032633245,0.035093565,0.043752983,0.022587804,0.019107603,0.019011114,0.027770322,0.0207426,0.045469113,0.055366877,0.033731442,0.03135653,0.027921967,0.025932526,0.023418587,0.021909531,0.020229198,0.032666318,0.040707767,0.032282297,0.021582266,0.017759698,0.024641076,0.020532934,0.021254392,0.056389008,0.03289376,2024-04-03 21:05:00
0.022282986,0.03226296,0.031802274,0.041243497,0.014869541,0.014123229,0.028206682,0.01506534,0.022526117,0.051757026,0.031228436,0.031203784,0.026596038,0.025377482,0.016100103,0.031359572,0.025229078,0.028715052,0.028674576,0.04282657,0.030857129,0.032052137,0.023123797,0.019865628,0.021175375,0.034517787,0.05872357,0.03762913,2024-04-03 21:06:00
0.022550412,0.034811,0.019089464,0.02047697,0.02555672,0.01721328,0.020282947,0.023092167,0.02628063,0.04951315,0.050547756,0.028449906,0.0397262,0.023514327,0.024054999,0.023212569,0.019723792,0.028513463,0.029054515,0.051154666,0.035775688,0.01569996,0.019147074,0.01818664,0.021143666,0.023654133,0.060914,0.03520599,2024-04-03 21:07:00
0.025529778,0.039600685,0.034738928,0.029702013,0.020584187,0.018606447,0.029377263,0.020806547,0.049616717,0.056150705,0.024765553,0.026188208,0.0402204,0.021483235,0.023791306,0.029304115,0.013089783,0.02772939,0.028263235,0.03662526,0.033253115,0.020778583,0.02615788,0.017160485,0.016983826,0.023513572,0.053261895,0.032298975,2024-04-03 21:08:00
0.021894516,0.08034994,0.034811858,0.025087936,0.020332132,0.024337232,0.020881042,0.021244591,0.035076182,0.03677997,0.030689754,0.032668103,0.031624652,0.020832649,0.041346993,0.029668596,0.011323491,0.03403454,0.027816383,0.049297802,0.03409231,0.021610584,0.022623604,0.023591952,0.022071235,0.03002025,0.057159245,0.034357253,2024-04-03 21:09:00
0.018117182,0.035139605,0.037905477,0.0294421,0.017449195,0.053566992,0.02006527,0.026358848,0.02021652,0.055294544,0.026193073,0.030361386,0.045354914,0.020247653,0.016857397,0.016980832,0.027176663,0.032309216,0.029137556,0.044938933,0.04032844,0.029897954,0.023828043,0.02690127,0.049532704,0.028232774,0.041827496,0.035205882,2024-04-03 21:10:00
0.018174868,0.03456904,0.028636329,0.032977752,0.018745132,0.017358303,0.022286372,0.058162846,0.027177155,0.048549097,0.042334944,0.02724258,0.0311339,0.023110684,0.022191899,0.025146274,0.018634107,0.04170889,0.026448978,0.04198636,0.029708907,0.021291127,0.03564895,0.019767625,0.020629944,0.02278458,0.05235927,0.034267288,2024-04-03 21:11:00
0.023758493,0.03610404,0.029888762,0.031057533,0.023963084,0.017040037,0.031484466,0.027740818,0.054173414,0.052600343,0.031899333,0.029692078,0.03747398,0.014953468,0.021383645,0.020641118,0.021454789,0.031676278,0.029148126,0.06582543,0.03266847,0.017294321,0.021385256,0.0204115,0.020236064,0.0301671,0.043699633,0.035608694,2024-04-03 21:12:00
0.026052816,0.03487885,0.027253035,0.027107788,0.01426816,0.022475531,0.023750179,0.021911277,0.023160689,0.056880604,0.026936853,0.022397464,0.037018728,0.025026847,0.03986843,0.021528633,0.014903298,0.026551547,0.028811356,0.040203825,0.032346055,0.023446972,0.01756599,0.018439697,0.019335847,0.03513072,0.051080924,0.040666103,2024-04-03 21:13:00
0.019003225,0.026859608,0.026454631,0.017243272,0.017704392,0.01555439,0.020824805,0.02251829,0.016902803,0.060611192,0.03315055,0.027066201,0.033401918,0.029859917,0.05208626,0.023437118,0.025505198,0.035180856,0.028460668,0.03612529,0.028168902,0.01312959,0.02458507,0.016587859,0.02459343,0.034869738,0.05015874,0.033107553,2024-04-03 21:14:00
0.020153273,0.024499945,0.03275322,0.023120543,0.014349717,0.022068832,0.018701809,0.020124711,0.01653221,0.05308788,0.0340607,0.02770181,0.030729413,0.017617622,0.058821466,0.021977792,0.023185797,0.0371828,0.032954037,0.039390646,0.03435416,0.016183818,0.01982604,0.015805908,0.053673644,0.025556954,0.059869558,0.03442456,2024-04-03 21:15:00
0.022974655,0.04066804,0.021580135,0.02752044,0.016305672,0.02621391,0.018767918,0.018364808,0.023708671,0.0395891,0.031759955,0.024446122,0.030146923,0.014472676,0.016360627,0.027749911,0.012227489,0.04038856,0.037666302,0.044844773,0.033659868,0.01735667,0.018560043,0.027269196,0.01627108,0.11648973,0.04982538,0.034685083,2024-04-03 21:16:00
0.022162791,0.023576597,0.02633316,0.1918235,0.021525031,0.02308917,0.025624307,0.02192639,0.014517914,0.062704556,0.03126996,0.028694673,0.036961123,0.03270824,0.031795174,0.025459137,0.023422489,0.034668006,0.02857531,0.045871086,0.030924933,0.017200481,0.028349042,0.01742575,0.022102075,0.02837347,0.052347418,0.011683479,2024-04-03 21:17:00
0.019901669,0.035018113,0.041015886,0.035357375,0.026306733,0.016327124,0.024578251,0.021217208,0.017447697,0.052425932,0.0351291,0.037572533,0.049197022,0.022474837,0.03518486,0.03037239,0.026824502,0.034546863,0.030851612,0.05759937,0.03565769,0.045206174,0.019155364,0.05336882,0.02352726,0.02083614,0.0581083,0.041872073,2024-04-03 21:18:00
0.021797746,0.01630549,0.030805912,0.037513345,0.021035174,0.025941737,0.028517768,0.02745619,0.022094093,0.06186201,0.032028873,0.016500005,0.03137014,0.016511684,0.014487506,0.01941024,0.020702824,0.03371864,0.026761748,0.04776159,0.03095974,0.024887353,0.026491234,0.023743339,0.017377404,0.017342865,0.0629884,0.03069356,2024-04-03 21:19:00
0.027805746,0.03301507,0.035625782,0.051512882,0.013922406,0.015594581,0.022186162,0.02457845,0.022395145,0.058888044,0.03686736,0.02963004,0.041141532,0.02328862,0.029893257,0.022123639,0.01329777,0.041710224,0.027520504,0.03668471,0.028440619,0.022233212,0.023634452,0.024802653,0.023066813,0.027231134,0.0625805,0.03280271,2024-04-03 21:20:00
0.021194376,0.030697066,0.042653963,0.034438714,0.029703181,0.009101055,0.020301113,0.029179562,0.023378756,0.04940849,0.03482549,0.043775864,0.02983566,0.031771768,0.022784505,0.014567606,0.048027594,0.044202216,0.03768579,0.044824842,0.040167768,0.020946352,0.016483746,0.026395626,0.024099402,0.028756768,0.060750194,0.017963571,2024-04-03 21:21:00
0.022639912,0.022800423,0.03186736,0.027125202,0.019653972,0.029488038,0.025025679,0.016448744,0.023156023,0.04476193,0.04687993,0.026956422,0.028209291,0.031344946,0.038447615,0.020608943,0.02077579,0.032983735,0.033270985,0.041373193,0.031388763,0.028165448,0.024470001,0.024036737,0.019151356,0.025659608,0.06351887,0.02077403,2024-04-03 21:22:00
0.021180062,0.029669726,0.02444814,0.035736527,0.016336404,0.03122756,0.03235257,0.0215629,0.018746968,0.060919847,0.041041203,0.023143204,0.035335716,0.029599763,0.018856544,0.03294603,0.004692639,0.02415878,0.03063366,0.04487031,0.0317803,0.018719397,0.026630279,0.018892206,0.02417373,0.029475445,0.06180264,0.020672504,2024-04-03 21:23:00
0.020447664,0.028887758,0.03130507,0.031938266,0.024907047,0.02194619,0.02570275,0.09070892,0.020708723,0.055932764,0.036803737,0.031775218,0.024385981,0.106516,0.015926324,0.024197739,0.020505777,0.026065558,0.03038753,0.036814604,0.03398611,0.063868865,0.017468948,0.017129896,0.012178241,0.0381874,0.061636195,0.032411765,2024-04-03 21:24:00
0.023320954,0.040679365,0.025730332,0.023880346,0.02194871,0.016817536,0.0199201,0.025269272,0.024423921,0.052431263,0.025892977,0.031766877,0.041605614,0.025041271,0.036216017,0.026960671,0.014446638,0.023119936,0.040960778,0.06667766,0.027515214,0.030304778,0.018247813,0.017419068,0.03853676,0.033864234,0.05189441,0.0308475,2024-04-03 21:25:00
0.030086976,0.036127247,0.021353487,0.03539315,0.017908834,0.018843222,0.022060769,0.0245255,0.021180712,0.05999961,0.03688796,0.02569392,0.023269799,0.017101586,0.020039715,0.028833866,0.013795266,0.02931125,0.026435511,0.036802214,0.031868845,0.017812686,0.026178485,0.020206414,0.017210502,0.025215205,0.053340826,0.0283982,2024-04-03 21:26:00
0.021953166,0.031112371,0.019793358,0.030919867,0.022424562,0.022168,0.021697514,0.027060041,0.023693068,0.04125527,0.028552657,0.027322823,0.03140932,0.026680794,0.015166038,0.023867784,0.015360906,0.028575554,0.027556328,0.047512483,0.034860775,0.023531873,0.022635195,0.02130931,0.014766893,0.028537747,0.050037727,0.03768435,2024-04-03 21:27:00
0.023715926,0.026462382,0.036661442,0.017356748,0.022823304,0.015994115,0.016714137,0.021853486,0.010975136,0.05163759,0.026491236,0.02630511,0.027513634,0.029088462,0.029262738,0.022439944,0.017239682,0.021659803,0.035510823,0.03684058,0.03935703,0.014104616,0.016253313,0.024331693,0.015335994,0.031659145,0.05573047,0.03129549,2024-04-03 21:28:00
0.02792098,0.032191534,0.027504403,0.017110288,0.02599491,0.022061985,0.015126318,0.022856308,0.025883304,0.06435565,0.027221506,0.031807948,0.035150874,0.03368313,0.01613429,0.018040583,0.018834747,0.029806549,0.034090452,0.045163088,0.03211092,0.015473268,0.01865127,0.011067872,0.017681317,0.03504815,0.055087674,0.030873476,2024-04-03 21:29:00
0.029688505,0.026889792,0.04050758,0.018282192,0.018682528,0.012866786,0.021728082,0.02805597,0.020900203,0.06121835,0.038298883,0.027151626,0.03567314,0.043886255,0.015166473,0.021424662,0.012496482,0.036924995,0.04120465,0.03616594,0.028976873,0.023624225,0.015329528,0.01794519,0.013391488,0.042081755,0.056655638,0.01689,2024-04-03 21:30:00
0.023821183,0.025545498,0.028974775,0.0216562,0.024292802,0.021836283,0.072438255,0.023872769,0.015971633,0.06507635,0.033984035,0.021776475,0.036845207,0.027273702,0.018425627,0.015536849,0.011579057,0.04243824,0.032798566,0.044832535,0.028381994,0.013642467,0.030223852,0.04565253,0.01986245,0.037725173,0.050842468,0.034964513,2024-04-03 21:31:00
0.020995202,0.03328731,0.026326455,0.03020182,0.023754831,0.015988294,0.023178512,0.017399259,0.023710465,0.054059733,0.04067221,0.03321168,0.034209784,0.029806765,0.027347263,0.022983544,0.012690514,0.028184135,0.032276113,0.035783876,0.028186746,0.02790247,0.017877525,0.021247607,0.0162542,0.033220876,0.12467781,0.033302344,2024-04-03 21:32:00
0.022661753,0.039594512,0.035645723,0.030845338,0.014862446,0.025110772,0.023259943,0.022837741,0.021513239,0.037055176,0.03772646,0.04359702,0.0322377,0.03863317,0.021348787,0.02558032,0.015504263,0.013572488,0.0344113,0.03648365,0.030442415,0.021253113,0.031901382,0.020614088,0.032030635,0.026226643,0.05698413,0.03451433,2024-04-03 21:33:00
0.024524951,0.017612439,0.036039993,0.02748076,0.016814347,0.015236728,0.03772301,0.020089004,0.01534054,0.043374144,0.035890352,0.015431864,0.038728174,0.041383773,0.03193802,0.027604524,0.016272765,0.038306214,0.038131073,0.036505897,0.0337609,0.018668607,0.02413262,0.028473852,0.015125497,0.035790317,0.050912604,0.028230235,2024-04-03 21:34:00
0.022204183,0.030606147,0.027968902,0.018537398,0.017779961,0.031567562,0.021422707,0.01927386,0.017113075,0.0634348,0.03387654,0.026754169,0.023641216,0.031583916,0.022729374,0.023781992,0.013920559,0.03465217,0.0334082,0.038818628,0.030569065,0.021091305,0.026913507,0.03070028,0.007541781,0.028221354,0.052079692,0.0375831,2024-04-03 21:35:00
0.021131061,0.029886227,0.02268131,0.020658758,0.026996475,0.01244672,0.023434408,0.021548094,0.011529635,0.059175484,0.029027572,0.028585559,0.02696503,0.026260307,0.019268516,0.023451656,0.02086419,0.025997788,0.03771348,0.036700454,0.03325847,0.012841108,0.03181832,0.0359197,0.023786271,0.018959004,0.053131025,0.037760533,2024-04-03 21:36:00
0.022830572,0.043163862,0.039690644,0.015950134,0.036391813,0.025355905,0.02434654,0.026928557,0.026575586,0.04344814,0.017846426,0.023271916,0.036904827,0.040717375,0.036286213,0.022971407,0.020842867,0.038183536,0.036356602,0.04147688,0.03443693,0.025313282,0.022405427,0.021383002,0.017515335,0.023495324,0.050024297,0.034853157,2024-04-03 21:37:00
0.021995677,0.030278608,0.04074022,0.018617423,0.017873555,0.025457785,0.021908358,0.023878692,0.02252779,0.066349,0.025917953,0.023822533,0.028060928,0.03224288,0.022646848,0.01822764,0.032883544,0.029021127,0.043345366,0.046202686,0.028300283,0.026857594,0.023034744,0.033134647,0.015407996,0.030770842,0.054210734,0.0315688,2024-04-03 21:38:00
0.022524139,0.034305602,0.025680482,0.011323143,0.031907585,0.022887997,0.03267165,0.022160186,0.024951702,0.06261886,0.033517025,0.042200122,0.03388516,0.022044579,0.02500076,0.01904832,0.021774806,0.040548522,0.04462639,0.044974145,0.030873058,0.025323508,0.0230165,0.015850943,0.0143134175,0.026045527,0.0639772,0.03120277,2024-04-03 21:39:00
0.021412449,0.043309633,0.029864645,0.029902395,0.026040498,0.031930715,0.02631724,0.025122063,0.017635098,0.05357943,0.033144396,0.029351557,0.041325994,0.022789165,0.020409616,0.01406612,0.008177345,0.027287731,0.034156334,0.036266036,0.036932863,0.011602857,0.025320552,0.017706975,0.02413653,0.026463434,0.055313624,0.034219228,2024-04-03 21:40:00
0.022845829,0.035956934,0.025084844,0.01670479,0.020035448,0.046213973,0.025751524,0.020031437,0.02148977,0.042857226,0.035807963,0.029537473,0.03173388,0.029826539,0.0142121855,0.021360705,0.012565076,0.03534493,0.035109572,0.045573726,0.035678342,0.1086056,0.020768423,0.019674247,0.025094414,0.024116782,0.03946964,0.034697674,2024-04-03 21:41:00
0.022853617,0.034144588,0.027925054,0.03994854,0.017180769,0.028369257,0.015724193,0.022289198,0.021972107,0.047269944,0.043607708,0.026145972,0.032239094,0.03246893,0.029027242,0.015865231,0.016356736,0.03049639,0.030143097,0.050529946,0.056963366,0.024280066,0.019155353,0.018827774,0.016320094,0.032295737,0.08822543,0.03458179,2024-04-03 21:42:00
0.02197892,0.031988837,0.0283695,0.03311052,0.027644088,0.03159983,0.024126144,0.022382664,0.011735923,0.06050897,0.03444673,0.026376093,0.03612094,0.03880652,0.016517239,0.012802661,0.017420504,0.026405789,0.027925177,0.04493196,0.02700581,0.023620283,0.026108194,0.022689251,0.023240542,0.022593483,0.065326616,0.03148803,2024-04-03 21:43:00
0.021474537,0.0422014,0.02226651,0.035410043,0.018469969,0.024478547,0.12462442,0.014102796,0.019968275,0.04445928,0.029869001,0.020956453,0.032648124,0.038477127,0.024595719,0.02162477,0.02300998,0.028488506,0.02829158,0.03665176,0.034602277,0.012236321,0.023497732,0.028192976,0.026837569,0.02860383,0.055265713,0.03502214,2024-04-03 21:44:00
0.022535343,0.033830408,0.031714063,0.01631729,0.050019376,0.022526188,0.15420775,0.02567171,0.0148416,0.057967108,0.025236093,0.054822482,0.021348689,0.032405093,0.04557434,0.018819649,0.03979657,0.028487945,0.040397327,0.04511546,0.032656137,0.024176504,0.023847818,0.020207662,0.012303735,0.025553675,0.053429287,0.023166584,2024-04-03 21:45:00
0.025830125,0.030666512,0.027536504,0.050795004,0.024471655,0.027266802,0.0324123,0.027842728,0.014134837,0.03827305,0.035798676,0.023323718,0.039994467,0.036670767,0.016283551,0.024980547,0.015283156,0.039708853,0.03218829,0.044911418,0.029214935,0.015185297,0.023384603,0.022300413,0.017812558,0.0300774,0.05062847,0.027045919,2024-04-03 21:46:00
0.03564099,0.040641267,0.02871087,0.043101273,0.024386015,0.025279995,0.02477018,0.03196565,0.022114644,0.04712553,0.04184997,0.0482961,0.040543586,0.03012669,0.017881988,0.012249246,0.0138808135,0.033537954,0.026751462,0.03670963,0.036336362,0.028291147,0.020863846,0.045498148,0.023236403,0.030506205,0.050607152,0.02548283,2024-04-03 21:47:00
0.02132625,0.02147013,0.03653231,0.05518436,0.016711647,0.030564923,0.018611252,0.027001798,0.015826548,0.053546846,0.02054967,0.028340919,0.034798775,0.040574223,0.022706969,0.023243362,0.026546916,0.03337809,0.032405768,0.03961957,0.034113828,0.020327652,0.029541755,0.025661932,0.012066581,0.033661574,0.04931579,0.020812193,2024-04-03 21:48:00
0.02459257,0.028955504,0.030044703,0.019388394,0.021915682,0.01757756,0.07407862,0.037523475,0.022462016,0.06245574,0.025077842,0.029847894,0.037709888,0.032141,0.028230047,0.014216713,0.038223945,0.023502653,0.044230964,0.045418132,0.033955798,0.02157401,0.023667747,0.011995472,0.015117326,0.022812445,0.050543763,0.034045592,2024-04-03 21:49:00
0.02493835,0.029426504,0.035002053,0.033813056,0.019561227,0.023204044,0.018801864,0.03077245,0.019464236,0.06702299,0.037747636,0.029164134,0.039002582,0.02761248,0.013641958,0.028301038,0.01049817,0.036911637,0.041863713,0.044865116,0.034573983,0.025306806,0.023575647,0.016292242,0.01520746,0.025861856,0.05053227,0.033202596,2024-04-03 21:50:00
0.025218904,0.031194998,0.024452845,0.033226248,0.05014161,0.019669255,0.03236988,0.02418303,0.0212341,0.052210342,0.030567503,0.02591399,0.028267216,0.034621198,0.03427305,0.012098123,0.02285504,0.040814273,0.022625495,0.035648167,0.031884834,0.02913675,0.02515651,0.020138668,0.026374714,0.025473315,0.052585118,0.034282845,2024-04-03 21:51:00
0.025447143,0.018107688,0.04451753,0.021991577,0.019547965,0.021443455,0.16879381,0.015692674,0.023253167,0.05612813,0.04639996,0.022115618,0.024075266,0.038804404,0.018938141,0.029555585,0.02000409,0.039655972,0.03887703,0.04540459,0.030466828,0.030027375,0.015268521,0.015970679,0.01653486,0.021338275,0.04455454,0.029635746,2024-04-03 21:52:00
0.018831315,0.027922083,0.026223917,0.063432075,0.023189781,0.018480426,0.018633971,0.02186244,0.017452903,0.044048786,0.036985796,0.031825043,0.038157452,0.10046775,0.03998074,0.030858804,0.01289419,0.03525387,0.028401745,0.03703136,0.037680924,0.013829492,0.026282962,0.01609573,0.020118816,0.023007734,0.03765226,0.039451458,2024-04-03 21:53:00
0.02246969,0.017781833,0.029282944,0.03127259,0.021280652,0.017118957,0.021993743,0.01771818,0.042861477,0.056127146,0.05094378,0.022245727,0.037773464,0.10344486,0.02170015,0.01758148,0.015513492,0.024402432,0.03385638,0.036489587,0.047865238,0.017097136,0.03216442,0.019161323,0.016739238,0.030400531,0.04146019,0.032896627,2024-04-03 21:54:00
0.020528244,0.023779001,0.027262777,0.019717755,0.028266802,0.025562601,0.020041479,0.019147864,0.018674636,0.05419366,0.023880633,0.03150797,0.036284257,0.025005288,0.017606279,0.021177834,0.014372497,0.031442415,0.027490856,0.036790807,0.0418036,0.018945394,0.013376893,0.015917893,0.019747313,0.024579084,0.044988263,0.036624886,2024-04-03 21:55:00
0.022501579,0.04269329,0.02900503,0.022538709,0.019020908,0.039939422,0.031105628,0.017971478,0.021387799,0.061232846,0.03373636,0.022320421,0.02170269,0.026557965,0.012301684,0.035995662,0.015768712,0.030401519,0.047607593,0.03627912,0.035523724,0.020558985,0.018339794,0.056208376,0.0242288,0.022435889,0.040089227,0.042168934,2024-04-03 21:56:00
0.021883193,0.021517701,0.026823305,0.04637206,0.015771475,0.019240355,0.025588654,0.02238154,0.012423036,0.041418273,0.045265526,0.031887893,0.028856529,0.031040544,0.02519539,0.012611763,0.025002223,0.039944954,0.03472917,0.05321239,0.028230762,0.020120768,0.01962297,0.020567358,0.016663287,0.02829609,0.06016071,0.037116133,2024-04-03 21:57:00
0.025051162,0.019703694,0.027713344,0.018780138,0.01689952,0.03356705,0.026572026,0.019318623,0.02440629,0.042553835,0.043717027,0.032562796,0.027563257,0.03395558,0.037912007,0.018161979,0.023857394,0.037179735,0.035854258,0.04535167,0.036243618,0.017987683,0.02430478,0.02123336,0.021101508,0.021133473,0.054473307,0.03426334,2024-04-03 21:58:00
0.030184424,0.027865341,0.016962944,0.017317954,0.01672111,0.028147718,0.026154134,0.029470382,0.016033249,0.06310812,0.04740508,0.027389942,0.024483213,0.09060214,0.027431617,0.0246056,0.022052146,0.035465755,0.027901085,0.04551253,0.034523007,0.01571197,0.017583651,0.024458827,0.0195035,0.027652057,0.0561839,0.03630887,2024-04-03 21:59:00
0.10882092,0.030812625,0.030959591,0.020606833,0.0206992,0.023308873,0.018249309,0.014470472,0.023154115,0.06358416,0.022472698,0.022323119,0.018619461,0.03219745,0.026176048,0.027062798,0.01916988,0.031598974,0.035498485,0.044854138,0.029383127,0.008997794,0.022217685,0.014112841,0.015321285,0.028288798,0.054213207,0.039548445,2024-04-03 22:00:00
0.028319554,0.037194908,0.025316544,0.014801708,0.0630196,0.023706544,0.024573013,0.015504619,0.022537505,0.0603116,0.039181255,0.029470265,0.026825301,0.03621075,0.015991222,0.025262538,0.015670298,0.03717973,0.045179114,0.04387961,0.03160754,0.024679564,0.021057228,0.010902052,0.018450182,0.03424952,0.055916592,0.051594228,2024-04-03 22:01:00
0.048002053,0.03476828,0.024672408,0.0291898,0.017013539,0.026559705,0.17678183,0.020004923,0.027967537,0.04054031,0.030895587,0.025851224,0.028232068,0.030931473,0.017202735,0.027942477,0.026831707,0.041217793,0.02779421,0.044818483,0.03768325,0.016240992,0.025011119,0.026024269,0.015540384,0.030761074,0.049302105,0.03601378,2024-04-03 22:02:00
0.023640929,0.039224938,0.020465164,0.028317938,0.019820224,0.018804014,0.033099677,0.025797162,0.02258011,0.051099464,0.03593741,0.021225201,0.03131434,0.035045948,0.030604908,0.025421703,0.044261448,0.040247057,0.03130395,0.053451777,0.03337501,0.013323789,0.020071577,0.012312774,0.016027352,0.025916105,0.06098574,0.033026796,2024-04-03 22:03:00
0.0224037,0.029709967,0.015870484,0.030329593,0.015740175,0.023903275,0.018927671,0.01878854,0.021948561,0.05810639,0.039003287,0.025479354,0.04227345,0.031733364,0.019772293,0.3023448,0.023826526,0.040559564,0.030115182,0.038978063,0.034717336,0.017502531,0.02474757,0.018877767,0.016924879,0.027248265,0.048753865,0.03659329,2024-04-03 22:04:00
0.024298029,0.01853124,0.02824776,0.03268927,0.01625463,0.018459432,0.02514276,0.020784313,0.01727601,0.059517726,0.04574856,0.019655582,0.03895519,0.03372528,0.01984617,0.02061232,0.02136492,0.036537677,0.02936362,0.03966354,0.028246475,0.03007876,0.023557164,0.020082602,0.020616364,0.03413378,0.04616633,0.033420864,2024-04-03 22:05:00
0.023594107,0.031840738,0.030589446,0.021619081,0.021102713,0.024742061,0.023010962,0.017693657,0.015984513,0.046748307,0.043180488,0.024446286,0.027313352,0.024051558,0.021095758,0.024068767,0.014365177,0.04282066,0.04205001,0.045179315,0.03026486,0.012583753,0.017188292,0.01231325,0.027348967,0.027378805,0.030515878,0.04332394,2024-04-03 22:06:00
0.029062552,0.045753762,0.029576747,0.023433032,0.024207879,0.018424593,0.01797556,0.026933704,0.018990492,0.12800352,0.043255143,0.027939571,0.034049027,0.03305896,0.026884949,0.015989048,0.020538598,0.027351974,0.03155412,0.03604272,0.040659625,0.011580954,0.023575576,0.04163254,0.014573616,0.032725453,0.049240205,0.038840972,2024-04-03 22:07:00
0.027248872,0.02784602,0.033932917,0.023243655,0.021767223,0.019533653,0.018024413,0.023031272,0.018814314,0.054901972,0.036744133,0.035254173,0.041997142,0.035658054,0.040358655,0.023252703,0.016847402,0.03346562,0.036716238,0.040301386,0.041085448,0.023542898,0.025083475,0.012469274,0.032676805,0.028444497,0.10251041,0.033555053,2024-04-03 22:08:00
0.020317942,0.018440431,0.027655322,0.039274704,0.022282293,0.015194382,0.017779734,0.022130733,0.019418767,0.047591247,0.033820346,0.026112145,0.04279929,0.037808113,0.036971953,0.02209134,0.0143739665,0.039078366,0.021809414,0.036418036,0.034988623,0.014233208,0.023765408,0.018927101,0.0252844,0.019714938,0.045087207,0.033764932,2024-04-03 22:09:00
0.02210782,0.035563514,0.024081675,0.03614315,0.012927532,0.020803828,0.0438763,0.018546017,0.02026724,0.058421724,0.045365408,0.02157946,0.035728738,0.026268361,0.037282128,0.01643877,0.018668657,0.041975863,0.030772632,0.036349896,0.030354057,0.021933539,0.037722245,0.019893415,0.010989469,0.028029667,0.042576384,0.04356627,2024-04-03 22:10:00
0.024096487,0.024499988,0.037374176,0.028425753,0.020611053,0.028612254,0.022527957,0.024501968,0.015285048,0.055586997,0.035263248,0.02446222,0.02880195,0.037211962,0.029053522,0.022906562,0.049927197,0.034148242,0.03479937,0.040469,0.03902631,0.027198179,0.015356585,0.022846667,0.026599608,0.025176499,0.042728506,0.02012106,2024-04-03 22:11:00
0.022512529,0.032832433,0.018034335,0.014107221,0.016579846,0.024008758,0.027473466,0.017725123,0.029109458,0.026946228,0.023981238,0.027270794,0.035018,0.031683758,0.029570153,0.027321255,0.014606598,0.034536663,0.027671779,0.036262576,0.033106506,0.021682024,0.036385097,0.043430485,0.0154486075,0.016975163,0.04005694,0.030280976,2024-04-03 22:12:00
0.02211318,0.032838423,0.01776899,0.036195543,0.021540236,0.013626376,0.020524645,0.024021909,0.01644565,0.046660118,0.040900867,0.02466341,0.03402769,0.03646783,0.022761995,0.02726511,0.018437816,0.036329027,0.03043159,0.04924385,0.04041868,0.027341705,0.018730626,0.023407111,0.024811314,0.022220926,0.042382095,0.02737015,2024-04-03 22:13:00
0.024022408,0.02340919,0.027451737,0.023015518,0.018999262,0.020927688,0.023215165,0.021673918,0.015741296,0.04554928,0.0349422,0.02086355,0.039510164,0.033422407,0.019726092,0.02851622,0.029615631,0.04242129,0.029237568,0.069914415,0.036654767,0.027762663,0.020453306,0.014389534,0.017117575,0.02442722,0.06798621,0.031523924,2024-04-03 22:14:00
0.022687707,0.031969074,0.027070323,0.03400561,0.022495465,0.0244111,0.029783573,0.02232315,0.024012232,0.040822987,0.036013052,0.027224425,0.028567178,0.034204952,0.020587124,0.023146005,0.021271762,0.037232526,0.032278255,0.046736628,0.03130636,0.028563388,0.030536445,0.023858162,0.021716068,0.018602883,0.047681246,0.034769323,2024-04-03 22:15:00
0.020634517,0.025257075,0.031614963,0.16719699,0.015383708,0.02070817,0.021360502,0.022513073,0.029133359,0.058493,0.03243012,0.019782444,0.038056664,0.032133892,0.014550966,0.026358483,0.026234895,0.03851286,0.027691964,0.045145273,0.033131413,0.023788782,0.023619276,0.013843509,0.04256835,0.028235694,0.045067947,0.035310086,2024-04-03 22:16:00
0.026535459,0.030506652,0.018794402,0.030541537,0.02686775,0.033644356,0.016433798,0.023454413,0.021125473,0.05448943,0.0417562,0.021524113,0.031495534,0.03326041,0.026521295,0.025644166,0.01548088,0.03866362,0.026761318,0.0412619,0.03586497,0.011277248,0.029947886,0.021704255,0.01904479,0.02631667,0.038042266,0.045400344,2024-04-03 22:17:00
0.020396736,0.023948416,0.03436417,0.04550763,0.021205992,0.02400738,0.02185838,0.02315645,0.017038109,0.05120035,0.039571036,0.040103413,0.033961803,0.029342089,0.015725898,0.023864448,0.024750007,0.03067074,0.029031046,0.044901796,0.03380513,0.02920468,0.02257706,0.015147806,0.016679201,0.023556337,0.04126627,0.032585416,2024-04-03 22:18:00
0.0792389,0.025085853,0.025537245,0.024758792,0.024526319,0.023435986,0.018360728,0.021100838,0.02408072,0.054007467,0.02935199,0.022574218,0.038275633,0.037347812,0.0267946,0.016321242,0.01619931,0.038062114,0.03454864,0.041687075,0.038105533,0.021662636,0.023327857,0.02050336,0.013365742,0.02417863,0.06536646,0.034941453,2024-04-03 22:19:00
0.022751372,0.043356236,0.031906966,0.024041824,0.015472906,0.012695422,0.017580494,0.022068065,0.0130492365,0.04541684,0.047039792,0.018381387,0.03442615,0.04301393,0.015061813,0.016354335,0.031498898,0.03473646,0.023919115,0.03630231,0.036849886,0.026483575,0.025659988,0.017382769,0.019197268,0.03521136,0.034434393,0.04293903,2024-04-03 22:20:00
0.020123105,0.037067562,0.016167238,0.029709974,0.019068975,0.023383884,0.013746486,0.020721303,0.02156909,0.050702572,0.0424921,0.031316303,0.03330852,0.07030022,0.02727908,0.024900446,0.011451822,0.03365849,0.022038998,0.045014136,0.032261357,0.08902003,0.023324044,0.01819107,0.01894606,0.033324007,0.032523032,0.038780168,2024-04-03 22:21:00
0.022901962,0.013268361,0.027480982,0.02681544,0.018334806,0.019836318,0.015641803,0.021594686,0.024264447,0.045628976,0.033623382,0.040888466,0.031153152,0.098148234,0.024399493,0.021264074,0.07821989,0.04018874,0.03840256,0.043589663,0.035141252,0.024289057,0.020428015,0.010430375,0.021821123,0.022501118,0.035171174,0.034296542,2024-04-03 22:22:00
0.028950952,0.026511323,0.032514933,0.015330448,0.016176399,0.010759378,0.019648379,0.022816561,0.023661464,0.052942075,0.04085024,0.035445083,0.02929387,0.021431461,0.016002215,0.040302943,0.029168898,0.037930265,0.03715064,0.046115942,0.035047144,0.027252255,0.02488197,0.016641952,0.02072999,0.028637486,0.027666867,0.032067142,2024-04-03 22:23:00
0.022113454,0.01252958,0.016736606,0.027745582,0.01818315,0.015133928,0.017978191,0.013907512,0.017363418,0.045651436,0.037374135,0.04984623,0.032019123,0.032057874,0.01574246,0.01766331,0.017067889,0.033600714,0.02343115,0.053418256,0.037441064,0.025763733,0.01782257,0.016022498,0.022803128,0.027447004,0.027971216,0.044211928,2024-04-03 22:24:00
0.02412222,0.021610301,0.03312557,0.014059791,0.019731851,0.05568927,0.019611377,0.02130437,0.11362848,0.05338457,0.036150247,0.02595045,0.025510091,0.03573594,0.05627585,0.02314646,0.022420686,0.035831016,0.031056015,0.036369015,0.02878335,0.029462403,0.0369285,0.025198799,0.020142667,0.027917871,0.033551957,0.03451749,2024-04-03 22:25:00
0.027496355,0.044108458,0.017130027,0.016730003,0.018840833,0.02100543,0.019776098,0.021041717,0.019611208,0.045124352,0.0260453,0.024216808,0.035555106,0.03530982,0.02700432,0.02360434,0.020564081,0.03867768,0.026340015,0.03630377,0.034187455,0.025368115,0.030853089,0.016856171,0.018458629,0.027240453,0.034600638,0.03348457,2024-04-03 22:26:00
0.022790149,0.031516034,0.028481562,0.019854143,0.023003519,0.025297353,0.029349815,0.022035979,0.021278152,0.040396556,0.030740578,0.037750017,0.023079602,0.032586355,0.041878324,0.02448141,0.019498054,0.03647471,0.034305967,0.048771758,0.03336874,0.024923863,0.031124897,0.019762833,0.025175264,0.03173947,0.037991755,0.03544721,2024-04-03 22:27:00
0.020310989,0.04366487,0.03040873,0.019345064,0.018551411,0.016406571,0.026478333,0.025178151,0.017865555,0.05746309,0.029032184,0.022788463,0.028179727,0.025284728,0.028743632,0.017936537,0.016571889,0.034945056,0.022437453,0.03926859,0.035640124,0.035935827,0.020963691,0.013984358,0.016647948,0.02661023,0.040156752,0.036305733,2024-04-03 22:28:00
0.038139526,0.01989561,0.03341507,0.027450949,0.014287419,0.021202462,0.024333742,0.053387478,0.019303743,0.04923069,0.03131299,0.019533418,0.035442457,0.039317228,0.017166423,0.014120488,0.022575274,0.03375583,0.028905028,0.036555093,0.03793143,0.03570082,0.025277916,0.008819758,0.034142766,0.029165072,0.034497947,0.03507751,2024-04-03 22:29:00
0.025639554,0.023413764,0.033196907,0.02543262,0.030877195,0.027325979,0.023431491,0.019369852,0.02303566,0.056030236,0.03244041,0.025562612,0.025962804,0.031103415,0.025420977,0.023648595,0.030595668,0.03645037,0.019236276,0.03585054,0.032165136,0.041815177,0.025772078,0.026507871,0.017477615,0.03327799,0.038400017,0.03466565,2024-04-03 22:30:00
0.022355711,0.031912856,0.040229116,0.013908066,0.02999128,0.024114268,0.028891252,0.022226809,0.018203994,0.03975528,0.031099126,0.017884942,0.03020159,0.03922112,0.02095675,0.0157293,0.017213514,0.048265476,0.04301084,0.045027096,0.033872355,0.046180338,0.029181229,0.021692125,0.031108804,0.025694687,0.02725045,0.04002643,2024-04-03 22:31:00
0.021851184,0.018331064,0.023510735,0.020465469,0.027067509,0.029624444,0.03262938,0.021809326,0.024104081,0.044393376,0.037798867,0.036865056,0.029065082,0.12116836,0.03366981,0.018777126,0.012789599,0.037406813,0.04118049,0.045114066,0.036806546,0.04368936,0.033320762,0.017996956,0.020861404,0.029489849,0.036008835,0.035631854,2024-04-03 22:32:00
0.0237441,0.029758252,0.027789794,0.015483966,0.022919945,0.017474364,0.02043752,0.020922635,0.03148896,0.051909875,0.037701625,0.026311893,0.022959648,0.03870012,0.012199376,0.011497002,0.019053405,0.03225664,0.021548787,0.035503298,0.034930807,0.029802974,0.017237455,0.014714714,0.021084208,0.030295247,0.038052898,0.029142993,2024-04-03 22:33:00
0.018498419,0.047376487,0.028029703,0.030445145,0.018654974,0.027033387,0.020719936,0.01883265,0.020745428,0.05052537,0.04896307,0.040731333,0.031697586,0.032072634,0.026867436,0.014387316,0.02294238,0.032518737,0.033166792,0.050572272,0.044767063,0.038456947,0.03303487,0.02718599,0.01755065,0.028569326,0.02123331,0.037741907,2024-04-03 22:34:00
0.022425551,0.03023594,0.026987143,0.031541716,0.015597048,0.012522883,0.025574422,0.019565245,0.0216617,0.055828605,0.02708644,0.03155747,0.03414632,0.037395798,0.02755169,0.021431772,0.022112213,0.024518197,0.0454537,0.03598729,0.02893112,0.030718327,0.02254103,0.016377663,0.014657169,0.042027146,0.022859005,0.035690524,2024-04-03 22:35:00
0.019272987,0.023962883,0.019620588,0.03318203,0.016282134,0.018595545,0.022005118,0.021621149,0.016016617,0.05655803,0.029772433,0.017595444,0.027124222,0.03168466,0.022646215,0.024101676,0.020893725,0.03518779,0.029912226,0.039200496,0.027917314,0.03189481,0.036880553,0.015350332,0.016074538,0.030411199,0.036554728,0.035605494,2024-04-03 22:36:00
0.023520611,0.028369974,0.035531703,0.035575815,0.017174125,0.033127606,0.02789328,0.020932285,0.024372168,0.05853795,0.039231848,0.039153524,0.029780062,0.030173235,0.049592465,0.025686074,0.027073957,0.04286089,0.051346935,0.045182556,0.032747973,0.03830836,0.033905182,0.009311424,0.015716426,0.034268424,0.030488016,0.03181275,2024-04-03 22:37:00
0.022380708,0.013636626,0.034801662,0.035537705,0.026214879,0.022003908,0.03224935,0.029072246,0.020936294,0.060100462,0.034048814,0.02077339,0.028785208,0.013085604,0.015219104,0.02743162,0.013149727,0.03983032,0.034517646,0.035930384,0.030498309,0.027185148,0.016693007,0.038120233,0.019803407,0.024239665,0.039702706,0.016700534,2024-04-03 22:38:00
0.022630565,0.025334787,0.032339778,0.030215077,0.018547686,0.019508826,0.030373888,0.036800507,0.017488783,0.050791055,0.02101992,0.026461108,0.0351289,0.031183677,0.0150742335,0.010506142,0.017317226,0.037007973,0.039166648,0.03582658,0.030695377,0.04075854,0.01776059,0.017395452,0.017638562,0.033585478,0.024673972,0.022229195,2024-04-03 22:39:00
0.02171867,0.017790841,0.020963963,0.047741782,0.021509977,0.0236368,0.020750314,0.028370824,0.016556296,0.05647574,0.03290207,0.03464883,0.03077087,0.031003874,0.030011525,0.022719292,0.018830005,0.028215017,0.04167703,0.04006927,0.03590612,0.03316783,0.05828643,0.016377503,0.014366693,0.015938789,0.034166366,0.041567236,2024-04-03 22:40:00
0.09312442,0.032699596,0.02665281,0.027317964,0.029142244,0.013655448,0.020882726,0.02997234,0.04586115,0.046094086,0.03563154,0.031536724,0.03622596,0.025986983,0.029907648,0.024544612,0.02528023,0.029130256,0.033618327,0.04410378,0.03323628,0.032574527,0.021787595,0.028036525,0.016625658,0.026792137,0.0093263965,0.036964376,2024-04-03 22:41:00
0.02289248,0.03799068,0.026000803,0.02224531,0.020015337,0.019849135,0.018587573,0.01948133,0.022028083,0.05158743,0.045366347,0.019659562,0.02624488,0.034222763,0.014203687,0.027040359,0.014790908,0.03727393,0.03912143,0.04481998,0.03232522,0.029608963,0.023394119,0.015371546,0.018310795,0.0231206,0.026241146,0.032241113,2024-04-03 22:42:00
0.022626173,0.032093495,0.032197826,0.025214242,0.012452509,0.022282928,0.019857174,0.023092797,0.01523733,0.07154091,0.035944756,0.026276406,0.031488206,0.033693444,0.014598065,0.021494877,0.024927163,0.038234837,0.037398886,0.04485303,0.036841184,0.030729488,0.033213716,0.025806703,0.025518548,0.045240916,0.06353554,0.033210777,2024-04-03 22:43:00
0.022921773,0.05356263,0.19914956,0.020188104,0.041051567,0.018640796,0.024569329,0.023019401,0.01966898,0.04488672,0.041657228,0.03120867,0.03202039,0.033813387,0.022787085,0.019015402,0.014232701,0.037120905,0.03825292,0.04483289,0.034577828,0.0333516,0.018493718,0.02268481,0.017825032,0.017800333,0.035063706,0.04281316,2024-04-03 22:44:00
0.022592992,0.033199992,0.035260253,0.019697247,0.01871602,0.027131824,0.032411493,0.02381315,0.020654319,0.04875574,0.026968336,0.021159666,0.026069256,0.036418844,0.026813501,0.019676773,0.019499004,0.035813645,0.042555165,0.044957336,0.03216476,0.031076627,0.011062146,0.014845233,0.025467893,0.020732574,0.022303836,0.034877554,2024-04-03 22:45:00
0.022851698,0.034376483,0.03071195,0.02062544,0.018728547,0.015414601,0.024013905,0.021236386,0.023622256,0.048599724,0.032254286,0.030696116,0.036333498,0.03039592,0.034401808,0.027841639,0.021783482,0.03204715,0.031692658,0.040004104,0.020498697,0.041346952,0.027409678,0.017547168,0.0142806405,0.03302323,0.018066196,0.034166597,2024-04-03 22:46:00
0.031298637,0.02076179,0.030082189,0.028456211,0.010019534,0.017191295,0.030403191,0.019556006,0.018220503,0.051959172,0.040305424,0.025219476,0.031098079,0.037508354,0.015087019,0.024276422,0.020195225,0.0377419,0.029656217,0.036084034,0.03267596,0.04056073,0.024322113,0.037132014,0.021033878,0.020668222,0.025091115,0.04103557,2024-04-03 22:47:00
0.02158481,0.03178103,0.029252935,0.021281706,0.020942291,0.021060301,0.017610386,0.030890869,0.019788116,0.10838984,0.050105482,0.022277864,0.035809252,0.09729164,0.0194132,0.019605717,0.032384496,0.033045623,0.018797034,0.044147145,0.03204412,0.035911262,0.028776243,0.014012927,0.02444608,0.023625694,0.02980439,0.033292517,2024-04-03 22:48:00
0.0279545,0.03705599,0.019672934,0.025402715,0.14060037,0.02136337,0.023245938,0.02508297,0.02394331,0.042987876,0.03849114,0.028984202,0.045872007,0.030732635,0.0153679885,0.030439485,0.02016297,0.040719718,0.02494611,0.045233976,0.0336231,0.02600482,0.023896346,0.011893561,0.022418175,0.024673035,0.034976657,0.03540292,2024-04-03 22:49:00
0.023602424,0.029846532,0.034821488,0.016061537,0.02580261,0.017580617,0.028558536,0.021381123,0.026194787,0.05297143,0.045139443,0.04007736,0.044680133,0.02897907,0.038877487,0.015637334,0.021831162,0.037664846,0.030208698,0.06198741,0.04271365,0.056688342,0.012675217,0.033896405,0.01758692,0.036553834,0.0651799,0.0373674,2024-04-03 22:50:00
0.02907765,0.031808127,0.03537168,0.029441915,0.01984019,0.019590298,0.02568311,0.02671666,0.021998998,0.03758937,0.033143774,0.022932913,0.03167711,0.03306759,0.0135407215,0.023797037,0.010892174,0.032626793,0.02884118,0.04486126,0.034902487,0.027361386,0.024028601,0.024983378,0.016992796,0.020456495,0.016578354,0.03743715,2024-04-03 22:51:00
0.025227576,0.016770909,0.030378545,0.021002011,0.034065846,0.022596532,0.031920515,0.019488178,0.021100817,0.036757268,0.030567091,0.03676733,0.037947852,0.021107107,0.01678745,0.018236304,0.018556174,0.03778746,0.03279704,0.038702082,0.03363588,0.035437252,0.06173691,0.019373572,0.04016803,0.021798939,0.056895666,0.03745365,2024-04-03 22:52:00
0.03105249,0.031329587,0.032065652,0.050392292,0.02221375,0.015365711,0.024032878,0.033121027,0.021354359,0.052647892,0.039694842,0.012802358,0.040790625,0.027682051,0.029170625,0.024621772,0.020828882,0.03706836,0.026889818,0.040148973,0.04172884,0.0319526,0.059936658,0.017350381,0.018884227,0.02255195,0.025014019,0.035893306,2024-04-03 22:53:00
0.023114895,0.03348629,0.02509025,0.008394145,0.023714723,0.02617315,0.030494312,0.016478714,0.02030337,0.060441587,0.023081658,0.022353124,0.042690784,0.032132067,0.013163721,0.021191487,0.018853758,0.03703195,0.023533821,0.0448997,0.040881533,0.027320078,0.020977177,0.020528993,0.020880638,0.024473235,0.07834102,0.033678386,2024-04-03 22:54:00
0.022934865,0.021010542,0.030962102,0.020744503,0.014164358,0.023421537,0.020113932,0.027563902,0.022248015,0.06362892,0.044092007,0.034344427,0.0399608,0.029836766,0.014679798,0.013036123,0.011996603,0.03452093,0.025873115,0.036735494,0.031564195,0.029695513,0.016216906,0.028555693,0.016709797,0.027543938,0.03832926,0.034902286,2024-04-03 22:55:00
0.02277131,0.031223016,0.026438083,0.013564641,0.022252416,0.011979268,0.020801844,0.01388658,0.026736679,0.050940223,0.032720987,0.024773225,0.034540612,0.03490624,0.030857442,0.019529346,0.0102780005,0.034318432,0.032441545,0.045135908,0.03302991,0.031731084,0.021055598,0.028973816,0.021800363,0.03337957,0.026569044,0.041599803,2024-04-03 22:56:00
0.021842008,0.030669007,0.017988814,0.025596581,0.019011466,0.019826127,0.032109804,0.023596836,0.024907807,0.04253566,0.03324044,0.03957783,0.028580304,0.03297364,0.044587206,0.022468843,0.03274461,0.040172916,0.03298073,0.045085352,0.034620948,0.028261373,0.021490984,0.014281827,0.015514113,0.038042724,0.03013838,0.042726077,2024-04-03 22:57:00
0.022447145,0.034336824,0.01837082,0.029257061,0.019115884,0.017423341,0.018322527,0.0275819,0.013188965,0.045380075,0.03943202,0.024334474,0.029836161,0.03770909,0.0384555,0.010525106,0.019319873,0.033544187,0.032845203,0.035866383,0.039699484,0.031248318,0.031241518,0.024312994,0.014848612,0.025509134,0.020145886,0.036852427,2024-04-03 22:58:00
0.02440305,0.032939848,0.028707705,0.032605134,0.017724214,0.017315486,0.02213645,0.018585954,0.02018196,0.050901506,0.029125389,0.033702116,0.033636626,0.02582113,0.03693936,0.031873383,0.018598031,0.034598168,0.025479037,0.04711489,0.03571291,0.030810412,0.036014736,0.02346338,0.01999019,0.03060196,0.037476256,0.032616254,2024-04-03 22:59:00
0.021813747,0.021894196,0.028627468,0.056085132,0.020250598,0.02876352,0.027874108,0.019771708,0.017387765,0.053463835,0.04876863,0.022194946,0.02798646,0.044589937,0.015617455,0.025095213,0.023657007,0.028121728,0.029784594,0.039709553,0.035213403,0.034903117,0.023013476,0.015100573,0.02168448,0.034839768,0.027030911,0.032666504,2024-04-03 23:00:00
0.022511061,0.033033345,0.02489417,0.038045477,0.019280529,0.018724663,0.02404025,0.01623266,0.019063236,0.051002044,0.044412278,0.027985549,0.02696668,0.03905069,0.03366606,0.018594144,0.011550522,0.043045953,0.032941576,0.035978556,0.030944852,0.028761318,0.027847007,0.014685416,0.017221043,0.03753939,0.0285769,0.039179258,2024-04-03 23:01:00
0.031912517,0.028583815,0.035494834,0.031625215,0.018700901,0.02026372,0.015826173,0.029352818,0.021803021,0.04383846,0.040330645,0.041261747,0.03392283,0.03229799,0.01606488,0.024883805,0.04023004,0.027471328,0.028652117,0.04014679,0.04781689,0.02753415,0.019805115,0.0195377,0.02491508,0.027224177,0.019182932,0.034941558,2024-04-03 23:02:00
0.023672491,0.032535717,0.025887167,0.020484962,0.014121372,0.020447806,0.031678315,0.01783571,0.02434322,0.058571637,0.040498782,0.026435714,0.02127417,0.021640718,0.014615105,0.027970435,0.039971966,0.03282095,0.051441427,0.04484735,0.036545057,0.06810658,0.023687111,0.014183168,0.021045921,0.050625905,0.036918994,0.035030264,2024-04-03 23:03:00
0.02221127,0.015817583,0.01475275,0.01647438,0.027172027,0.01014747,0.015292845,0.023235276,0.019184556,0.053841103,0.03935098,0.031029567,0.030844511,0.02170906,0.02698685,0.014790565,0.01663739,0.03142631,0.026169328,0.035831343,0.034851152,0.03032057,0.021776173,0.0152921,0.020675775,0.035144087,0.023984764,0.043807674,2024-04-03 23:04:00
0.024781434,0.027159408,0.022250524,0.03136849,0.01744873,0.017817516,0.032670584,0.018643677,0.019524466,0.033273343,0.03148302,0.027113246,0.031901784,0.03267827,0.032824166,0.01099083,0.019687397,0.033914246,0.027866663,0.035676233,0.024721207,0.024939952,0.01747064,0.019425493,0.02100964,0.025468955,0.02327455,0.032545157,2024-04-03 23:05:00
0.023784552,0.030891927,0.032529425,0.032708056,0.016969457,0.022407055,0.025130171,0.014856206,0.02968194,0.03692418,0.039520834,0.027222164,0.027972,0.02113387,0.023338014,0.017534435,0.024190912,0.038998287,0.027998835,0.042396843,0.04000451,0.027495485,0.020029692,0.01999588,0.020013928,0.028471258,0.022867834,0.035666842,2024-04-03 23:06:00
0.019375192,0.022462644,0.028807836,0.027865151,0.024419757,0.018190993,0.02453579,0.026812766,0.03378568,0.058312412,0.03190426,0.01580694,0.047264587,0.027452817,0.019390877,0.022103606,0.02296743,0.03580156,0.028277215,0.054949954,0.031038292,0.041993435,0.021991268,0.016866762,0.019288056,0.02738357,0.022386637,0.03635256,2024-04-03 23:07:00
0.019429347,0.03478624,0.034087874,0.018505502,0.021345582,0.023880651,0.026014747,0.023484766,0.023536522,0.04796847,0.039378535,0.017359642,0.030755356,0.030025348,0.014714429,0.024288598,0.022214636,0.038061764,0.044590782,0.036635958,0.03198206,0.024775937,0.02245256,0.012380884,0.02989551,0.03681243,0.024836613,0.03580626,2024-04-03 23:08:00
0.02349624,0.04187749,0.036387503,0.16677321,0.022806503,0.015125138,0.025476156,0.017548019,0.024037948,0.04524823,0.045608606,0.039617855,0.12226626,0.0334436,0.017121784,0.023436734,0.01572621,0.03863844,0.031488653,0.036761116,0.03433199,0.026912626,0.02412975,0.011063938,0.0168647,0.024972796,0.06872862,0.053298086,2024-04-03 23:09:00
0.030124875,0.028644271,0.04109568,0.016545769,0.026882851,0.021034481,0.024194136,0.013582506,0.02249727,0.03828959,0.048825696,0.030259576,0.030104415,0.039960533,0.018774176,0.022568768,0.017391581,0.031047506,0.03934227,0.044982996,0.034870293,0.03566756,0.04354057,0.023861341,0.018135253,0.027047683,0.03155253,0.03485232,2024-04-03 23:10:00
0.027778104,0.026864778,0.027337488,0.024673162,0.025641633,0.020508522,0.024940016,0.021447444,0.029610433,0.055629995,0.027583946,0.024125442,0.03897712,0.03048612,0.026068913,0.025097672,0.016833993,0.037150953,0.032379646,0.048045523,0.029473519,0.029885514,0.034037687,0.023404919,0.018886242,0.03238727,0.017985519,0.042948797,2024-04-03 23:11:00
0.022740087,0.023079347,0.02399061,0.019046638,0.01985338,0.010374252,0.029869806,0.020143123,0.023993785,0.036712524,0.03129521,0.018333472,0.042850073,0.031236261,0.016334912,0.03784007,0.012244545,0.038328305,0.027947515,0.044976346,0.026924847,0.027807014,0.022632483,0.016619401,0.015445751,0.022079427,0.028907305,0.033443138,2024-04-03 23:12:00
0.02335622,0.027727818,0.027961833,0.04203788,0.022858543,0.01782536,0.025590453,0.017237905,0.019735407,0.102129795,0.028732758,0.031055491,0.025995743,0.032758165,0.033108134,0.023541741,0.046015214,0.035976507,0.022830362,0.0451703,0.039730605,0.03448881,0.033110704,0.018984104,0.025650466,0.028737752,0.017675688,0.03646562,2024-04-03 23:13:00
0.022907784,0.03778332,0.031679116,0.034577657,0.017025426,0.024071477,0.019125596,0.014639837,0.017105568,0.05085544,0.030157475,0.023818301,0.0396928,0.034585223,0.018315008,0.022123752,0.020615011,0.037533,0.036484156,0.04489471,0.030628137,0.028695708,0.022037167,0.03168495,0.022356931,0.022100292,0.028176425,0.035737514,2024-04-03 23:14:00
0.022029985,0.028824454,0.029807672,0.020890119,0.021017134,0.024182295,0.020969488,0.018081624,0.022940757,0.043529876,0.0374978,0.033268422,0.023256382,0.034379903,0.04113974,0.01851077,0.017779687,0.026233327,0.03804062,0.0386087,0.05201052,0.023338707,0.017866593,0.020070355,0.0199004,0.023486335,0.019370986,0.03682289,2024-04-03 23:15:00
0.025515504,0.02544009,0.03387777,0.033720855,0.021017252,0.017050428,0.016986623,0.015571335,0.013172267,0.050662953,0.029059814,0.026159367,0.028431045,0.02461487,0.02763005,0.022591447,0.01737971,0.03693701,0.040403515,0.049061578,0.03478023,0.02659504,0.020002972,0.02023539,0.015685258,0.026032994,0.021723008,0.032539066,2024-04-03 23:16:00
0.020530134,0.03364756,0.03156908,0.02853778,0.020003133,0.020977246,0.023056084,0.02312539,0.019236667,0.032443877,0.03569869,0.02681457,0.03351203,0.034426488,0.037753195,0.020273529,0.019323042,0.037458044,0.030240094,0.044923514,0.03839948,0.025870126,0.018278612,0.022917952,0.0138731785,0.03099705,0.009517626,0.0375848,2024-04-03 23:17:00
0.022553656,0.0300826,0.028628923,0.035906658,0.020934913,0.012040942,0.023013946,0.028946316,0.016535325,0.044956304,0.029289033,0.0323945,0.025620315,0.036036696,0.01880573,0.023296377,0.022783697,0.034880158,0.03256608,0.07264158,0.026854713,0.026127772,0.016321396,0.0423776,0.018466631,0.03772722,0.020871505,0.041666176,2024-04-03 23:18:00
0.020877974,0.022454275,0.020583322,0.027519532,0.03595019,0.020643422,0.025381386,0.021621741,0.025357943,0.09709129,0.042601384,0.023902303,0.05393376,0.034003053,0.03276172,0.015613202,0.018879024,0.02785007,0.032111865,0.040287115,0.037409626,0.038208157,0.02354053,0.009850509,0.04247055,0.037135996,0.0433121,0.033233374,2024-04-03 23:19:00
0.022142645,0.036885414,0.032772604,0.029822838,0.02090749,0.028611224,0.022108952,0.015022046,0.017462822,0.05698132,0.041760802,0.019167177,0.026935592,0.033372167,0.025251105,0.017833127,0.01903962,0.036993843,0.026395513,0.038726404,0.027628316,0.026830472,0.0148087535,0.022772118,0.021862313,0.035431065,0.015351211,0.039210174,2024-04-03 23:20:00
0.022125667,0.07783172,0.012641032,0.026371934,0.018678937,0.012442528,0.026887437,0.021146523,0.016170194,0.040573567,0.048484962,0.023474202,0.04423089,0.032481376,0.01484819,0.026468186,0.013806438,0.04306235,0.037052136,0.044873614,0.030347494,0.02879526,0.02414045,0.020957267,0.016372452,0.03331063,0.01587131,0.03308585,2024-04-03 23:21:00
0.023118882,0.03485131,0.031388048,0.021460699,0.02457929,0.021718929,0.029020702,0.018065441,0.019223483,0.051733878,0.02641571,0.024046956,0.02776557,0.030214911,0.023626767,0.025878675,0.022541633,0.040869758,0.028873004,0.03837287,0.025997443,0.088911735,0.024988942,0.023932368,0.019133955,0.036826044,0.029797096,0.035016928,2024-04-03 23:22:00
0.047710426,0.030674323,0.023012899,0.030977774,0.022882583,0.0131950565,0.022595635,0.016855493,0.019204954,0.06553378,0.052616473,0.039496787,0.026025822,0.030972835,0.01668321,0.022529837,0.014814758,0.03842968,0.04539121,0.03627832,0.027537271,0.029455123,0.028203107,0.014295347,0.014816947,0.021920007,0.0137657905,0.039529752,2024-04-03 23:23:00
0.022505557,0.033495333,0.035479467,0.028339874,0.0143975755,0.020317756,0.16973493,0.023390733,0.019605672,0.067875065,0.021792622,0.03198612,0.022352584,0.038202208,0.018777156,0.019808821,0.01587348,0.039912473,0.043615162,0.045731135,0.036954325,0.036747497,0.024652397,0.008629231,0.024312725,0.030477943,0.04055024,0.035568897,2024-04-03 23:24:00
0.027900256,0.03170913,0.022536557,0.033283353,0.012881933,0.034468304,0.020134898,0.012459115,0.025003225,0.057311576,0.041405298,0.027622022,0.028431706,0.027266802,0.017321534,0.0257629,0.025801826,0.03638181,0.026125142,0.040581707,0.025895286,0.027341831,0.023855511,0.015707364,0.0149082,0.026946766,0.10388339,0.033481326,2024-04-03 23:25:00
0.025565691,0.033337943,0.01385332,0.028734587,0.017615192,0.019988477,0.026705148,0.018532675,0.022375852,0.052410174,0.02605634,0.034398895,0.03211696,0.03342169,0.021565553,0.023099748,0.025140826,0.034811918,0.029833686,0.035751995,0.027749248,0.0263434,0.03163766,0.022871025,0.024256488,0.021563381,0.025105026,0.030795556,2024-04-03 23:26:00
0.02291384,0.022918558,0.03619373,0.038923204,0.024694165,0.016170055,0.036068197,0.019118922,0.014739082,0.039923258,0.022774233,0.027034037,0.028389195,0.038085107,0.044171818,0.018034337,0.01643127,0.04004824,0.02898617,0.036178313,0.02161702,0.033196744,0.032237478,0.016679194,0.016114542,0.026438026,0.08199009,0.052527145,2024-04-03 23:27:00
0.022241801,0.028503835,0.02400433,0.019730106,0.024723142,0.01578764,0.029673645,0.020194924,0.017491626,0.045763873,0.03520604,0.031043403,0.03460127,0.0323825,0.026756618,0.019025138,0.024194641,0.040368725,0.03263856,0.03978196,0.028270053,0.044391703,0.020868905,0.021267539,0.016659705,0.027045874,0.008446636,0.038724665,2024-04-03 23:28:00
0.02281885,0.033939116,0.018409807,0.027902,0.026369484,0.01996715,0.01717653,0.02762327,0.022650043,0.054358754,0.031467717,0.025518749,0.030254353,0.028063746,0.024433555,0.02415721,0.01572546,0.034316666,0.02812729,0.048434597,0.02207309,0.034991514,0.020736981,0.011637974,0.02144164,0.027316796,0.019957727,0.027440347,2024-04-03 23:29:00
0.018398551,0.03872709,0.017577326,0.039210852,0.020981679,0.011007161,0.019410357,0.0155698145,0.02573599,0.034529682,0.02716358,0.029469224,0.046949215,0.025814533,0.030543588,0.012679889,0.019504076,0.02285578,0.023397742,0.036269214,0.027158566,0.028918,0.020591594,0.02269937,0.01462343,0.021373615,0.034959856,0.03498133,2024-04-03 23:30:00
0.020897297,0.028582169,0.03355946,0.04280655,0.018762602,0.02397808,0.021346906,0.017904844,0.016448652,0.04474799,0.04194608,0.028202327,0.035117477,0.031718813,0.0155283,0.027165297,0.022271518,0.037616722,0.02805397,0.042937536,0.01866791,0.029219396,0.03238274,0.020586051,0.018722763,0.02476559,0.012664743,0.032269184,2024-04-03 23:31:00
0.023242496,0.031377688,0.02531901,0.035503548,0.027662007,0.019372968,0.026433535,0.018612564,0.021740932,0.054193128,0.03153011,0.041234273,0.021823544,0.03431653,0.017368611,0.021992851,0.024621097,0.042281307,0.037884243,0.045178812,0.028919628,0.050645236,0.017548595,0.013872014,0.03183978,0.02681338,0.025706993,0.03747668,2024-04-03 23:32:00
0.023301005,0.033132643,0.012251733,0.037571095,0.021567946,0.01932131,0.028440794,0.020680467,0.022157777,0.051503886,0.02496753,0.032149278,0.030669963,0.033538856,0.018453239,0.023904514,0.013602403,0.024105439,0.036113758,0.045835305,0.027525447,0.026963487,0.023416672,0.013772787,0.011261534,0.030152518,0.019249368,0.034615032,2024-04-03 23:33:00
0.023012776,0.032167077,0.03206484,0.038759407,0.016343782,0.018514615,0.014489029,0.022592397,0.04115629,0.043404654,0.023767518,0.022737868,0.035764176,0.03519241,0.012684528,0.017699383,0.026666027,0.036930054,0.027691564,0.04389491,0.037429735,0.031777903,0.03400066,0.03865086,0.023152342,0.028397301,0.024717007,0.03593519,2024-04-03 23:34:00
0.023395516,0.02227144,0.037211113,0.06758914,0.029127521,0.022186114,0.017578162,0.026284374,0.020099454,0.039813086,0.040384173,0.048075646,0.035019826,0.031176731,0.017693568,0.025271863,0.01937922,0.033560127,0.02596595,0.04492264,0.027873311,0.028963333,0.022687515,0.021508707,0.029193264,0.022469336,0.028446918,0.038329717,2024-04-03 23:35:00
0.021346599,0.029835893,0.02751058,0.028638788,0.016579896,0.019381696,0.024653995,0.023526432,0.014355159,0.058893543,0.030265857,0.033278644,0.04191189,0.036969803,0.015504403,0.015171377,0.019153202,0.037637975,0.026309384,0.05207377,0.035480987,0.08691557,0.035347205,0.017149612,0.026294904,0.032571852,0.019854456,0.035379723,2024-04-03 23:36:00
0.02353764,0.023269769,0.015966313,0.03023538,0.016616756,0.01844297,0.019020159,0.026411727,0.026302889,0.056306638,0.029141448,0.022980427,0.039926752,0.027986988,0.017084464,0.009552684,0.012572951,0.01940718,0.025015071,0.036870327,0.026722597,0.04025765,0.025129804,0.009674372,0.030587057,0.031385195,0.01778559,0.03536557,2024-04-03 23:37:00
0.023501907,0.026631933,0.039109126,0.04166517,0.019164681,0.01878268,0.02001884,0.021450084,0.023331583,0.04434417,0.040671755,0.055636108,0.038243853,0.021791872,0.03376573,0.022016428,0.028049082,0.049478076,0.04346943,0.04487653,0.027557136,0.033532076,0.07494662,0.06359239,0.033401877,0.026545813,0.02478591,0.03935203,2024-04-03 23:38:00
0.022836689,0.030406352,0.055387575,0.027014157,0.100391775,0.01784591,0.028110616,0.031826247,0.023709876,0.04611458,0.034227964,0.020674264,0.025830394,0.030299446,0.05102499,0.025925616,0.020711549,0.04307858,0.047400795,0.045165148,0.02771026,0.058792286,0.023218911,0.019739555,0.013474067,0.027415207,0.048082393,0.03784989,2024-04-03 23:39:00
0.02674821,0.026916489,0.035497125,0.031209871,0.10042944,0.02408214,0.029701507,0.011706217,0.032360516,0.04935087,0.027047237,0.028599247,0.021327201,0.030731814,0.014674042,0.018433586,0.18139541,0.041378938,0.03341446,0.0358679,0.02738644,0.03180012,0.02387985,0.016284801,0.015034339,0.01961258,0.024240177,0.033611227,2024-04-03 23:40:00
0.023442749,0.022680476,0.019901795,0.16017772,0.017755505,0.022898955,0.02617421,0.014411942,0.024098655,0.04891135,0.024110397,0.028428914,0.043144025,0.03528688,0.026536297,0.025400221,0.01122297,0.038720768,0.04505369,0.044810023,0.034812503,0.026953768,0.03257141,0.014530008,0.018686974,0.030319119,0.021602372,0.045670506,2024-04-03 23:41:00
0.02272788,0.014083907,0.023491932,0.026753156,0.021116022,0.014210015,0.019319102,0.029652396,0.023615645,0.05197808,0.030330606,0.029290756,0.02663842,0.03395222,0.033429783,0.018142045,0.019859754,0.031691376,0.037763584,0.037004862,0.026929634,0.04135809,0.015308858,0.024148902,0.01913279,0.026173279,0.018531056,0.03539378,2024-04-03 23:42:00
0.024538664,0.03165667,0.028686667,0.023871718,0.01578048,0.017612042,0.030879121,0.03224025,0.024465,0.050367326,0.039298277,0.03051287,0.027673721,0.037208986,0.026640445,0.023955125,0.022015179,0.03726647,0.02834922,0.0362844,0.02692804,0.032137107,0.022937624,0.011591172,0.009779778,0.025420764,0.044832855,0.035727207,2024-04-03 23:43:00
0.06391694,0.043629263,0.01491853,0.030403253,0.01899503,0.012132109,0.026379481,0.026175538,0.04708958,0.053602785,0.04361788,0.027786106,0.038794633,0.030081982,0.036465615,0.0146036465,0.018328534,0.03855774,0.036207933,0.044867784,0.027217574,0.04527404,0.030760778,0.025251037,0.022543255,0.025892029,0.02603401,0.032535683,2024-04-03 23:44:00
0.023489576,0.035432488,0.017710928,0.02512784,0.011029895,0.061979637,0.021145532,0.027297052,0.019451702,0.039622,0.036669996,0.021908928,0.027466958,0.028147481,0.026081465,0.010039532,0.028088506,0.042950165,0.035775263,0.03659254,0.027654957,0.031083742,0.028627476,0.013735317,0.03272915,0.022780605,0.021782497,0.0416367,2024-04-03 23:45:00
0.026090931,0.033468936,0.017014615,0.038328294,0.009784545,0.05494159,0.030401774,0.014414709,0.019401824,0.0673319,0.0342764,0.02439701,0.040876485,0.034062196,0.0172796,0.0243991,0.031413708,0.046166196,0.027899513,0.03845963,0.03155114,0.025450673,0.028867032,0.013112599,0.021115713,0.026714979,0.01903074,0.03694272,2024-04-03 23:46:00
0.024001308,0.028078543,0.032994267,0.026808439,0.026077949,0.016007485,0.025160069,0.03217161,0.023111882,0.06131107,0.050033122,0.027022947,0.032918677,0.021619212,0.01955267,0.022867793,0.022443702,0.035441436,0.032502994,0.046696324,0.028285434,0.027028047,0.019326197,0.020691829,0.010448759,0.023191888,0.014032978,0.03577398,2024-04-03 23:47:00
0.020609975,0.023300935,0.027215188,0.027862743,0.031779718,0.016073806,0.018369028,0.017046608,0.021159692,0.048186585,0.032386713,0.041011024,0.040270172,0.024217863,0.030640017,0.01847198,0.019956702,0.017799202,0.03640708,0.047675565,0.023120545,0.030729169,0.024025327,0.018306168,0.021046748,0.037493233,0.03026866,0.035167776,2024-04-03 23:48:00
0.023013357,0.03143851,0.028203662,0.026304502,0.022752792,0.020166505,0.019756263,0.022627199,0.014104265,0.04143331,0.033440463,0.011419898,0.04515625,0.02043375,0.026288569,0.02291239,0.018646505,0.033058975,0.028821541,0.035939265,0.027540335,0.03235081,0.02420103,0.010980952,0.017613325,0.024447214,0.022760468,0.03736304,2024-04-03 23:49:00
0.01989334,0.030602934,0.024632784,0.031118639,0.021823172,0.014209931,0.019867504,0.009543956,0.031648144,0.050724532,0.018842839,0.022785267,0.03990397,0.039053947,0.015158939,0.017224427,0.035372954,0.032548368,0.02878973,0.041824758,0.039746042,0.028573796,0.021865448,0.024045965,0.03451533,0.035873584,0.020172514,0.035862487,2024-04-03 23:50:00
0.02118983,0.02421386,0.027987827,0.033428255,0.02090343,0.01437684,0.027832998,0.030787852,0.023702534,0.044259034,0.03529314,0.026901796,0.04298588,0.03274357,0.01514239,0.018298026,0.017583802,0.030865232,0.028331699,0.040027805,0.027842576,0.02697449,0.016871586,0.015614499,0.029265765,0.031008437,0.027268255,0.03456485,2024-04-03 23:51:00
0.03425035,0.02171911,0.033818595,0.0551184,0.01563058,0.02021901,0.027330946,0.017960006,0.023122868,0.043353863,0.028732883,0.027387602,0.029286789,0.04156204,0.023009557,0.02380546,0.022432998,0.041524656,0.036871765,0.045180686,0.027258981,0.031349156,0.02461857,0.02332942,0.018743845,0.026747318,0.018438252,0.042163253,2024-04-03 23:52:00
0.020046107,0.015938176,0.023322776,0.036021493,0.038473606,0.011257922,0.01883209,0.021610113,0.03266579,0.039372165,0.04015355,0.031343177,0.034499906,0.03304984,0.02700574,0.023516523,0.012149224,0.04146741,0.036742646,0.044845037,0.0226225,0.02777956,0.028360298,0.020539517,0.022568626,0.029406896,0.02446161,0.03711327,2024-04-03 23:53:00
0.026888238,0.02889141,0.032600608,0.038774904,0.020608671,0.013137526,0.023260329,0.02122436,0.028327212,0.061676092,0.036899827,0.03551511,0.031621013,0.04130968,0.020786913,0.017677624,0.021964034,0.03725831,0.029993087,0.04486118,0.027650408,0.026958523,0.02014382,0.029287217,0.019981328,0.028805407,0.01761372,0.030162597,2024-04-03 23:54:00
0.020369193,0.029125553,0.03435143,0.03144849,0.033911552,0.017363897,0.02206,0.025918387,0.019152813,0.04668491,0.030782325,0.018449932,0.033874143,0.024488578,0.044013623,0.013098874,0.023693362,0.04213321,0.029943865,0.040596645,0.0304202,0.02693606,0.01974014,0.0146249235,0.028173497,0.023200061,0.02009028,0.030668456,2024-04-03 23:55:00
0.021764958,0.02930351,0.022610812,0.05402244,0.042356588,0.02311057,0.024246745,0.021014728,0.026475884,0.037585035,0.044146508,0.025810728,0.031417675,0.02760338,0.030228553,0.015790006,0.021425365,0.044549,0.030128602,0.039243314,0.024340237,0.035388134,0.0174217,0.02568313,0.020560134,0.02602148,0.018362708,0.020714672,2024-04-03 23:56:00
0.057750136,0.029624993,0.028222743,0.043430977,0.03401005,0.019411571,0.1825391,0.029422496,0.023583848,0.063092,0.03583239,0.03634068,0.03575456,0.03903291,0.018781317,0.027076757,0.019862276,0.045437712,0.023281788,0.044760246,0.029684577,0.029494226,0.026986033,0.022283407,0.01983068,0.02602588,0.023565566,0.031544425,2024-04-03 23:57:00
0.0231348,0.02174446,0.03794884,0.035088427,0.025431335,0.017989669,0.027813988,0.028787045,0.019652432,0.038995046,0.034247626,0.02365808,0.022462225,0.029751401,0.03844918,0.012958553,0.021253807,0.045707967,0.03786592,0.0373867,0.027286319,0.025970072,0.021514602,0.020792564,0.019369267,0.022792347,0.029983005,0.02773239,2024-04-03 23:58:00
0.033944473,0.019199112,0.026889388,0.035368964,0.01604004,0.01943908,0.036641497,0.020838153,0.019193437,0.04693342,0.030102763,0.022986624,0.020484684,0.025033355,0.02102301,0.018639851,0.027702445,0.03654994,0.03719471,0.040376615,0.039756715,0.025105868,0.022142112,0.022801485,0.021395067,0.03672983,0.030948099,0.028336762,2024-04-03 23:59:00
,,,,,,,,,,,,,,,,,,,,,,,,,,,,2024-04-04 00:00:00
0.022385087,0.020128528,0.029444221,0.0390075,0.023753393,0.01871794,0.018902354,0.025968134,0.022056544,0.04872915,0.045017704,0.025157234,0.03415753,0.021990588,0.04983582,0.029012965,0.015374766,0.037039056,0.02947173,0.036258273,0.04178694,0.03594645,0.02573842,0.024257628,0.028828038,0.023219181,0.014688019,0.020414177,2024-04-04 00:00:00
0.025247037,0.028954031,0.030575791,0.03689861,0.028861433,0.043374043,0.029689556,0.01740076,0.026863514,0.05219216,0.039308425,0.0430923,0.03666034,0.039586607,0.022055032,0.035021782,0.020196965,0.027612494,0.03358477,0.036530633,0.03576055,0.037962534,0.023976054,0.019619714,0.025305457,0.031935185,0.033250727,0.032326438,2024-04-04 00:01:00
0.028926034,0.033476144,0.04270383,0.034331027,0.022147719,0.024782853,0.024495047,0.04600248,0.026200071,0.05701187,0.034577273,0.027419552,0.043268945,0.021833204,0.012862102,0.014403711,0.020369858,0.040912572,0.034004405,0.043674704,0.022475488,0.02862894,0.02128542,0.015552391,0.022420611,0.024689907,0.02362604,0.029833894,2024-04-04 00:02:00
0.024372846,0.03548129,0.038044207,0.03662488,0.019374484,0.10384748,0.019281175,0.020449085,0.021418847,0.035594374,0.043533534,0.04383998,0.03295965,0.020957999,0.055530496,0.02390982,0.02644486,0.034151994,0.041980203,0.044932067,0.026578106,0.031763658,0.023382956,0.018604228,0.017400183,0.03413655,0.016099708,0.0375553,2024-04-04 00:03:00
0.023502376,0.033467308,0.038978264,0.039695226,0.023071313,0.100418836,0.01785054,0.026739424,0.013984502,0.06252461,0.045504376,0.025797123,0.029560126,0.020129407,0.03403162,0.01347563,0.013079087,0.03018997,0.04224065,0.04799392,0.022857934,0.0239551,0.016639497,0.016047163,0.013217066,0.021990068,0.024874946,0.03423057,2024-04-04 00:04:00
0.026891043,0.03571631,0.03663508,0.039426323,0.027665835,0.0141108325,0.02704624,0.015598357,0.025571806,0.038354937,0.041523963,0.025386626,0.028110536,0.070738554,0.018882949,0.02932565,0.020260904,0.092597306,0.033964317,0.045141123,0.029470015,0.020860525,0.019206798,0.013848302,0.021317722,0.022773344,0.039378695,0.034546018,2024-04-04 00:05:00
0.022906335,0.034596648,0.027697949,0.03663687,0.025907846,0.017840926,0.020983195,0.021199582,0.018695548,0.040854674,0.036307555,0.026733527,0.0104741715,0.041101754,0.012622603,0.02346224,0.01739022,0.035948902,0.040590446,0.036204234,0.038301714,0.02281199,0.021065885,0.014748942,0.016337376,0.022021174,0.026225893,0.037247635,2024-04-04 00:06:00
0.024705654,0.0135349175,0.031335697,0.055020027,0.01751502,0.008858468,0.018334692,0.017451784,0.023391081,0.056006223,0.048940245,0.01931501,0.023162413,0.026868353,0.03516754,0.019360607,0.015675953,0.03905396,0.041946556,0.04498846,0.029839983,0.019371,0.021196587,0.008338109,0.010148337,0.02530325,0.0185954,0.032251142,2024-04-04 00:07:00
0.023562564,0.034970734,0.02531205,0.046767563,0.022040399,0.019893168,0.029438121,0.014979455,0.024008172,0.03746322,0.041765947,0.033608854,0.044365723,0.022803212,0.01617091,0.01770715,0.015786704,0.031015128,0.02535136,0.04797718,0.028159022,0.028516257,0.019417236,0.010736338,0.013028742,0.026097782,0.041426074,0.035129447,2024-04-04 00:08:00
0.023774005,0.033802718,0.039867144,0.053805746,0.14769495,0.021515856,0.019964071,0.01640579,0.080374815,0.051810283,0.027722068,0.032897327,0.04082432,0.035578966,0.013645704,0.027639974,0.010533096,0.044211347,0.04534988,0.038476467,0.027292099,0.02647113,0.022566821,0.013826803,0.017416198,0.029034615,0.02052089,0.032822464,2024-04-04 00:09:00
0.02191277,0.02831345,0.04181343,0.027496783,0.013284567,0.020963676,0.033332404,0.03405536,0.0203848,0.050611086,0.048457664,0.026446497,0.034593835,0.023811929,0.0109662395,0.025245816,0.020925459,0.04359252,0.029613718,0.038677305,0.027852314,0.026872536,0.020141954,0.015010849,0.018402115,0.0349277,0.025722612,0.014705086,2024-04-04 00:10:00
0.022192923,0.04036896,0.035722934,0.03343067,0.026172148,0.010904872,0.025241423,0.020603823,0.019413369,0.055657472,0.05418111,0.026101163,0.03343179,0.026332285,0.029813066,0.018724022,0.01225869,0.041971866,0.038440097,0.036719706,0.031065442,0.019187294,0.017170377,0.033309672,0.022997677,0.022374503,0.033048335,0.036519114,2024-04-04 00:11:00
0.023990717,0.034684837,0.024986243,0.028754741,0.019572472,0.01671176,0.024694797,0.017195031,0.021336704,0.060247615,0.047970947,0.029573504,0.044636372,0.030805195,0.016724885,0.026680414,0.034134798,0.036750387,0.022967353,0.037397195,0.021406805,0.02226444,0.035577934,0.012668369,0.026044209,0.037349217,0.02081523,0.036604565,2024-04-04 00:12:00
0.025869476,0.030158004,0.038028546,0.041473385,0.022959607,0.017852344,0.024966892,0.018898647,0.03597985,0.060111616,0.04986393,0.033334438,0.037804954,0.03795577,0.042013254,0.024805099,0.026018802,0.04496416,0.026096229,0.04107618,0.03675248,0.025807403,0.027463574,0.06720206,0.024978014,0.027122913,0.020556705,0.037808444,2024-04-04 00:13:00
0.02321791,0.03303349,0.12411813,0.04625901,0.012584904,0.018260058,0.024154775,0.02976852,0.018322889,0.06308342,0.036660597,0.032790493,0.035929836,0.026623314,0.019253206,0.02402284,0.018336812,0.02863897,0.029975088,0.045054127,0.02764874,0.015790042,0.0142142605,0.012725443,0.020769458,0.049613707,0.022414062,0.03478948,2024-04-04 00:14:00
0.021029472,0.030090371,0.03959411,0.044469517,0.020254867,0.022270545,0.026618745,0.018492611,0.024149086,0.055935852,0.03230716,0.020307006,0.029304318,0.023533572,0.026074631,0.01614467,0.019931609,0.039374232,0.025379231,0.045243826,0.03219615,0.017916206,0.02291131,0.017477645,0.020520495,0.025718205,0.016412595,0.032333016,2024-04-04 00:15:00
0.0401081,0.043610044,0.043985892,0.029084109,0.018746724,0.02047892,0.018016264,0.022548184,0.024099596,0.04835076,0.029964548,0.029476749,0.023054533,0.024197726,0.021344746,0.02289688,0.016940294,0.045660112,0.033881746,0.042458687,0.021906586,0.025905723,0.02140367,0.027178654,0.025393514,0.027310176,0.016125087,0.051738296,2024-04-04 00:16:00
0.022640426,0.049234986,0.023045644,0.037246536,0.022934742,0.0188194,0.019975804,0.014730597,0.026334751,0.045836672,0.02485335,0.019744398,0.024000555,0.018983487,0.025474587,0.025411332,0.033307094,0.039192062,0.04662168,0.04519325,0.0454204,0.032260846,0.019167172,0.024009826,0.018633638,0.030841187,0.02407176,0.036284585,2024-04-04 00:17:00
0.023782002,0.035821855,0.036445424,0.03792929,0.008714688,0.024149332,0.022055937,0.021761484,0.020271495,0.038464546,0.040075004,0.041911922,0.021293905,0.03542604,0.04196365,0.019056613,0.029326633,0.038740873,0.03756516,0.04518913,0.027885485,0.02915056,0.016872887,0.014165199,0.020183709,0.03167507,0.053577438,0.034906495,2024-04-04 00:18:00
0.023711009,0.032376043,0.039804146,0.036142696,0.02633296,0.021120824,0.022907557,0.023447962,0.024673589,0.055326987,0.03205065,0.020161854,0.027760739,0.019444061,0.013585582,0.024500232,0.039334536,0.040921237,0.028447552,0.046161525,0.025644852,0.023285754,0.023063278,0.015062822,0.017402101,0.02284107,0.026139366,0.04979954,2024-04-04 00:19:00
0.122783415,0.020576589,0.017924149,0.035308212,0.014926087,0.010481441,0.029688949,0.021773815,0.025430124,0.04074682,0.044415668,0.024727302,0.02476173,0.020502925,0.033254795,0.017298581,0.032579646,0.033759885,0.03878964,0.037455037,0.023220148,0.015762841,0.014991356,0.017022723,0.020010523,0.032520488,0.030959433,0.036401145,2024-04-04 00:20:00
0.025619766,0.03359458,0.02543189,0.03310986,0.02326935,0.009845517,0.028101271,0.016109163,0.02526991,0.04909961,0.044312045,0.020180978,0.04131574,0.03940512,0.031253673,0.026244177,0.015557562,0.016998628,0.038815822,0.044883814,0.022808282,0.021478174,0.018687937,0.01401321,0.018483208,0.022968719,0.016517863,0.030869609,2024-04-04 00:21:00
0.032021955,0.023757791,0.026221473,0.04144886,0.041553702,0.024230402,0.026402464,0.016199213,0.025551086,0.062933385,0.041399114,0.023231031,0.020060135,0.024611982,0.022068579,0.022306984,0.0124126915,0.037429187,0.035600614,0.0657404,0.019133696,0.016183821,0.017571865,0.019466287,0.013132953,0.03551206,0.026493642,0.035709217,2024-04-04 00:22:00
0.023004448,0.03115009,0.020348767,0.053802412,0.049390968,0.013678729,0.030645464,0.021324562,0.02632957,0.058651756,0.042671785,0.029883774,0.028679999,0.02810181,0.01573774,0.015690034,0.037428446,0.041020714,0.032266475,0.036295637,0.027868116,0.017783439,0.025562707,0.018312868,0.023728227,0.02766827,0.02201046,0.04670411,2024-04-04 00:23:00
0.022906,0.039491005,0.029991847,0.02533281,0.035163425,0.0123029845,0.016078893,0.020663872,0.021001372,0.042476736,0.039926853,0.035154052,0.031875364,0.05182557,0.049393825,0.021606123,0.01176851,0.040222626,0.042567693,0.035974324,0.027232295,0.018074796,0.06318375,0.029884506,0.019547677,0.026242137,0.02524791,0.035733137,2024-04-04 00:24:00
0.02283561,0.03147292,0.020198906,0.071941085,0.014769859,0.023018416,0.03330848,0.018416677,0.016695427,0.047229357,0.040315207,0.026056236,0.021930829,0.019535633,0.01873992,0.018643249,0.055038583,0.038633507,0.042235903,0.0359501,0.024233846,0.017677503,0.012712114,0.020220414,0.019557029,0.029877927,0.024974072,0.022492915,2024-04-04 00:25:00
0.025933268,0.025896788,0.045325343,0.052357275,0.025170352,0.021398626,0.032111708,0.016845403,0.0378448,0.04809122,0.040139884,0.03249298,0.034226008,0.02818118,0.021937078,0.025789848,0.018145917,0.042801406,0.0335036,0.04112758,0.028602824,0.02735197,0.02243479,0.02374959,0.02368771,0.019263646,0.023115532,0.03851976,2024-04-04 00:26:00
0.022673097,0.027997753,0.026036143,0.034345224,0.025729688,0.02261106,0.030239027,0.028275447,0.02445025,0.05931518,0.022810426,0.022086063,0.029580891,0.020398421,0.027344044,0.021222003,0.028993286,0.041920412,0.03336586,0.03585171,0.024662979,0.028621465,0.025690842,0.021886269,0.017259218,0.03576321,0.02434615,0.031024612,2024-04-04 00:27:00
0.022479368,0.029328655,0.034946762,0.053875145,0.017354356,0.018813584,0.014694929,0.03131158,0.027195983,0.05382409,0.023063764,0.03373395,0.03319072,0.05064481,0.014212882,0.0349646,0.040082835,0.04458623,0.024222087,0.036281466,0.02557017,0.013619015,0.028841015,0.025809433,0.017946403,0.023188706,0.03953548,0.03489716,2024-04-04 00:28:00
0.027437946,0.03165902,0.042293884,0.028579988,0.0198594,0.009212543,0.027654408,0.021218732,0.020746116,0.06309914,0.030363996,0.02095911,0.021649323,0.018250505,0.014316782,0.019653039,0.012152436,0.044585574,0.035741463,0.036181238,0.027262136,0.02555396,0.017741535,0.016608259,0.023263544,0.02777142,0.016305594,0.035416324,2024-04-04 00:29:00
0.022391489,0.03976993,0.042447712,0.047622293,0.020975932,0.016700141,0.03025231,0.021467108,0.024736913,0.058983743,0.047439616,0.028281426,0.032015376,0.027889933,0.017350115,0.024080746,0.027686913,0.023502281,0.036649182,0.035677917,0.0282447,0.026609877,0.021381196,0.016176185,0.022808624,0.028107423,0.022485958,0.03443937,2024-04-04 00:30:00
0.025594696,0.03928805,0.041630395,0.045691937,0.022519644,0.0071047414,0.025711652,0.020403558,0.08521554,0.04228401,0.048465844,0.03617363,0.03816208,0.01843767,0.017058808,0.020892609,0.013465872,0.04439665,0.030666087,0.09805582,0.025950078,0.015210227,0.020132313,0.021943111,0.023234664,0.025509253,0.023425132,0.030916568,2024-04-04 00:31:00
0.02194381,0.035734307,0.03534926,0.033176165,0.023050008,0.014096607,0.021470856,0.022641763,0.025177848,0.054804236,0.05993102,0.023561306,0.03708268,0.12718226,0.025745492,0.018567866,0.013326844,0.039568875,0.034445282,0.044775274,0.039386656,0.015093679,0.030832838,0.016400183,0.021721974,0.029607652,0.047524016,0.041090615,2024-04-04 00:32:00
0.022073146,0.039853446,0.03108604,0.03193277,0.02479061,0.015244774,0.029197358,0.01181269,0.01790781,0.053348668,0.03593375,0.027598271,0.037746076,0.022669949,0.017650587,0.018112222,0.0499598,0.042898204,0.0427487,0.03560535,0.02699799,0.014870071,0.018293738,0.012888966,0.016855283,0.021938875,0.043780573,0.0364917,2024-04-04 00:33:00
0.026749583,0.03847502,0.028242504,0.05616616,0.016542627,0.01670368,0.029287845,0.023566728,0.02010555,0.06271774,0.04431658,0.030110676,0.028831625,0.030901492,0.013923693,0.018051567,0.018513283,0.038551107,0.025709417,0.040923856,0.022475366,0.024239525,0.025187667,0.020505007,0.020504583,0.027887424,0.0335531,0.03797923,2024-04-04 00:34:00
0.022126392,0.03080576,0.03301914,0.024708651,0.031229503,0.010984931,0.021024486,0.025357196,0.02566076,0.074435234,0.062446333,0.022935292,0.03223805,0.027999077,0.030660477,0.024036538,0.03799552,0.0382758,0.04099073,0.045201536,0.02706271,0.053925347,0.016235817,0.022582747,0.048904784,0.026788337,0.022156106,0.03982195,2024-04-04 00:35:00
0.023175241,0.017976267,0.033720836,0.048730806,0.018745044,0.009831046,0.023848066,0.023985902,0.03801181,0.059780773,0.047093242,0.031855144,0.029186048,0.028608732,0.015435214,0.020668063,0.03135613,0.03715701,0.04064856,0.042610824,0.023371227,0.021630693,0.017196942,0.015810238,0.02029188,0.024991736,0.04317485,0.03034415,2024-04-04 00:36:00
0.023088895,0.034555316,0.012232959,0.025496505,0.03487792,0.016172053,0.024650581,0.01981414,0.01883004,0.06584111,0.0487768,0.02144253,0.019997023,0.027204324,0.042619143,0.026630707,0.04258723,0.03518304,0.045759346,0.035972983,0.030714829,0.042226397,0.019310037,0.011997448,0.024365459,0.02538341,0.018866833,0.045873433,2024-04-04 00:37:00
0.029541047,0.013755412,0.034707107,0.03042421,0.037371557,0.020537438,0.025713103,0.026262468,0.026275512,0.050493013,0.038833078,0.039919376,0.029766874,0.024729714,0.012618581,0.020966653,0.024174016,0.036560826,0.03285312,0.04482538,0.027352119,0.031635422,0.015269737,0.0131255705,0.018466547,0.030692155,0.020941831,0.01638114,2024-04-04 00:38:00
0.021314261,0.026637513,0.039665304,0.04663911,0.029688187,0.013350671,0.024987172,0.021273697,0.017437996,0.058189243,0.0439939,0.032029316,0.035960257,0.018885927,0.016066575,0.0260222,0.029371498,0.036893632,0.0320541,0.036496706,0.027315382,0.015943594,0.018648218,0.028459733,0.03507016,0.022920841,0.05423851,0.039967824,2024-04-04 00:39:00
0.021835191,0.018859014,0.022843737,0.04160475,0.018899182,0.013417022,0.021916855,0.022159234,0.03662777,0.055902794,0.040921245,0.025848215,0.028251957,0.02426944,0.02580002,0.01843413,0.013517583,0.020379573,0.037020233,0.036075696,0.02030849,0.024091523,0.012910672,0.013123749,0.0147645585,0.019090993,0.022912258,0.037882455,2024-04-04 00:40:00
0.022750935,0.030877646,0.035358425,0.048360243,0.026025115,0.021546924,0.017348763,0.022840174,0.025113815,0.07168244,0.04198243,0.028534198,0.033809703,0.022048395,0.013433754,0.01984262,0.05259007,0.039850444,0.035196662,0.047552917,0.026743313,0.03016849,0.027624125,0.011216935,0.016891025,0.026517663,0.023914995,0.03673145,2024-04-04 00:41:00
0.022400128,0.033965893,0.034730677,0.06834604,0.019203989,0.020796988,0.022426805,0.018015312,0.025349364,0.060999397,0.032285303,0.02302456,0.02178199,0.021486767,0.02992974,0.023019088,0.024043765,0.038236685,0.04088299,0.045287706,0.02808557,0.019984612,0.019343333,0.028183362,0.019197509,0.021354733,0.025289085,0.035009,2024-04-04 00:42:00
0.023121953,0.034468282,0.02550289,0.04630735,0.0391507,0.018924318,0.016871678,0.017228216,0.021439113,0.054144308,0.03796999,0.036190927,0.033945948,0.016932579,0.022608679,0.02228257,0.014686916,0.036087733,0.043201808,0.04517881,0.027058054,0.0135251,0.01990475,0.03634973,0.015118333,0.032537032,0.02358816,0.045772027,2024-04-04 00:43:00
0.021924794,0.029837549,0.031365216,0.032013714,0.016874572,0.024799464,0.026571676,0.028770022,0.019833712,0.062098827,0.04090242,0.027885642,0.031333953,0.021726092,0.032048654,0.021129485,0.01917966,0.038907103,0.03902053,0.038789224,0.02440232,0.024533551,0.018303297,0.04894647,0.025509864,0.026195977,0.021421354,0.033157345,2024-04-04 00:44:00
0.04442723,0.029768614,0.038517118,0.053225018,0.01932277,0.022088714,0.026056146,0.02054679,0.02197174,0.03811599,0.038670253,0.034727745,0.030095551,0.03028923,0.014311642,0.023795646,0.13944732,0.036492698,0.038975175,0.04478861,0.023663124,0.031231012,0.015609553,0.02267941,0.02840169,0.023446659,0.016686048,0.036138818,2024-04-04 00:45:00
0.024801834,0.041975018,0.028917668,0.21420215,0.03553662,0.021350803,0.17029609,0.02078775,0.018558048,0.05166008,0.040359855,0.02242235,0.026998265,0.020630375,0.012564732,0.022470372,0.011052439,0.04335004,0.029062344,0.03956461,0.027099807,0.027190052,0.023157338,0.023952909,0.01770491,0.025500778,0.01736567,0.045590334,2024-04-04 00:46:00
0.022419816,0.028670972,0.032842122,0.029158825,0.034792542,0.02973109,0.03269364,0.022585515,0.018557359,0.037037518,0.029779611,0.047627937,0.024546586,0.028161058,0.01632759,0.023593478,0.021558568,0.031110846,0.032138824,0.036240313,0.028427243,0.025742566,0.03131976,0.025930524,0.017516734,0.03404575,0.026954876,0.046124578,2024-04-04 00:47:00
0.028107297,0.031148521,0.030782554,0.025205394,0.015713615,0.01113892,0.021971108,0.016616428,0.025189057,0.057432335,0.0377608,0.027564295,0.036534883,0.022766389,0.027087402,0.025941908,0.02152622,0.084030285,0.026499499,0.045099862,0.035400733,0.019028977,0.02228521,0.016921822,0.024405396,0.024955027,0.028250167,0.032628965,2024-04-04 00:48:00
0.02251312,0.038739275,0.037151396,0.022929965,0.017266206,0.02854367,0.040536117,0.021445014,0.023350185,0.049913738,0.038384017,0.02335021,0.033313043,0.018698696,0.012186338,0.02683082,0.019862108,0.04016854,0.037497055,0.045256183,0.027165728,0.030745016,0.021830682,0.012288845,0.030829005,0.033979848,0.03040737,0.03794816,2024-04-04 00:49:00
0.02399677,0.0346447,0.032546192,0.02642623,0.019388078,0.02342199,0.025099246,0.015769867,0.030588375,0.05677135,0.037313133,0.020689635,0.03575492,0.022725781,0.015836805,0.022373252,0.018278668,0.037254434,0.0329684,0.035890587,0.027467862,0.019353116,0.022227803,0.021421911,0.019266047,0.024226049,0.017569575,0.036486633,2024-04-04 00:50:00
0.02810178,0.034214042,0.034467023,0.032786984,0.020202065,0.016742459,0.018622484,0.022619726,0.03239993,0.060716793,0.046249542,0.02583574,0.03483671,0.018894682,0.017974729,0.023053138,0.05598677,0.024266044,0.027416334,0.046176773,0.029887425,0.017171416,0.022543194,0.01355878,0.022333413,0.031235287,0.029117262,0.035570946,2024-04-04 00:51:00
0.02409412,0.03435978,0.028556027,0.053144615,0.020274973,0.017943304,0.0298991,0.026596943,0.015279418,0.053253844,0.038514804,0.021142686,0.022377511,0.029227462,0.030133495,0.01863554,0.010862947,0.027801653,0.037960734,0.041054755,0.028758327,0.019147793,0.017671993,0.03540515,0.021871716,0.02637955,0.021521833,0.041471094,2024-04-04 00:52:00
0.0301242,0.040321633,0.032080326,0.02407633,0.022840392,0.018784234,0.027316896,0.013139924,0.033019077,0.06839208,0.033446863,0.021506272,0.02991436,0.0234465,0.023894256,0.024502555,0.00847897,0.03590986,0.042263333,0.041948136,0.02696875,0.032191943,0.022988826,0.026425935,0.016485868,0.0228899,0.01753423,0.032906998,2024-04-04 00:53:00
0.023377884,0.017865596,0.023765605,0.041151986,0.018459411,0.03146768,0.014372401,0.014711549,0.020928845,0.051979836,0.0463496,0.03313193,0.030927116,0.023059556,0.018429307,0.053367607,0.017065959,0.032234125,0.040443067,0.045135494,0.02539606,0.01645189,0.024256106,0.018791286,0.016767671,0.03067324,0.026818981,0.0324301,2024-04-04 00:54:00
0.022919612,0.028085394,0.033225663,0.03939103,0.01597581,0.023572568,0.020629091,0.022132955,0.026171949,0.029195545,0.042159595,0.023937035,0.018669063,0.03399943,0.021459302,0.053663794,0.02803756,0.040593967,0.029681249,0.03615807,0.024661262,0.015058621,0.013473541,0.027097728,0.01840429,0.028905585,0.022705467,0.037258156,2024-04-04 00:55:00
0.022517035,0.021192733,0.036218405,0.044778064,0.025444536,0.016398966,0.0147884665,0.028463187,0.027694887,0.045441695,0.039566357,0.029349407,0.013305201,0.06571189,0.029666279,0.023168182,0.02109545,0.040140584,0.03986648,0.03615607,0.026625909,0.013445602,0.020432178,0.016732018,0.02073357,0.033147648,0.023616275,0.03241126,2024-04-04 00:56:00
0.024814134,0.035203148,0.05118332,0.073841035,0.018028773,0.02003947,0.017700225,0.017775232,0.024574967,0.03700205,0.043728642,0.022257486,0.031107426,0.014818366,0.014240042,0.02072284,0.012931801,0.049739454,0.027942661,0.04640865,0.027258426,0.027734032,0.016178772,0.016396476,0.0176679,0.021717438,0.016837582,0.035378557,2024-04-04 00:57:00
0.02295792,0.029908132,0.041873824,0.04973916,0.04579113,0.026856788,0.024660755,0.025416693,0.024519004,0.06622481,0.036698088,0.029043106,0.029535923,0.022269499,0.032290824,0.024327124,0.020726476,0.13106327,0.047099885,0.03585938,0.030967554,0.015596691,0.026756706,0.030858517,0.030786088,0.022087418,0.035816085,0.024607204,2024-04-04 00:58:00
0.034184024,0.017899612,0.027004082,0.039174806,0.030243227,0.02423781,0.021208644,0.023226693,0.02658558,0.052284487,0.04904017,0.026618864,0.025859488,0.029039523,0.02524342,0.020123273,0.019671,0.039263953,0.03079885,0.036407065,0.027634177,0.024425616,0.0212263,0.023723925,0.014945612,0.028792089,0.028660141,0.03981171,2024-04-04 00:59:00
0.022861477,0.036407817,0.030537892,0.057675082,0.024460372,0.029201081,0.030493053,0.05295081,0.026405584,0.041065432,0.03289407,0.026167443,0.014485358,0.015977181,0.016930606,0.011803478,0.014357547,0.040733468,0.031586614,0.041127883,0.022776444,0.024777817,0.029359361,0.021569824,0.018228462,0.029146342,0.03328256,0.039746966,2024-04-04 01:00:00
0.03575852,0.058656365,0.025154069,0.038934506,0.019589089,0.02184556,0.024824692,0.024490742,0.024632096,0.052138522,0.025939375,0.01984666,0.030318704,0.0164857,0.030865105,0.024192825,0.017187329,0.048409794,0.033808094,0.042833842,0.028188998,0.050268725,0.02879633,0.02174754,0.04471071,0.02402934,0.019117497,0.050125577,2024-04-04 01:01:00
0.023030706,0.040067557,0.033987686,0.03256703,0.020398676,0.023667889,0.022403942,0.031834207,0.023571262,0.05071708,0.033201337,0.028068822,0.02863077,0.028219262,0.018460613,0.02919156,0.029871892,0.039599847,0.030573893,0.04067608,0.030749025,0.018259892,0.094215244,0.012306089,0.016784646,0.021766169,0.020349551,0.037381314,2024-04-04 01:02:00
0.025539264,0.029543929,0.033255994,0.03759281,0.0270937,0.01748644,0.01888158,0.022251066,0.028951725,0.04058255,0.03970943,0.027824664,0.038613413,0.030358555,0.022794243,0.022145472,0.023180692,0.04091503,0.028853139,0.04411477,0.018275416,0.028623447,0.030411746,0.02074991,0.013976789,0.019049743,0.028262477,0.035973243,2024-04-04 01:03:00
0.020906018,0.03638503,0.018395273,0.17413266,0.030783875,0.013045352,0.022766106,0.022104066,0.021554444,0.04535257,0.027949631,0.02176985,0.039024413,0.029128814,0.017766165,0.015373833,0.017114986,0.032723833,0.029534575,0.03593659,0.025297744,0.017092468,0.023439424,0.032344054,0.016765462,0.029804846,0.033757396,0.038161553,2024-04-04 01:04:00
0.03280716,0.023275368,0.037396498,0.03911605,0.026879674,0.01571306,0.03503255,0.01698122,0.024008702,0.039481156,0.033099305,0.0140770925,0.023330316,0.023954097,0.023811786,0.020504138,0.015203049,0.037701547,0.03867861,0.045162622,0.02764645,0.020446714,0.023847273,0.018437935,0.023933472,0.025156762,0.019498995,0.037556883,2024-04-04 01:05:00
0.022639798,0.03780434,0.036889747,0.035228897,0.022326987,0.016758638,0.028925529,0.017250692,0.026875803,0.03908729,0.028832586,0.012862442,0.035333335,0.03321766,0.01946506,0.021621201,0.013169414,0.03838832,0.026972432,0.036766097,0.02248757,0.016448276,0.0139595475,0.019489646,0.023353977,0.023125596,0.019537373,0.03746298,2024-04-04 01:06:00
0.022108138,0.03279354,0.024117868,0.1583462,0.029339824,0.02144456,0.0272757,0.017758546,0.024995107,0.059475444,0.031097371,0.03044848,0.025908783,0.017306212,0.03067579,0.031442463,0.028333403,0.037497483,0.030008558,0.045625642,0.028317409,0.02181514,0.0811161,0.015238237,0.016337898,0.029058041,0.020447513,0.02669615,2024-04-04 01:07:00
0.021732174,0.024429053,0.01980782,0.035071924,0.020128472,0.020084387,0.029173769,0.018837169,0.030416017,0.056778148,0.02025651,0.02059603,0.02544254,0.021762779,0.023618154,0.03457005,0.020460272,0.043100704,0.03947701,0.04512845,0.026437826,0.029109126,0.022863416,0.025499383,0.017642848,0.023798728,0.026907539,0.029786948,2024-04-04 01:08:00
0.06271278,0.02328983,0.035021428,0.049614385,0.037943713,0.020427402,0.021020006,0.023904696,0.02272864,0.041369535,0.024236714,0.019056242,0.029751413,0.027472464,0.015064205,0.01842246,0.04046709,0.04035778,0.04319901,0.044908613,0.025008425,0.017808773,0.022991585,0.011529908,0.017656632,0.025266444,0.022351205,0.034255736,2024-04-04 01:09:00
0.027495652,0.028327655,0.041077014,0.046245515,0.020332182,0.023225263,0.019264927,0.02239138,0.016368914,0.05025081,0.045104597,0.032200955,0.033705655,0.022767212,0.01847145,0.019281553,0.015390914,0.0409448,0.0341671,0.038312774,0.02727023,0.022436487,0.023104144,0.023110734,0.01542216,0.025899908,0.018877279,0.038111083,2024-04-04 01:10:00
0.023005255,0.032335624,0.019125005,0.07630393,0.01268589,0.027204195,0.030835083,0.024244474,0.031875182,0.04097847,0.031918794,0.019042091,0.023634123,0.0170128,0.01639537,0.024569705,0.034046445,0.034919467,0.031155402,0.058770835,0.029389013,0.026447168,0.060464658,0.018481314,0.011074518,0.02946554,0.019132901,0.03531027,2024-04-04 01:11:00
0.026735008,0.03235793,0.029150449,0.032580543,0.020191876,0.02087815,0.023778422,0.017646257,0.026857246,0.059048638,0.04593208,0.044592902,0.028540367,0.0200948,0.015117101,0.020202031,0.0338366,0.038413987,0.041289967,0.045215826,0.022726534,0.016455596,0.119947016,0.019088166,0.01930296,0.029997947,0.026962515,0.03292963,2024-04-04 01:12:00
0.025141729,0.04032529,0.024690632,0.047359567,0.015401704,0.013562548,0.033711486,0.02520095,0.027698826,0.048689507,0.039524868,0.050687857,0.025054615,0.02189014,0.04132234,0.023307662,0.022330277,0.036012232,0.04178651,0.036020033,0.027022965,0.023082083,0.02399988,0.051212296,0.020589264,0.029749501,0.01933496,0.035181563,2024-04-04 01:13:00
0.02781692,0.022561224,0.0215223,0.03424336,0.050638735,0.029435955,0.023092208,0.01878338,0.025628362,0.057172026,0.03833047,0.047904108,0.029532138,0.01686119,0.03465627,0.017529197,0.045144405,0.040619776,0.0300386,0.038815472,0.029925322,0.017513232,0.024708157,0.01637615,0.02399476,0.02747902,0.028797299,0.03037858,2024-04-04 01:14:00
0.022693083,0.03849605,0.030066824,0.036575284,0.012442526,0.027803257,0.03083769,0.017612476,0.018600533,0.04696568,0.03707721,0.028717859,0.031434122,0.023338145,0.031479128,0.02568754,0.050940476,0.034082923,0.03606201,0.039031718,0.031084802,0.029308869,0.051675953,0.015071291,0.026213823,0.018381225,0.023602324,0.03626831,2024-04-04 01:15:00
0.02319455,0.03320065,0.03847928,0.030634873,0.016052302,0.01727331,0.023927463,0.017962653,0.021914931,0.041531254,0.041017152,0.0219672,0.02826527,0.02218627,0.035678603,0.017940857,0.01347741,0.04255479,0.03455236,0.038798437,0.024218231,0.03219807,0.020838711,0.020107556,0.017020712,0.023938103,0.017686892,0.037899785,2024-04-04 01:16:00
0.028009254,0.04300539,0.01997005,0.029154127,0.014357734,0.018200438,0.01830986,0.025239443,0.01730993,0.063579336,0.03521033,0.025710614,0.023394566,0.06663621,0.022027723,0.02104677,0.015394133,0.0422108,0.04125794,0.035668038,0.015677653,0.030398915,0.019102326,0.01955471,0.016832419,0.025251009,0.02542098,0.034839813,2024-04-04 01:17:00
0.027979167,0.039862227,0.030094823,0.083098225,0.024758745,0.023750195,0.015548106,0.022568947,0.025618989,0.032672133,0.031712834,0.02985434,0.026712827,0.02126504,0.019991318,0.024637965,0.046515726,0.036289897,0.046909448,0.036856532,0.018755008,0.015352584,0.031107,0.021791663,0.026106669,0.018730137,0.020164426,0.035283614,2024-04-04 01:18:00
0.039836276,0.037780084,0.0368765,0.03237418,0.024968613,0.010652498,0.03636122,0.023921216,0.020955319,0.058377273,0.02704383,0.03563894,0.04327841,0.023159314,0.01861215,0.019230647,0.022434484,0.044600558,0.03250373,0.039845016,0.02729789,0.026027916,0.018481417,0.016276283,0.014515478,0.02847562,0.018273955,0.034669872,2024-04-04 01:19:00
0.021718403,0.03445296,0.035478335,0.03865479,0.025145203,0.0227875,0.022702755,0.026313772,0.03829843,0.035303015,0.021122273,0.019989163,0.03971974,0.022021012,0.01409606,0.029013652,0.02228183,0.038255967,0.03065256,0.04482556,0.02842819,0.019156223,0.024895623,0.016673617,0.035151627,0.026398065,0.022883724,0.03541636,2024-04-04 01:20:00
0.021253228,0.040079996,0.03818089,0.03745836,0.02776087,0.05075164,0.0168915,0.020574594,0.042663883,0.05799067,0.032831993,0.021295592,0.039967205,0.033172444,0.012687278,0.025932932,0.018391268,0.0391607,0.032472253,0.039158404,0.027242497,0.023607755,0.0212558,0.02423717,0.021770263,0.029274844,0.021275107,0.03562105,2024-04-04 01:21:00
0.023770323,0.045409348,0.030217864,0.031114269,0.035538033,0.01856458,0.026435614,0.017173544,0.03084003,0.058573473,0.043840174,0.019540831,0.043476,0.021602998,0.022226704,0.02098909,0.02248878,0.038968384,0.031041754,0.044774335,0.029701138,0.020924052,0.022103481,0.055383034,0.021371085,0.024871431,0.025468227,0.038916625,2024-04-04 01:22:00
0.024511412,0.025073795,0.026325507,0.044813663,0.0173199,0.021749562,0.021014716,0.016003326,0.026913004,0.040146668,0.029558752,0.010984464,0.018595269,0.015540187,0.02000837,0.017737208,0.020670272,0.04192894,0.031092599,0.04490102,0.02957152,0.01906328,0.031789787,0.015798606,0.012899939,0.0235018,0.036844987,0.03485127,2024-04-04 01:23:00
0.025816502,0.0391751,0.038813077,0.028324401,0.021188866,0.019240744,0.026899068,0.018776126,0.0309363,0.049575187,0.021032315,0.015508393,0.03374714,0.021544455,0.028023437,0.031377323,0.0150890695,0.044811256,0.029182168,0.040973376,0.030313626,0.02703499,0.025988437,0.01613168,0.013915386,0.024216697,0.02345572,0.03687264,2024-04-04 01:24:00
0.024108285,0.031330664,0.030121073,0.04468263,0.023315985,0.017009936,0.024044031,0.017791146,0.024702074,0.034471087,0.032402314,0.01826641,0.018614106,0.017443476,0.02921852,0.036251016,0.026286496,0.032193888,0.03237326,0.042097162,0.03578924,0.018910492,0.01928293,0.022076558,0.017327288,0.02283928,0.025392402,0.035409085,2024-04-04 01:25:00
0.027225928,0.039930068,0.023068508,0.035618715,0.0278393,0.013197733,0.026873335,0.0187257,0.030294478,0.053979274,0.041439444,0.018509787,0.037828375,0.027616883,0.018683562,0.023014203,0.028361872,0.03345862,0.032149572,0.046170246,0.027152034,0.01810577,0.023695974,0.020329095,0.02349166,0.021955153,0.02495561,0.04214676,2024-04-04 01:26:00
0.024858246,0.03466786,0.03693327,0.037509833,0.013747879,0.02237226,0.024852091,0.017820273,0.028978813,0.05108977,0.026786711,0.025148,0.025314877,0.01576378,0.015778206,0.02542916,0.023647299,0.043025706,0.04068435,0.04487803,0.028005172,0.03352107,0.013987516,0.024718286,0.0169158,0.033149507,0.027193855,0.038337767,2024-04-04 01:27:00
0.02536534,0.016764192,0.022903534,0.029823612,0.025587039,0.017298073,0.02742741,0.016317287,0.025433937,0.05202294,0.030711183,0.024248892,0.027271206,0.029516652,0.025598522,0.0285066,0.02023476,0.03779368,0.033151805,0.045090485,0.027490228,0.021970572,0.021793365,0.042286173,0.015951488,0.028714908,0.026630973,0.03193786,2024-04-04 01:28:00
0.024298415,0.03456373,0.026216054,0.20705396,0.030439608,0.042453926,0.024567902,0.016205365,0.028226033,0.04406054,0.04533785,0.021240177,0.027767602,0.028175388,0.02082482,0.02084369,0.02110518,0.04090121,0.036054242,0.041537475,0.02072981,0.025600232,0.039141536,0.032124326,0.011887433,0.018592853,0.02879505,0.045045365,2024-04-04 01:29:00
0.021981005,0.03515314,0.03758313,0.17184396,0.028797338,0.01578216,0.017744018,0.020616038,0.029344233,0.052101526,0.053044133,0.029986676,0.032841764,0.012602221,0.016696168,0.015657267,0.020715982,0.043517966,0.045779727,0.039229613,0.026909309,0.021950074,0.02266737,0.017831787,0.026323397,0.02247485,0.025821233,0.034003705,2024-04-04 01:30:00
0.025509752,0.018057613,0.025891157,0.20964904,0.032082826,0.019364625,0.022840137,0.015033334,0.024078716,0.06458302,0.044873703,0.025615396,0.03823516,0.023385976,0.024529964,0.020687385,0.08519136,0.05147808,0.018774206,0.08899418,0.015872853,0.019726688,0.022327533,0.019887695,0.03520389,0.024059566,0.018634787,0.029965742,2024-04-04 01:31:00
0.02533296,0.030025942,0.028535701,0.064677395,0.044648513,0.02192058,0.024077173,0.021250838,0.025606385,0.06737166,0.03813397,0.028706523,0.028165227,0.022559408,0.020152183,0.023880469,0.038646296,0.03716951,0.03370688,0.04520698,0.02740232,0.17963064,0.05858697,0.027305739,0.020435771,0.028408812,0.02202023,0.018957425,2024-04-04 01:32:00
0.03648501,0.025129335,0.03690493,0.051659457,0.023645183,0.110288076,0.021503648,0.026245717,0.03383098,0.06234413,0.04544718,0.028764559,0.03257461,0.022851912,0.034443475,0.020667475,0.018866332,0.040012497,0.037151407,0.03643168,0.029009173,0.019485824,0.025516426,0.016276957,0.017663369,0.023398548,0.020355511,0.050407216,2024-04-04 01:33:00
0.026957829,0.020689823,0.038532577,0.03975614,0.034260172,0.02127379,0.028247222,0.018711144,0.030348556,0.043426804,0.045635,0.026567614,0.009628309,0.019972231,0.014019297,0.024775784,0.02472874,0.042575378,0.05195382,0.04488976,0.028941333,0.0314032,0.022753654,0.0158361,0.016052522,0.023553858,0.022394761,0.030796435,2024-04-04 01:34:00
0.022961633,0.031043231,0.036048,0.039378986,0.016516281,0.08829577,0.023807462,0.020785317,0.027879981,0.0677399,0.029261516,0.021061951,0.025018608,0.026890485,0.016338067,0.028872568,0.0276593,0.07653523,0.041527808,0.04498121,0.026716402,0.029237118,0.0221042,0.018974569,0.019920692,0.034452293,0.025501715,0.034827936,2024-04-04 01:35:00
0.02499938,0.02235048,0.035259362,0.04522974,0.03248896,0.016601825,0.02608842,0.018122569,0.016870128,0.044720907,0.04376403,0.03555283,0.03599304,0.023012195,0.02704389,0.010523109,0.043395255,0.042240493,0.027460143,0.035686832,0.027469076,0.030360145,0.028639322,0.03225573,0.021865468,0.03460138,0.021611843,0.028562274,2024-04-04 01:36:00
0.02444758,0.037526645,0.031845126,0.028459387,0.024743112,0.021086719,0.023221735,0.017387614,0.032667384,0.048821,0.03647861,0.017876662,0.03678472,0.016041376,0.022678806,0.014798973,0.018581621,0.041490115,0.020705486,0.04062713,0.033920173,0.03217321,0.024229927,0.05156348,0.025701858,0.027730903,0.024490261,0.030986832,2024-04-04 01:37:00
0.021771738,0.029357739,0.047651175,0.033576917,0.03722989,0.020613013,0.029446077,0.019774025,0.026420197,0.061558448,0.046508227,0.02811388,0.047501415,0.024381172,0.0131958,0.02854865,0.045288734,0.0415518,0.038939446,0.04502874,0.033550993,0.031983417,0.036317594,0.025978018,0.028947074,0.0314119,0.02838991,0.038659543,2024-04-04 01:38:00
0.024013977,0.059032187,0.04010892,0.034277342,0.021062603,0.017478509,0.026876863,0.016784884,0.026378775,0.043798797,0.04450357,0.017796054,0.039421614,0.017778017,0.017094929,0.020817777,0.017760023,0.042191744,0.038829364,0.045560617,0.024341637,0.026867889,0.023639629,0.01850397,0.024064634,0.028058926,0.027749972,0.03415415,2024-04-04 01:39:00
0.024234261,0.04334847,0.0217412,0.041112497,0.023914594,0.012877246,0.025750803,0.016017929,0.026199259,0.049755722,0.035168465,0.03410937,0.028868612,0.01834809,0.023560485,0.024098165,0.01974803,0.03978947,0.040991507,0.035602886,0.026750432,0.016607137,0.019124711,0.023104189,0.024016507,0.02609771,0.027430113,0.043593906,2024-04-04 01:40:00
0.019756546,0.035444878,0.03655097,0.046332426,0.021696307,0.01668646,0.020893296,0.020712385,0.026949804,0.037650995,0.04308983,0.022647686,0.02995115,0.014139904,0.02327302,0.010984662,0.022110162,0.038796615,0.030358193,0.03607178,0.028119292,0.018121613,0.024481118,0.017646551,0.021256989,0.021160627,0.019972248,0.037523992,2024-04-04 01:41:00
0.017616274,0.0399707,0.029260056,0.032437436,0.023362637,0.022937216,0.018289242,0.028699905,0.039568845,0.059036948,0.040113088,0.02297085,0.04299045,0.01635619,0.015915457,0.013677368,0.02040386,0.037575368,0.027760709,0.042355422,0.024441713,0.022282949,0.024791855,0.01595814,0.021059869,0.02315957,0.017038558,0.038848136,2024-04-04 01:42:00
0.026140343,0.035130166,0.029684898,0.03249297,0.02329965,0.02470678,0.026099222,0.016069412,0.019163635,0.047722917,0.056476686,0.035584625,0.0419754,0.018222095,0.022728207,0.016460929,0.020579167,0.042633656,0.026522266,0.041251417,0.022702895,0.02346325,0.078077644,0.024290282,0.016962815,0.024333905,0.03626598,0.04333748,2024-04-04 01:43:00
0.025906641,0.041893132,0.03507306,0.034939542,0.03186016,0.023637073,0.029484691,0.02563124,0.028542696,0.03902441,0.03927721,0.03428941,0.03569075,0.01763462,0.016127344,0.018096417,0.02031553,0.0369082,0.037369456,0.048496343,0.022906601,0.016374392,0.056833345,0.02621802,0.017212821,0.023954475,0.025693363,0.04139855,2024-04-04 01:44:00
0.024404969,0.041465953,0.029209165,0.04290044,0.020856485,0.020707173,0.017861733,0.023909733,0.026447432,0.05052047,0.03264311,0.050032545,0.029328959,0.02487089,0.017942777,0.022784451,0.027615635,0.034328364,0.035637807,0.044931207,0.021771695,0.03781953,0.022834666,0.012421701,0.026207488,0.034547046,0.021073954,0.041584667,2024-04-04 01:45:00
0.024177834,0.042759154,0.031328466,0.03766441,0.030178212,0.01966033,0.024671543,0.017917745,0.016713757,0.05165247,0.033777304,0.020016152,0.022556325,0.027012719,0.03231214,0.024672065,0.020554358,0.043023102,0.033260915,0.042061985,0.025952097,0.02513681,0.022478892,0.015805501,0.018489776,0.024089528,0.031359084,0.03621632,2024-04-04 01:46:00
0.022352768,0.037058715,0.024097214,0.049350742,0.019567987,0.01897213,0.027822046,0.02301861,0.017024823,0.06737857,0.037667327,0.019461004,0.024914643,0.026893696,0.024303379,0.01616462,0.014257127,0.032483045,0.031767316,0.036931045,0.030039096,0.02204153,0.026174702,0.047237054,0.016867166,0.03434025,0.03238057,0.039140843,2024-04-04 01:47:00
0.0404829,0.0142421,0.03564902,0.028739596,0.02115351,0.015279625,0.012951508,0.020321403,0.027589297,0.04815263,0.02700369,0.031161802,0.036171746,0.016074598,0.016458143,0.026054747,0.013698671,0.03055603,0.02591782,0.035862695,0.01934204,0.020050546,0.019891076,0.0147940125,0.01544327,0.025538329,0.036243014,0.03369824,2024-04-04 01:48:00
0.02295268,0.04535264,0.030282618,0.027470093,0.024792967,0.023060808,0.026989134,0.015113898,0.02329831,0.050294682,0.023137204,0.045183226,0.028632112,0.02323152,0.015001235,0.035056453,0.023904571,0.038812283,0.038180314,0.045142174,0.028952194,0.016658027,0.014299447,0.023032159,0.022013038,0.029044228,0.026002575,0.044839386,2024-04-04 01:49:00
0.018972194,0.0118937595,0.023284867,0.03330011,0.030953003,0.018575078,0.014533141,0.021789046,0.021842845,0.041624498,0.032627974,0.019008022,0.029383743,0.010043261,0.035657648,0.017848616,0.03892444,0.04478293,0.03711416,0.036446832,0.022083202,0.01833844,0.015792487,0.018378954,0.01832535,0.025996922,0.025971102,0.03973629,2024-04-04 01:50:00
0.022938062,0.031533748,0.027697623,0.029406238,0.034028262,0.012954649,0.019788913,0.018191403,0.025314778,0.045571465,0.028030654,0.03369878,0.033787224,0.013755419,0.027295647,0.015759332,0.025159271,0.03990068,0.034056116,0.036684558,0.03251135,0.012725649,0.021765899,0.021371864,0.02616851,0.020095255,0.0487014,0.038372286,2024-04-04 01:51:00
0.024215482,0.02904774,0.035546657,0.027267644,0.020484872,0.019712117,0.028052242,0.02090755,0.024603171,0.045221146,0.039534908,0.028496101,0.01182589,0.020536656,0.015763802,0.017786618,0.016167674,0.04146689,0.038958963,0.04396215,0.025616217,0.017181268,0.02305881,0.035811715,0.013038005,0.020218752,0.030745476,0.02998915,2024-04-04 01:52:00
0.021846222,0.03133343,0.021639772,0.034439415,0.040549066,0.02356461,0.01926997,0.020261101,0.035523888,0.11103018,0.03604386,0.040054258,0.018493485,0.018440247,0.013525934,0.024589658,0.023513352,0.0396852,0.045553632,0.044986874,0.026418874,0.016731592,0.01985505,0.02490691,0.019300837,0.026387151,0.029462762,0.028854353,2024-04-04 01:53:00
0.02144568,0.038678557,0.01647002,0.04370637,0.016214045,0.016968481,0.033513892,0.016566964,0.028372284,0.045125674,0.0370778,0.022352813,0.019476663,0.02775447,0.0141210705,0.024096686,0.039946232,0.022312205,0.043110594,0.04497049,0.02695525,0.017169736,0.022084005,0.012062612,0.030735709,0.023879906,0.022458963,0.037070744,2024-04-04 01:54:00
0.023301652,0.021152347,0.025988823,0.034749866,0.028943285,0.010789648,0.023121556,0.022860862,0.044759773,0.053290144,0.029798878,0.019796384,0.025874306,0.024270294,0.019886723,0.025343545,0.021261064,0.038752485,0.02916809,0.036365826,0.027410256,0.01784854,0.021266812,0.019546928,0.015722277,0.019741453,0.030796362,0.04474676,2024-04-04 01:55:00
0.023794321,0.017530084,0.029941004,0.04483745,0.020500287,0.016727246,0.023469666,0.015523715,0.025806181,0.059186306,0.039988745,0.02495242,0.023541715,0.022940855,0.019243762,0.026703665,0.012400049,0.0303488,0.04128011,0.044821322,0.026425792,0.018308416,0.020641971,0.023518741,0.017525323,0.025050627,0.025058646,0.05887999,2024-04-04 01:56:00
0.02154444,0.021187533,0.0309514,0.04104744,0.02446769,0.02396047,0.027233576,0.018762773,0.016098801,0.05879976,0.038042046,0.03352916,0.019215442,0.01869718,0.020987134,0.020173538,0.026448017,0.032464955,0.02720708,0.045109496,0.027039355,0.018977318,0.014790734,0.040316917,0.018991327,0.029455254,0.025884412,0.04529683,2024-04-04 01:57:00
0.023404352,0.034338716,0.025574476,0.119597696,0.02671575,0.015513146,0.02639343,0.02000305,0.030429646,0.054360516,0.039137762,0.027073542,0.026415145,0.020357668,0.01317706,0.030566111,0.016794741,0.033860344,0.02200047,0.044906653,0.029140042,0.020680344,0.021500653,0.02125444,0.019942233,0.034575842,0.021585787,0.040985476,2024-04-04 01:58:00
0.023487931,0.034051087,0.02972876,0.04051238,0.022601523,0.05075691,0.022357097,0.016740175,0.026103042,0.06708771,0.027652755,0.02528864,0.045316294,0.015474011,0.012971254,0.016505796,0.03015096,0.039292265,0.02315107,0.05339239,0.023163352,0.022422584,0.04882458,0.01634555,0.023001561,0.02411547,0.028318219,0.038618833,2024-04-04 01:59:00
0.02376361,0.031715594,0.017069962,0.0364857,0.027007716,0.01864368,0.023242626,0.029663743,0.027327018,0.06025818,0.037376758,0.02983675,0.038805783,0.024789277,0.019197866,0.02249957,0.014752717,0.036400344,0.027039872,0.04483256,0.026826156,0.019372862,0.023313386,0.016191432,0.018434715,0.028303318,0.028901955,0.042629458,2024-04-04 02:00:00
0.022488523,0.034633595,0.03400564,0.047838785,0.023531808,0.020253481,0.017253151,0.022021277,0.0133723,0.045148384,0.05744792,0.023749696,0.041100442,0.029369522,0.015019506,0.021556923,0.013767565,0.042867206,0.02915921,0.038501218,0.026402315,0.021523641,0.020904463,0.017854616,0.028316991,0.027114267,0.022674898,0.040075958,2024-04-04 02:01:00
0.021719756,0.028131573,0.049909312,0.03286616,0.028961752,0.017783832,0.017871015,0.020796016,0.02582996,0.06426434,0.050045814,0.011873939,0.04057671,0.024540797,0.021185977,0.016021565,0.049690865,0.033555306,0.044105545,0.045293596,0.023650499,0.017107945,0.017396124,0.06075374,0.024797557,0.031014593,0.02569949,0.030319422,2024-04-04 02:02:00
0.02223925,0.035840496,0.032437067,0.03909325,0.04055555,0.016094435,0.017844925,0.020463135,0.026156647,0.06835365,0.03472762,0.022731226,0.04465086,0.027130015,0.014598037,0.03344751,0.04782666,0.041174624,0.037812438,0.043521024,0.025843589,0.01679396,0.023016684,0.015206907,0.022025844,0.02880215,0.033273097,0.047917653,2024-04-04 02:03:00
0.022041837,0.016542431,0.03903345,0.028874159,0.025727129,0.0154710105,0.019331807,0.017778523,0.027286889,0.052117713,0.027131999,0.025830064,0.038949437,0.023684243,0.016336279,0.024547543,0.025938025,0.044402372,0.04230853,0.036789533,0.017478816,0.024157323,0.015631692,0.018692942,0.029245753,0.020490434,0.023604898,0.03599571,2024-04-04 02:04:00
0.01894194,0.034065668,0.040036634,0.041906398,0.03307486,0.01923405,0.025696436,0.027594497,0.030029591,0.045218397,0.019164048,0.028402634,0.0324275,0.03474121,0.016448043,0.024938012,0.014813955,0.037210587,0.037647113,0.044941183,0.026879195,0.017319933,0.022593722,0.014550725,0.022742718,0.027185032,0.026425347,0.037867688,2024-04-04 02:05:00
0.02236854,0.029092997,0.032624565,0.031780716,0.02726398,0.02347755,0.027831072,0.024888648,0.017291136,0.06059276,0.05657658,0.024879724,0.02203812,0.017778456,0.014952438,0.022105854,0.01600626,0.039294742,0.074527174,0.039427586,0.02795833,0.03378472,0.013921899,0.0130550945,0.018174574,0.03006346,0.02331014,0.04438705,2024-04-04 02:06:00
0.021426631,0.035860904,0.024335802,0.049564734,0.023572583,0.020824857,0.017965714,0.022649657,0.03754143,0.04262155,0.037683424,0.014337762,0.04320529,0.023675311,0.021811988,0.009569232,0.024021503,0.0415184,0.026289977,0.047003195,0.03659803,0.039477713,0.017167846,0.028554713,0.033355325,0.026343565,0.026447482,0.03311329,2024-04-04 02:07:00
0.024176376,0.036164347,0.027843392,0.056817148,0.029500214,0.04551103,0.020190878,0.021341069,0.032116305,0.044416383,0.050124187,0.025728945,0.026034597,0.013249658,0.023564167,0.013020337,0.02417743,0.1545992,0.032208264,0.03941524,0.031781368,0.023127927,0.024834543,0.060966976,0.026941279,0.026247066,0.03111824,0.0455031,2024-04-04 02:08:00
0.022985745,0.03843353,0.043197017,0.046970174,0.021055728,0.020540552,0.020474648,0.01733518,0.033536408,0.04133821,0.047587328,0.044183865,0.03810249,0.021995643,0.019734535,0.024650065,0.013115142,0.031210039,0.030058255,0.03596661,0.030519973,0.03813387,0.023890104,0.030337198,0.014461041,0.038255848,0.026952552,0.034741078,2024-04-04 02:09:00
0.021197904,0.038945094,0.022353167,0.034644146,0.051396843,0.014479978,0.021803364,0.022138335,0.022698328,0.030908711,0.036355175,0.03619311,0.04277035,0.024385784,0.014733963,0.010944408,0.021545842,0.0344732,0.029998207,0.05318069,0.032106128,0.025169747,0.01710092,0.016804896,0.019432867,0.02611854,0.025580352,0.046392776,2024-04-04 02:10:00
0.02173243,0.027921114,0.033356566,0.029428128,0.020688059,0.02777776,0.022411263,0.019892298,0.026904188,0.061398614,0.026944423,0.021152316,0.049092945,0.020409225,0.020062022,0.029173682,0.020481635,0.03575808,0.026450766,0.037159152,0.03728862,0.017042644,0.020187186,0.0152079165,0.02833421,0.029225454,0.027117912,0.035879526,2024-04-04 02:11:00
0.023812536,0.035129845,0.019234203,0.1132262,0.017838607,0.019885566,0.029774448,0.013353533,0.030821588,0.0460511,0.03655427,0.026016349,0.026809314,0.019097937,0.048142787,0.021084113,0.012616389,0.026724828,0.036673047,0.044836085,0.023370096,0.0155088855,0.022355495,0.018803082,0.028433135,0.03085921,0.026204005,0.037119802,2024-04-04 02:12:00
0.022632191,0.02598095,0.041153416,0.049085047,0.015644882,0.01725106,0.021348678,0.018991541,0.029479794,0.051109087,0.04612805,0.028331494,0.034261234,0.023819199,0.014817773,0.02582113,0.030898465,0.038378812,0.04593355,0.0449115,0.026821412,0.026946401,0.032284725,0.02013569,0.029846339,0.027855568,0.022932023,0.033409003,2024-04-04 02:13:00
0.02335422,0.037327684,0.029607894,0.04892143,0.022091,0.014950212,0.018607413,0.016298087,0.024125049,0.03701973,0.020155078,0.03471763,0.037300624,0.023007141,0.014222812,0.020092087,0.0351759,0.012166037,0.041531965,0.03610082,0.024242196,0.02391107,0.024419952,0.026949253,0.02197615,0.022635693,0.090486765,0.17551632,2024-04-04 02:14:00
0.029621845,0.03963938,0.035224132,0.0282931,0.018875575,0.021531712,0.08647733,0.02213854,0.02618401,0.042977307,0.047330327,0.026006427,0.027507149,0.02597183,0.017589211,0.028245816,0.0155637115,0.03958962,0.033647697,0.03575384,0.019619675,0.016666966,0.022991648,0.023197921,0.022385892,0.023099404,0.022806682,0.04278071,2024-04-04 02:15:00
0.02483696,0.028366366,0.032830272,0.06675335,0.020701457,0.019520272,0.023519687,0.017315928,0.011941317,0.050561853,0.05385359,0.025187297,0.038427602,0.013645127,0.023398235,0.01405355,0.017630395,0.04064931,0.019914985,0.037268046,0.016424337,0.0165269,0.01436996,0.021559332,0.027373446,0.01956817,0.0681297,0.03994241,2024-04-04 02:16:00
0.022060957,0.037088558,0.04556589,0.052986216,0.029111063,0.016676428,0.021652646,0.020250695,0.012496659,0.04617271,0.044531032,0.02667548,0.038141426,0.014033053,0.019739931,0.023874398,0.02362756,0.042246956,0.035527326,0.035984103,0.025737427,0.020702334,0.024317903,0.02331969,0.024222473,0.027163334,0.027103003,0.03967312,2024-04-04 02:17:00
0.024564631,0.035980523,0.049112935,0.026829435,0.050469093,0.017922318,0.02332842,0.023208505,0.024565006,0.048893716,0.040424395,0.031022789,0.02460718,0.030614942,0.027249139,0.022752147,0.027575538,0.04043596,0.043588135,0.038334444,0.024975296,0.028770017,0.029126965,0.018732606,0.017411338,0.019457974,0.021836512,0.048541915,2024-04-04 02:18:00
0.023459155,0.029060729,0.020763846,0.057667386,0.03916346,0.017750176,0.0156184975,0.019004367,0.030843364,0.04425779,0.02295261,0.039513238,0.041645646,0.01190907,0.0143390605,0.04502973,0.054498795,0.12812094,0.021415574,0.036475632,0.02194431,0.0153441485,0.017042711,0.022180295,0.03562036,0.023447871,0.025335453,0.040316544,2024-04-04 02:19:00
0.026118634,0.029701035,0.03243101,0.0488382,0.03712735,0.015011806,0.020626077,0.02025834,0.025036661,0.055683106,0.02007417,0.028375627,0.039593562,0.035684712,0.02559477,0.025192408,0.026138093,0.04324008,0.032411102,0.041755993,0.022534229,0.014686776,0.019732814,0.02392992,0.018152788,0.029776849,0.026196579,0.040618733,2024-04-04 02:20:00
0.023408365,0.027132979,0.03335062,0.034291696,0.021517497,0.024103941,0.028847909,0.02583768,0.027306201,0.06363053,0.046076994,0.026449427,0.033102423,0.029303286,0.020750623,0.015480487,0.018305814,0.03304997,0.040330645,0.035996936,0.02626718,0.013048275,0.021715844,0.0149548305,0.021216681,0.029861582,0.021208184,0.057433296,2024-04-04 02:21:00
0.02682729,0.030841116,0.04230733,0.06490281,0.030403635,0.017422687,0.17569199,0.02436234,0.027623827,0.047455676,0.054763753,0.028258625,0.028903944,0.016848518,0.015236286,0.026137598,0.036486387,0.046524253,0.04426023,0.045177177,0.025781645,0.023747064,0.016174536,0.02603176,0.018794298,0.024909355,0.021810481,0.040094543,2024-04-04 02:22:00
0.01965405,0.03885932,0.040807564,0.025330193,0.025459327,0.051335044,0.024753457,0.019039253,0.018523626,0.060360063,0.04080567,0.029248053,0.037235245,0.021708587,0.019160235,0.014158632,0.023602601,0.040149868,0.03147026,0.04677192,0.03701225,0.024067696,0.026457852,0.017045714,0.015603081,0.031187937,0.036202446,0.034918718,2024-04-04 02:23:00
0.023313357,0.032738913,0.022915566,0.030663313,0.020365104,0.017046075,0.025692081,0.02190006,0.026344536,0.060849067,0.043205027,0.027235884,0.050393168,0.046549782,0.012990216,0.045497783,0.013316398,0.020644818,0.024037065,0.04852833,0.01997997,0.015435838,0.018692123,0.020362679,0.02239516,0.02364075,0.025372831,0.040745996,2024-04-04 02:24:00
0.023047445,0.02514485,0.037971925,0.03970879,0.019194517,0.016153773,0.023308445,0.032260112,0.034607597,0.064278096,0.031584773,0.020796776,0.026047211,0.013602512,0.018427934,0.01756832,0.020032424,0.038809434,0.022903513,0.044858545,0.029767158,0.012804339,0.018959092,0.020538408,0.045241896,0.026480906,0.022284502,0.035124246,2024-04-04 02:25:00
0.12121502,0.037376937,0.032565024,0.03145409,0.023934932,0.014723119,0.02405767,0.018762683,0.02403252,0.03614303,0.040806778,0.040210605,0.029745856,0.10805874,0.025331335,0.025932567,0.014906292,0.038881578,0.039596092,0.0449711,0.0287043,0.013083777,0.02100503,0.016805574,0.019658698,0.020913279,0.023652822,0.049923226,2024-04-04 02:26:00
0.02203843,0.024629869,0.028989198,0.023268491,0.024054084,0.014366117,0.019305434,0.02554783,0.031045748,0.06819642,0.034413878,0.018686118,0.041164637,0.028307963,0.014813407,0.05226784,0.022090318,0.03703956,0.032449387,0.04488083,0.027441364,0.015933562,0.023559086,0.027039524,0.017360222,0.02897898,0.029229397,0.044689428,2024-04-04 02:27:00
0.024069076,0.04435436,0.039311197,0.035412993,0.024304926,0.018763121,0.02499312,0.028187368,0.030412572,0.062341206,0.03476781,0.022793658,0.019370113,0.02296187,0.014112382,0.048235714,0.021677217,0.031109128,0.04055282,0.052027024,0.02527924,0.023536643,0.017478362,0.017686384,0.015429853,0.029829664,0.02335658,0.035743125,2024-04-04 02:28:00
0.021404376,0.039370988,0.035543587,0.04064767,0.020913396,0.01860553,0.03169471,0.027172478,0.028701518,0.04076876,0.023086011,0.024060212,0.024043001,0.014836187,0.0136969155,0.017629767,0.018691635,0.04188849,0.034178913,0.045117572,0.021651197,0.015939401,0.02467422,0.019991247,0.024466207,0.04160366,0.02315207,0.045793813,2024-04-04 02:29:00
0.031134102,0.033919685,0.036741562,0.045935668,0.020646485,0.02031011,0.019608585,0.015688231,0.024128266,0.062608086,0.045541655,0.023622852,0.031683378,0.019821497,0.025360592,0.025960337,0.0138093,0.039678685,0.038447287,0.044918433,0.02714842,0.0119623775,0.020434434,0.02182123,0.016843325,0.024650255,0.023437371,0.0366909,2024-04-04 02:30:00
0.031746954,0.038601667,0.033662274,0.047331654,0.020398097,0.020557377,0.019621406,0.021703199,0.031190144,0.048402578,0.053475898,0.027437825,0.0312069,0.0150316,0.055345677,0.015190186,0.020734081,0.036002357,0.04453572,0.045648433,0.021474328,0.033581734,0.027083717,0.03035225,0.02954915,0.021189045,0.026969574,0.043699704,2024-04-04 02:31:00
0.03219985,0.04058444,0.03550759,0.034427542,0.029729523,0.06421278,0.021700725,0.02110925,0.029678024,0.05226767,0.032030437,0.0314869,0.028986642,0.028332623,0.03482339,0.014040324,0.026383188,0.03799299,0.03374564,0.038597174,0.028535975,0.027402634,0.020995922,0.055492375,0.018239921,0.028003512,0.022246128,0.066441886,2024-04-04 02:32:00
0.020599518,0.040434122,0.03520497,0.036556635,0.022301972,0.016930558,0.014656581,0.020645026,0.02417293,0.050380588,0.022574667,0.020444978,0.04123037,0.016605007,0.022231458,0.024878837,0.024365319,0.045253504,0.026940962,0.073152564,0.035904065,0.027818192,0.031492114,0.04478246,0.021931091,0.031586625,0.023044772,0.041679636,2024-04-04 02:33:00
0.020829026,0.031529542,0.035341475,0.032539126,0.026285144,0.02149458,0.025609296,0.022420712,0.019567378,0.05527968,0.022741476,0.022057131,0.039783344,0.020625416,0.01619467,0.024746504,0.018700778,0.04018445,0.03225365,0.045791622,0.03661847,0.022259694,0.043810893,0.019049589,0.015173292,0.031016577,0.022771327,0.04010975,2024-04-04 02:34:00
0.03278959,0.037369624,0.027806567,0.02372392,0.030510819,0.021471731,0.030209988,0.01959813,0.026012708,0.049825415,0.051784404,0.030722262,0.03570746,0.021535287,0.017312692,0.013428848,0.055922177,0.036275297,0.036120653,0.03999277,0.025348343,0.022089466,0.024296507,0.044807203,0.015870979,0.02784929,0.025979558,0.03601315,2024-04-04 02:35:00
0.032281592,0.03639023,0.037377227,0.028703503,0.024028184,0.01401468,0.029337063,0.018719858,0.027017709,0.043716703,0.02074439,0.026947813,0.030123154,0.023614144,0.01914171,0.023563243,0.015243628,0.04207208,0.0394095,0.03603164,0.03453191,0.019160619,0.028427575,0.026969664,0.02155197,0.035926152,0.026110057,0.03832952,2024-04-04 02:36:00
0.031628437,0.028672356,0.021988692,0.048086427,0.018429676,0.01823117,0.020591995,0.014305215,0.026226146,0.04899106,0.027209718,0.027989037,0.03556001,0.033105742,0.013811741,0.028941497,0.0191905,0.032955974,0.039025083,0.049216677,0.028811252,0.013259664,0.024288177,0.043411694,0.018840702,0.027534142,0.024040593,0.040478203,2024-04-04 02:37:00
0.023849571,0.04486496,0.04065255,0.030442262,0.024461694,0.022169927,0.02386331,0.02656476,0.031501766,0.05922341,0.028313266,0.04798101,0.02578952,0.022032324,0.017785776,0.01902198,0.026925035,0.04311856,0.02684049,0.04336193,0.028238948,0.019573832,0.022553911,0.033253193,0.018187888,0.030088838,0.02625646,0.039968416,2024-04-04 02:38:00
0.032399498,0.031356506,0.03315295,0.034615215,0.025890209,0.016479816,0.025658377,0.018453334,0.02243782,0.05416808,0.039539855,0.026472254,0.03117179,0.032539733,0.015785469,0.012884919,0.01668534,0.04110087,0.024595967,0.036109354,0.020427834,0.016647793,0.021282617,0.02863073,0.036947586,0.026621027,0.022440914,0.038744602,2024-04-04 02:39:00
0.039107174,0.03598904,0.038993903,0.04109611,0.019569632,0.01150094,0.02328932,0.019849852,0.01864878,0.037300356,0.02034529,0.02272836,0.03374241,0.020101665,0.03621071,0.011408407,0.019886976,0.02761766,0.032971527,0.15461351,0.04299405,0.010270851,0.028110592,0.0121397395,0.026352216,0.02368838,0.023383027,0.038792297,2024-04-04 02:40:00
0.0329912,0.035352997,0.023525253,0.04992723,0.016133016,0.021730956,0.020939937,0.018450657,0.022324756,0.042233158,0.03766457,0.039601717,0.041903388,0.07478718,0.014923514,0.012835704,0.01582341,0.036666512,0.032170523,0.04504353,0.06699788,0.017000541,0.023839865,0.014060403,0.023577603,0.029282652,0.024070667,0.040746886,2024-04-04 02:41:00
0.032973103,0.048385996,0.035027437,0.0455364,0.028585514,0.013497564,0.027770776,0.019006455,0.025504896,0.049424317,0.028931206,0.028577613,0.025839232,0.02093286,0.015181171,0.017148178,0.018508665,0.041170157,0.03778345,0.044861518,0.036120653,0.015888846,0.034226295,0.022622092,0.02665015,0.024714442,0.027213726,0.03346948,2024-04-04 02:42:00
0.023303535,0.043693956,0.029151972,0.048703477,0.04511666,0.018541766,0.030297048,0.016812395,0.014410948,0.05629305,0.024696337,0.025350828,0.035263296,0.031156054,0.020006709,0.012365508,0.02524752,0.033173066,0.034044016,0.036075898,0.04015663,0.013677323,0.0322577,0.019740086,0.025202623,0.0241118,0.022201858,0.045293067,2024-04-04 02:43:00
0.032958172,0.034056168,0.03491681,0.04570858,0.017936863,0.018546682,0.028398344,0.021087106,0.055284534,0.026845636,0.028407313,0.017972901,0.02617531,0.035668124,0.013671631,0.017757693,0.026685035,0.04110053,0.04053868,0.036517162,0.020999113,0.022733856,0.027355356,0.01177136,0.018684411,0.030268062,0.038546864,0.0474891,2024-04-04 02:44:00
0.032698475,0.029532537,0.025237065,0.039249703,0.018798875,0.01798336,0.029651398,0.019110177,0.014350306,0.053441744,0.032713212,0.020725682,0.030168409,0.019004138,0.017259406,0.011689029,0.021811618,0.03981192,0.041771553,0.041653004,0.034142625,0.02347087,0.021468926,0.01610789,0.019436862,0.02480755,0.024928465,0.026234621,2024-04-04 02:45:00
0.032899022,0.04371269,0.03337348,0.052369833,0.023493992,0.01737091,0.029437784,0.020364411,0.033403493,0.055610992,0.05064006,0.01816317,0.035598665,0.029766204,0.028900102,0.03427411,0.021089066,0.039077766,0.025378093,0.0364904,0.024325758,0.015687572,0.023142744,0.021342963,0.023997841,0.026089204,0.022907957,0.037492283,2024-04-04 02:46:00
0.029498998,0.031081565,0.034333922,0.027128974,0.031284116,0.024441196,0.029573377,0.01805685,0.022497041,0.037039228,0.038246166,0.01866313,0.026851673,0.030405544,0.0187842,0.017810315,0.020925505,0.03465705,0.02997911,0.038854383,0.025423931,0.027511286,0.019703293,0.020117333,0.02431105,0.022048354,0.023558278,0.034819584,2024-04-04 02:47:00
0.020753438,0.029846122,0.033788804,0.03170528,0.02419706,0.023084054,0.023557274,0.02518306,0.023888664,0.045425024,0.02338573,0.03058485,0.03788409,0.022958707,0.017299311,0.022319356,0.021550305,0.04240749,0.026859121,0.041358173,0.02541052,0.01915053,0.01676727,0.021822065,0.019825943,0.022701833,0.02301302,0.039481923,2024-04-04 02:48:00
0.031402186,0.042664677,0.03333166,0.04962805,0.029482726,0.01921327,0.029104358,0.01740631,0.029510463,0.030936882,0.046292577,0.032273017,0.021718236,0.01782274,0.02934442,0.025428865,0.01907987,0.036116205,0.038036298,0.045164064,0.025529439,0.023402281,0.046368048,0.021271814,0.019676566,0.028747264,0.023628416,0.040794108,2024-04-04 02:49:00
0.032864578,0.023880975,0.038775258,0.032103494,0.01612807,0.026300594,0.02804326,0.021073086,0.027119558,0.04523743,0.03832164,0.023731343,0.02536683,0.026611019,0.05276705,0.01800404,0.017700663,0.045478642,0.045260377,0.0449602,0.026788248,0.024750536,0.024897149,0.024052717,0.030009393,0.03597714,0.035803936,0.04503271,2024-04-04 02:50:00
0.031322714,0.034544814,0.027220346,0.047916524,0.036526762,0.018748632,0.02595152,0.017173389,0.025194537,0.046134125,0.040878374,0.039009668,0.027801838,0.019018313,0.020846777,0.020729635,0.024844687,0.03633602,0.035395127,0.044830207,0.025905404,0.015816875,0.033835564,0.015753433,0.025757851,0.028919859,0.041426625,0.038775407,2024-04-04 02:51:00
0.07535236,0.029722607,0.032796234,0.024895974,0.034865435,0.017483873,0.027255444,0.017795758,0.02593468,0.051263794,0.03614771,0.045385137,0.045815032,0.024689917,0.021221498,0.027318679,0.024840703,0.038167328,0.02095545,0.039935946,0.035012227,0.032524303,0.028549198,0.015355516,0.022093063,0.039974637,0.030451821,0.033657145,2024-04-04 02:52:00
0.022691041,0.03917333,0.03290233,0.047096252,0.03224354,0.025268381,0.02091533,0.016138129,0.02808058,0.0624803,0.02767829,0.020689925,0.031041984,0.025101023,0.017602352,0.01869165,0.032978274,0.042074304,0.040905178,0.044820815,0.027965656,0.025608918,0.075290285,0.03367762,0.028210374,0.027306065,0.020747257,0.04419544,2024-04-04 02:53:00
0.030379966,0.031781815,0.032011945,0.036184967,0.02102,0.021970814,0.025439784,0.020442586,0.032795317,0.05480517,0.037651036,0.021670602,0.044495977,0.032460596,0.019911831,0.05467683,0.01975788,0.039445847,0.028679572,0.039337948,0.025032748,0.023802292,0.02066258,0.024969272,0.031791247,0.025905881,0.026047057,0.040992077,2024-04-04 02:54:00
0.022679828,0.036625024,0.029272804,0.029861907,0.02581698,0.021292007,0.025884714,0.020081747,0.024067217,0.04579088,0.033949733,0.027547866,0.03662147,0.028605336,0.017734358,0.011949692,0.026115239,0.035679437,0.027211947,0.03964541,0.020327955,0.022099527,0.015967786,0.022904944,0.02249838,0.022813985,0.022591947,0.037835013,2024-04-04 02:55:00
0.025929213,0.029899053,0.027240194,0.028284289,0.00988233,0.019697435,0.028317204,0.025509482,0.020160647,0.053844683,0.026447065,0.026187364,0.04036697,0.029381122,0.0243549,0.016604157,0.018326977,0.042311363,0.031123802,0.036657184,0.03065834,0.014804481,0.02346776,0.017967442,0.031352058,0.034727544,0.018975202,0.040060118,2024-04-04 02:56:00
0.03124948,0.032930885,0.031067338,0.033836327,0.031014334,0.015397607,0.047692332,0.021892339,0.019781662,0.041309312,0.023311399,0.012345763,0.035616565,0.023325827,0.022864599,0.023583122,0.026775286,0.04346812,0.033845223,0.03609355,0.030605452,0.017909994,0.018507492,0.020947805,0.031121004,0.022306688,0.017829295,0.039588973,2024-04-04 02:57:00
0.028943673,0.042765524,0.017080633,0.03999308,0.041622717,0.024894267,0.026286833,0.021757757,0.029878756,0.04349426,0.0317096,0.021110235,0.031707738,0.034147944,0.0404119,0.023117762,0.02183506,0.039087776,0.037321925,0.044865593,0.028240167,0.019732453,0.029505977,0.01843222,0.021109998,0.037082735,0.02033158,0.04007539,2024-04-04 02:58:00
0.029819867,0.03436073,0.028175877,0.0390349,0.024566025,0.017741391,0.018477837,0.030960046,0.031002821,0.045038886,0.029157137,0.026510313,0.03032562,0.03572533,0.039719973,0.016436255,0.021255506,0.038603693,0.038080644,0.044904638,0.038184583,0.011028539,0.022582527,0.03346034,0.022379063,0.02724369,0.02399202,0.039955966,2024-04-04 02:59:00
0.024705285,0.036367454,0.04585178,0.038614787,0.0534579,0.0200921,0.021709317,0.02923379,0.02873224,0.051482175,0.04036501,0.037346058,0.03616947,0.025382448,0.014691313,0.023423955,0.032980654,0.0348677,0.030828081,0.037834477,0.024839304,0.014542555,0.019352108,0.011108806,0.02309148,0.023785604,0.0128490785,0.040953018,2024-04-04 03:00:00
0.03215091,0.034828402,0.036195464,0.04420034,0.028363466,0.014561133,0.02848998,0.025261464,0.05235189,0.048957303,0.027478086,0.037866097,0.03505181,0.02453077,0.02674164,0.021305244,0.026794067,0.04110271,0.031619415,0.04210672,0.037631694,0.020169107,0.06907344,0.045853198,0.01701651,0.030722395,0.027328465,0.04019679,2024-04-04 03:01:00
0.028483601,0.02590218,0.032283984,0.09985333,0.02149101,0.01911874,0.028972862,0.01600217,0.024672193,0.044153016,0.034729593,0.023587074,0.031407233,0.023440363,0.020496586,0.017202007,0.017574813,0.03924475,0.03917936,0.04515229,0.031556666,0.014660193,0.028050087,0.016407335,0.023907362,0.029077245,0.02407354,0.047561336,2024-04-04 03:02:00
0.031260762,0.03503196,0.025280157,0.03834345,0.02619939,0.014489298,0.02131797,0.025062967,0.033183724,0.095667124,0.030213185,0.027886108,0.03466929,0.02287424,0.017765127,0.010161603,0.030036274,0.034902375,0.033329163,0.039528724,0.023807896,0.022977108,0.03956606,0.012360291,0.028277287,0.023706745,0.030585913,0.02765856,2024-04-04 03:03:00
0.03649951,0.037328683,0.033813983,0.030360464,0.037073486,0.0144905755,0.021906998,0.015174659,0.017076517,0.05243338,0.040064983,0.034021124,0.030492064,0.025139961,0.05187073,0.023295822,0.025856482,0.03936447,0.027207715,0.038810115,0.030762019,0.022072647,0.014892023,0.010809683,0.025903832,0.02728296,0.02128989,0.038361285,2024-04-04 03:04:00
0.023925634,0.0376542,0.032732878,0.19469649,0.02675436,0.019982608,0.029829036,0.02700956,0.052934796,0.06095721,0.0390346,0.024071356,0.018235411,0.018509423,0.050812718,0.018993381,0.028034167,0.034354165,0.03282136,0.039768014,0.029436618,0.016376505,0.025097417,0.01769544,0.021939423,0.021793388,0.021993037,0.037494704,2024-04-04 03:05:00
0.038410522,0.034859605,0.032853685,0.036255103,0.028020252,0.012469976,0.18837696,0.014382297,0.029979825,0.04126496,0.028335325,0.033124804,0.03470812,0.029984072,0.034921058,0.029986016,0.027275179,0.03953847,0.028076317,0.036134545,0.02124548,0.021802124,0.019224135,0.022721777,0.02038103,0.029781718,0.029728245,0.03537373,2024-04-04 03:06:00
0.019965151,0.031380333,0.025327912,0.0400229,0.03220449,0.0120478375,0.025977058,0.030290622,0.019606547,0.0450073,0.024614874,0.038946282,0.03337056,0.03191031,0.017615542,0.019915663,0.023280628,0.017875561,0.025909945,0.046303984,0.034845434,0.016167976,0.019070128,0.032248743,0.022184867,0.025994213,0.02222989,0.03301409,2024-04-04 03:07:00
0.021023557,0.022936532,0.033786707,0.13656963,0.026414134,0.015227122,0.02781159,0.02040083,0.03318028,0.045064267,0.030211344,0.04165064,0.038812365,0.032727074,0.013322349,0.028625077,0.02661244,0.04036481,0.03692093,0.048663065,0.025812523,0.016345814,0.013327259,0.018007087,0.02272082,0.028048912,0.028256472,0.0364127,2024-04-04 03:08:00
0.03207241,0.038979296,0.032219816,0.033830743,0.018291805,0.017441468,0.03081528,0.022364786,0.025501085,0.043548144,0.023519909,0.025900867,0.036852907,0.020993242,0.015138996,0.034455687,0.02189825,0.036293406,0.024753422,0.036495652,0.027868988,0.01104284,0.03785603,0.013065553,0.027504103,0.024833674,0.031795148,0.040469028,2024-04-04 03:09:00
0.026567444,0.02483698,0.03275801,0.056816366,0.016406847,0.02476701,0.02887148,0.015526193,0.031323444,0.059421826,0.034729604,0.02162435,0.023991968,0.023081947,0.014510754,0.015890198,0.023702228,0.04054626,0.035061475,0.04491004,0.027417306,0.021390917,0.025121413,0.02196522,0.020217968,0.021516629,0.021108484,0.044947434,2024-04-04 03:10:00
0.030776832,0.04737782,0.024391947,0.090603866,0.015596656,0.016585099,0.02880021,0.018934177,0.025928872,0.04560345,0.047340393,0.03601972,0.03462657,0.01818901,0.026279898,0.025649779,0.014248143,0.036809653,0.034857064,0.045177963,0.026198652,0.026522912,0.017899286,0.02210209,0.017482728,0.0255917,0.019112695,0.054797996,2024-04-04 03:11:00
0.02102499,0.02929467,0.030196138,0.1434348,0.019675551,0.020261066,0.041851535,0.018935272,0.02672957,0.05513513,0.024736412,0.03836917,0.046021704,0.029037237,0.039980114,0.024356492,0.019270191,0.036893275,0.027427116,0.04483735,0.030518929,0.012749061,0.01769894,0.01820458,0.02446759,0.02594298,0.020156465,0.0376797,2024-04-04 03:12:00
0.02789903,0.027903099,0.030266993,0.043713555,0.021550626,0.018931232,0.023284463,0.016969452,0.02435957,0.046517093,0.026946262,0.018556993,0.039999183,0.01777835,0.032379914,0.01964035,0.058551256,0.033812065,0.03822362,0.044958394,0.026194867,0.027656069,0.016231893,0.059664365,0.02813087,0.019113656,0.0176001,0.038682904,2024-04-04 03:13:00
0.05364376,0.03442013,0.033375036,0.04594677,0.023827907,0.018395564,0.027435057,0.024693232,0.027934713,0.05834679,0.029196085,0.02104374,0.046725288,0.03301254,0.013663731,0.015578528,0.018864026,0.037537564,0.024843296,0.038829166,0.030475188,0.022990143,0.015742762,0.04492384,0.022077302,0.024200557,0.014296279,0.03643638,2024-04-04 03:14:00
0.02600633,0.045198586,0.028502004,0.0392377,0.02955322,0.021564152,0.027610745,0.02346551,0.020880109,0.04963319,0.035989545,0.03944975,0.028391412,0.040904123,0.017518628,0.023370562,0.027172746,0.03420886,0.03423225,0.04228004,0.02693805,0.025686536,0.020491282,0.044018134,0.020196421,0.02120944,0.016421469,0.040345665,2024-04-04 03:15:00
0.033621635,0.032254633,0.036496565,0.03688221,0.023619672,0.014349735,0.031967085,0.02162826,0.033150047,0.046075378,0.034352545,0.027267031,0.033247545,0.014416187,0.024464313,0.020635042,0.012368411,0.041868504,0.02851333,0.035936404,0.0211475,0.016487865,0.022411095,0.021847626,0.021157492,0.023747342,0.041673757,0.030132264,2024-04-04 03:16:00
0.032080542,0.038648624,0.024325937,0.093152426,0.029559307,0.032895047,0.028732488,0.021106336,0.019875972,0.04648242,0.029979391,0.017560259,0.038015448,0.0449031,0.020071875,0.016264044,0.027486376,0.03283218,0.03049446,0.050404493,0.037713785,0.018270278,0.017786147,0.015900074,0.015546874,0.02987841,0.01453365,0.018873116,2024-04-04 03:17:00
0.028612297,0.036220852,0.0350264,0.03838876,0.019564884,0.018116254,0.030596262,0.021510396,0.023579175,0.037491526,0.031036984,0.020168731,0.02457342,0.03091489,0.018943429,0.052500386,0.020419907,0.03563663,0.02966176,0.036451142,0.026238706,0.017649326,0.01814985,0.017403528,0.020818148,0.027227715,0.017605778,0.027098522,2024-04-04 03:18:00
0.024915239,0.033384774,0.028929668,0.04102185,0.020443728,0.022482915,0.029952573,0.026992062,0.028646223,0.05820243,0.040806055,0.026652511,0.03059664,0.022893028,0.022415241,0.021126388,0.013822284,0.040357076,0.022848284,0.03956294,0.04426621,0.02360713,0.03192709,0.016213479,0.0330054,0.025448618,0.013475882,0.08725035,2024-04-04 03:19:00
0.034838464,0.043251142,0.024918327,0.022695547,0.01796452,0.019559342,0.07064255,0.020205494,0.028878165,0.051553153,0.027747363,0.030025873,0.0397264,0.026408046,0.030296946,0.027819669,0.01859843,0.010908178,0.031402163,0.03711946,0.01906641,0.016796434,0.015628899,0.020524891,0.028297847,0.024217717,0.052295055,0.038376827,2024-04-04 03:20:00
0.03240124,0.033213418,0.030622797,0.045763206,0.021056203,0.017037448,0.02982503,0.027309166,0.016446777,0.06482016,0.04149637,0.020570736,0.035593715,0.016900009,0.012649601,0.022394704,0.02268082,0.037507672,0.028752422,0.081782766,0.030838259,0.015423742,0.016923318,0.0142135555,0.017938431,0.026815118,0.024534155,0.03610111,2024-04-04 03:21:00
0.031964518,0.029847786,0.04160545,0.0379413,0.027889533,0.020362306,0.030136308,0.01955232,0.022939613,0.04951592,0.039585285,0.03801305,0.025731053,0.035310514,0.035695165,0.019155419,0.021331787,0.04267512,0.035157707,0.039407175,0.02427875,0.020400822,0.03288377,0.022735085,0.023299854,0.022464424,0.022567824,0.038148157,2024-04-04 03:22:00
0.03334039,0.04103141,0.02541011,0.03603462,0.022858042,0.01859799,0.031669814,0.022073219,0.027159283,0.06739538,0.034446876,0.023039091,0.035447314,0.03448298,0.015159148,0.018648444,0.021967275,0.04078072,0.030836754,0.041910578,0.021696102,0.016756853,0.020180902,0.01819388,0.022402992,0.022343477,0.023176055,0.036002148,2024-04-04 03:23:00
0.028608391,0.036484644,0.034364764,0.039345108,0.022171024,0.016424594,0.02651673,0.015126444,0.025553891,0.0655886,0.035984945,0.028154794,0.031067807,0.024518363,0.028874032,0.017336188,0.02525282,0.036131665,0.02603059,0.03747284,0.020462131,0.016215043,0.0337031,0.053994495,0.024032466,0.023768708,0.019688603,0.028173659,2024-04-04 03:24:00
0.03225597,0.037248917,0.025756039,0.029873487,0.023174198,0.023266079,0.02624542,0.03094041,0.025160152,0.05906265,0.035951298,0.020532975,0.020647962,0.03564207,0.04006791,0.025433082,0.026844705,0.036355868,0.03170442,0.03648347,0.020030199,0.02515622,0.02069381,0.026206804,0.022149568,0.026689714,0.023011828,0.03359421,2024-04-04 03:25:00
0.033272646,0.036147192,0.029707896,0.052035395,0.027921813,0.022398056,0.026707519,0.019994402,0.029609641,0.060397513,0.040021002,0.02677854,0.030588329,0.024423752,0.016674465,0.03463083,0.025183253,0.031475056,0.033614147,0.041488282,0.019047488,0.12262418,0.014543014,0.016897647,0.02407935,0.023145422,0.016685434,0.035872042,2024-04-04 03:26:00
0.030561628,0.0371545,0.027908131,0.054053843,0.023235995,0.017402118,0.02793388,0.012472278,0.024444558,0.041657597,0.036835324,0.02190219,0.037380822,0.019927027,0.015985837,0.03415217,0.018869728,0.03685983,0.03696239,0.044888772,0.019804768,0.019820735,0.019836595,0.013672965,0.016655724,0.024998223,0.023759278,0.035924945,2024-04-04 03:27:00
0.032667127,0.034201127,0.030150922,0.041002598,0.028500779,0.01682163,0.027534395,0.01850622,0.016253304,0.06396162,0.03954536,0.02655918,0.025486805,0.023068914,0.017942026,0.022440251,0.023894127,0.04062847,0.033451866,0.0454471,0.020043513,0.026440822,0.02010098,0.01669278,0.02345088,0.02529231,0.022438586,0.03874039,2024-04-04 03:28:00
0.029455477,0.03807693,0.033568155,0.021818226,0.023989696,0.017383631,0.027832527,0.020522082,0.03286294,0.04314391,0.02924276,0.01771432,0.036937114,0.041414555,0.01314361,0.013575114,0.022635313,0.040169142,0.027448941,0.03601558,0.019606514,0.0227767,0.0290395,0.011970264,0.03665953,0.027609851,0.021115977,0.036915183,2024-04-04 03:29:00
0.028404823,0.054173082,0.036347207,0.022713058,0.020628668,0.020526513,0.034383096,0.11587826,0.022888443,0.05807254,0.030316077,0.02859783,0.031347908,0.04369721,0.023438098,0.022980202,0.02010891,0.03966799,0.06796313,0.042497847,0.026229758,0.022020262,0.018025136,0.021323668,0.019056521,0.02783013,0.018573076,0.03329114,2024-04-04 03:30:00
0.03132394,0.044661976,0.032341145,0.030120965,0.027615393,0.018491087,0.026974514,0.01602991,0.024776882,0.0546695,0.028719556,0.013913939,0.043564375,0.032446917,0.017058557,0.016887521,0.020889042,0.03143204,0.031106373,0.03593139,0.02294942,0.012216019,0.012628986,0.024890576,0.017161753,0.021997875,0.023078429,0.043954737,2024-04-04 03:31:00
0.027738998,0.01869933,0.02775101,0.022579513,0.027382145,0.019093174,0.028911183,0.01605964,0.023983063,0.041497152,0.03141757,0.018263567,0.050028067,0.030361112,0.013373609,0.02146856,0.024222437,0.03654758,0.043034013,0.046235714,0.02005866,0.02089554,0.02322464,0.014706644,0.013388551,0.0211073,0.027997293,0.035200685,2024-04-04 03:32:00
0.03344691,0.03172567,0.03364854,0.030235782,0.020436727,0.021690775,0.026294965,0.015578191,0.024682837,0.05415472,0.032539073,0.030318566,0.032507125,0.021224197,0.039885625,0.042698726,0.024390407,0.043178126,0.03583708,0.044835232,0.01976283,0.026663303,0.024529198,0.011777854,0.018948838,0.030038757,0.02167868,0.03939989,2024-04-04 03:33:00
0.03146277,0.032608498,0.033799153,0.02599624,0.033604305,0.017076883,0.02225393,0.021757966,0.020685084,0.043998957,0.02438219,0.034743674,0.036788803,0.03484856,0.026832353,0.023363946,0.023910986,0.038803022,0.036021084,0.04113254,0.023356954,0.023821091,0.025983382,0.022270318,0.01836327,0.034167487,0.023699684,0.028344518,2024-04-04 03:34:00
0.03306681,0.037881162,0.01932137,0.034420386,0.01741058,0.020445447,0.029545778,0.018481942,0.019369503,0.054036513,0.03563554,0.029318072,0.034847457,0.022926347,0.017387474,0.025305668,0.014257648,0.039363634,0.030666597,0.044862352,0.025474753,0.021498209,0.035126243,0.028317178,0.026487468,0.029199379,0.017968504,0.034243833,2024-04-04 03:35:00
0.02345156,0.03697358,0.03482844,0.033057928,0.02379329,0.017190272,0.026437527,0.019998737,0.029179782,0.05097326,0.037488475,0.023847394,0.040712934,0.016530763,0.021709284,0.023733256,0.025639892,0.018714633,0.03590356,0.051575597,0.020099238,0.018600266,0.020746784,0.03759849,0.0114888605,0.028528338,0.02646098,0.013153802,2024-04-04 03:36:00
0.0373865,0.04008734,0.037153643,0.028837511,0.020228488,0.017045725,0.02907503,0.020075131,0.032480676,0.06223232,0.028743448,0.018782867,0.020103816,0.031119982,0.021300893,0.022113785,0.017663646,0.12646793,0.03158146,0.051582806,0.020095492,0.014063486,0.02482649,0.010830239,0.011475576,0.021451345,0.024630878,0.035993822,2024-04-04 03:37:00
0.027864404,0.018653259,0.041361764,0.032946307,0.013575702,0.025579631,0.03196746,0.02049658,0.027934985,0.16747263,0.040848553,0.050768018,0.0362912,0.016560297,0.028930029,0.024008587,0.029513769,0.0391113,0.042032354,0.043107174,0.025203578,0.016419856,0.015619547,0.04408544,0.028278502,0.021015255,0.018937586,0.0369562,2024-04-04 03:38:00
0.025809977,0.044794515,0.037126783,0.034806572,0.015244647,0.016239034,0.02588251,0.014522731,0.028640795,0.055953775,0.023958763,0.041255597,0.030348992,0.030501343,0.02148349,0.021431675,0.015533711,0.037176963,0.044963382,0.04492534,0.020830337,0.021303628,0.030912273,0.020588562,0.018946426,0.02515889,0.029085223,0.054356985,2024-04-04 03:39:00
0.030966744,0.03547146,0.02653444,0.0441063,0.031161891,0.018004933,0.026570382,0.028959662,0.018397631,0.048655227,0.038876753,0.027556961,0.033213776,0.017580142,0.016823461,0.022998435,0.024274386,0.04230217,0.030838305,0.03548149,0.019570248,0.015004329,0.014879072,0.025007583,0.032284282,0.023362312,0.022900853,0.029529732,2024-04-04 03:40:00
0.027947761,0.031199919,0.034878917,0.15123747,0.026089016,0.018156266,0.028720492,0.017484738,0.02777186,0.05486398,0.04069099,0.026283879,0.030075597,0.027356217,0.074034125,0.01692964,0.020503195,0.03614817,0.028181976,0.035529144,0.033211734,0.0175802,0.017719727,0.025442349,0.023491444,0.019606257,0.036993682,0.044059914,2024-04-04 03:41:00
0.029163992,0.12465299,0.042490337,0.03149214,0.023934446,0.041741498,0.029977014,0.023607165,0.02556071,0.057958677,0.039964713,0.0311849,0.036516767,0.023512399,0.02282145,0.016987156,0.020826329,0.048757523,0.028985472,0.07727127,0.022444388,0.014705448,0.017159529,0.030086178,0.019203847,0.021948244,0.033526238,0.030280609,2024-04-04 03:42:00
0.029530406,0.039860856,0.03771585,0.030144196,0.015475358,0.017703006,0.025037494,0.025738606,0.023329739,0.033594176,0.041149825,0.02273448,0.044988174,0.013088897,0.038805805,0.025697628,0.0183309,0.03934664,0.033904407,0.03879048,0.020813592,0.015878435,0.023324886,0.02161244,0.017844347,0.026154395,0.029236145,0.034963652,2024-04-04 03:43:00
0.024643894,0.035602625,0.0257464,0.038605504,0.049017895,0.024717763,0.026405757,0.015170447,0.026216345,0.111527644,0.029129682,0.033054132,0.030855441,0.032679137,0.10705583,0.02184262,0.02648849,0.036112193,0.023689268,0.048186827,0.020464672,0.060474016,0.031894784,0.015039635,0.018196184,0.024400746,0.051658306,0.039209682,2024-04-04 03:44:00
0.030668234,0.037047748,0.03193834,0.031825975,0.027425587,0.019617183,0.025593027,0.020078646,0.02497962,0.055888455,0.037926804,0.022098172,0.021107418,0.027618028,0.02156153,0.027815355,0.025035447,0.039902534,0.028828874,0.03668895,0.020683637,0.019432606,0.02731881,0.02004528,0.023946226,0.024401559,0.028943557,0.034365583,2024-04-04 03:45:00
0.023472654,0.03989067,0.030225102,0.034010563,0.020115288,0.019503303,0.027087826,0.018229436,0.02805468,0.060924064,0.0370104,0.025024539,0.029548762,0.032121122,0.013769052,0.021611847,0.01438582,0.031454064,0.027542919,0.05270386,0.021788642,0.011943994,0.017767392,0.015017386,0.019634964,0.023964059,0.033874154,0.037333116,2024-04-04 03:46:00
0.021208458,0.02665356,0.08051105,0.032479357,0.016391588,0.023601761,0.02589092,0.01630704,0.022333222,0.04490055,0.023350649,0.017419795,0.029228028,0.037968043,0.01675167,0.04507861,0.012067193,0.04133102,0.035719957,0.054821588,0.020110732,0.017147845,0.07045969,0.020676661,0.017572138,0.021207334,0.029448533,0.033221155,2024-04-04 03:47:00
0.031016689,0.032752577,0.033770975,0.035156257,0.02893657,0.020018065,0.025262712,0.017018558,0.016987761,0.059152752,0.039141174,0.02303349,0.028962037,0.019376867,0.033490494,0.025413277,0.020859927,0.0405539,0.02741932,0.038442854,0.02065728,0.017445216,0.10640777,0.023278031,0.023247102,0.025579032,0.029031284,0.033456292,2024-04-04 03:48:00
0.022267343,0.045508437,0.033574417,0.039310835,0.023538291,0.013453618,0.026332347,0.019982884,0.026655385,0.04557009,0.038476057,0.023673594,0.036969464,0.031341136,0.028525984,0.023460956,0.043051753,0.03668095,0.027719798,0.036491714,0.0203739,0.010133584,0.02043042,0.011148478,0.01039723,0.024430336,0.035473645,0.027094066,2024-04-04 03:49:00
0.026095744,0.034037516,0.034177553,0.035634648,0.031483166,0.02205667,0.25261584,0.022970796,0.026984701,0.06525842,0.038172,0.027030064,0.036248386,0.029476238,0.026924575,0.023977567,0.02680221,0.039279293,0.026737358,0.036080312,0.033782065,0.019014502,0.023183236,0.023693992,0.016451139,0.027838554,0.028329358,0.019845705,2024-04-04 03:50:00
0.022714475,0.03751942,0.017858017,0.033403374,0.01602197,0.028629703,0.021905998,0.032624725,0.019464409,0.0589291,0.037455715,0.025170214,0.033847686,0.038966022,0.015416823,0.018133013,0.025251022,0.033911325,0.023398768,0.036612988,0.026811523,0.018491024,0.017057132,0.017957797,0.043671273,0.040145107,0.027367264,0.03691968,2024-04-04 03:51:00
0.02276652,0.043586336,0.02884017,0.04609577,0.028507665,0.014478359,0.024125012,0.02064272,0.02899289,0.13666604,0.034729693,0.018816186,0.032841068,0.015975237,0.017942214,0.031579312,0.04351033,0.030077195,0.029467171,0.050987497,0.02235835,0.019166239,0.022240685,0.017574307,0.012424415,0.034445506,0.02715214,0.035863657,2024-04-04 03:52:00
0.022646444,0.043763816,0.031089518,0.02723555,0.020071689,0.012141135,0.025449393,0.0265725,0.017101884,0.06233022,0.03193907,0.036195487,0.041398093,0.036934298,0.016677555,0.02576172,0.01882817,0.035156604,0.031735744,0.063676864,0.022774296,0.016681312,0.021642093,0.02271509,0.021218061,0.032602407,0.03259132,0.04564625,2024-04-04 03:53:00
0.025166744,0.026970444,0.04596311,0.04876739,0.024556868,0.018196488,0.02949324,0.018928098,0.029007815,0.031006362,0.036165945,0.0216057,0.02518786,0.048176315,0.013278072,0.022034623,0.018590294,0.04473481,0.028970625,0.064127155,0.020087298,0.015348139,0.08177356,0.022750966,0.022270473,0.02022274,0.023706393,0.03329217,2024-04-04 03:54:00
0.024254443,0.032824848,0.027161255,0.053457674,0.021164486,0.019412324,0.12661159,0.021751119,0.01899945,0.04574076,0.03079259,0.021922905,0.039371338,0.032073665,0.021116177,0.019488687,0.01665305,0.03711204,0.04030205,0.048279703,0.02380543,0.03141658,0.019284463,0.019476326,0.019703956,0.02330021,0.028889844,0.032878045,2024-04-04 03:55:00
0.039504983,0.039292425,0.029345121,0.035120852,0.01839115,0.018429216,0.02314494,0.017245954,0.026858084,0.05331167,0.0350501,0.02111411,0.031000163,0.022452595,0.04891093,0.014665855,0.019713301,0.023012549,0.0313139,0.03661164,0.032797705,0.017849496,0.016467702,0.03580893,0.029200071,0.03365383,0.028932558,0.04285219,2024-04-04 03:56:00
0.022749513,0.028687228,0.029647985,0.038806345,0.022986475,0.017249646,0.025903556,0.018171484,0.029932264,0.04827046,0.03818018,0.02870416,0.026355369,0.07802459,0.019732771,0.024356673,0.01584881,0.039939027,0.040162902,0.03552892,0.029841132,0.016431373,0.03325204,0.031739753,0.01958996,0.046691764,0.03355094,0.03535759,2024-04-04 03:57:00
0.022707686,0.046970647,0.02590708,0.033501416,0.021864522,0.017728494,0.029368326,0.025678916,0.032049406,0.05091982,0.03472616,0.035027407,0.046413854,0.024292493,0.01668185,0.022229977,0.021480393,0.030691173,0.026865685,0.046896264,0.032787934,0.011241122,0.024329782,0.016491262,0.035968326,0.025654167,0.038635504,0.04344332,2024-04-04 03:58:00
0.03043423,0.035643484,0.021733133,0.04270316,0.030757584,0.0197325,0.023002962,0.028685967,0.028593265,0.041695822,0.02603128,0.039305206,0.024608262,0.02165119,0.015764516,0.020317195,0.032404806,0.041791797,0.04874932,0.044868834,0.032036554,0.028493026,0.019753287,0.019576497,0.020163255,0.026630018,0.031205492,0.022724759,2024-04-04 03:59:00
0.02125299,0.020529082,0.03968263,0.04447151,0.035074223,0.024124393,0.026233725,0.022307863,0.026613206,0.055656254,0.042135097,0.025548797,0.027238233,0.033207398,0.013434014,0.01897721,0.033808272,0.04186408,0.046257924,0.04374673,0.03475732,0.027728312,0.029809654,0.029241346,0.023110267,0.024579098,0.029942177,0.032500945,2024-04-04 04:00:00
0.022067577,0.043883793,0.03091148,0.035583448,0.021776041,0.012995676,0.028268442,0.016784094,0.024799164,0.119806886,0.039377157,0.025949072,0.028747236,0.03726684,0.030192731,0.022725897,0.024061998,0.037265614,0.031818375,0.04145464,0.023461921,0.123667315,0.016878888,0.022652706,0.021200543,0.026677895,0.035624776,0.051117666,2024-04-04 04:01:00
0.02313282,0.03098108,0.02331625,0.02821543,0.02280457,0.017828604,0.033509716,0.028045077,0.016360357,0.06527161,0.026432501,0.028776316,0.027822567,0.032221787,0.03347164,0.016915886,0.023806833,0.041934963,0.033694617,0.03852493,0.02606613,0.026888411,0.019356942,0.023601703,0.023371516,0.021924917,0.029306332,0.044793915,2024-04-04 04:02:00
0.022211934,0.046881985,0.022752065,0.032188527,0.02359345,0.018176127,0.026589803,0.02503945,0.030708227,0.041910917,0.040516615,0.027566342,0.04549451,0.02211141,0.016636955,0.025436515,0.023860596,0.023122232,0.028629731,0.03565483,0.033197362,0.009150352,0.018629594,0.012612935,0.016258633,0.023598876,0.030559784,0.036596436,2024-04-04 04:03:00
0.022541502,0.026686357,0.029289488,0.03639447,0.015266237,0.020448426,0.026446112,0.020882035,0.032391153,0.060537063,0.041347593,0.017155677,0.042208925,0.027343685,0.01656247,0.028848758,0.02335721,0.033597592,0.03230244,0.044933602,0.033395242,0.01912493,0.014226981,0.016208563,0.018305162,0.027168252,0.03527794,0.030189332,2024-04-04 04:04:00
0.02263247,0.043335404,0.037452754,0.036186345,0.02813714,0.017014064,0.02446851,0.017087203,0.036529884,0.039701104,0.04660715,0.038148884,0.037868816,0.023718573,0.018017044,0.016680293,0.044398658,0.043887652,0.03768172,0.03608876,0.03324338,0.02812896,0.016932694,0.021400431,0.019760756,0.019788671,0.02984316,0.03460267,2024-04-04 04:05:00
0.0881201,0.034501288,0.033675287,0.03454407,0.02331968,0.018146368,0.031340234,0.024403412,0.029118596,0.053108867,0.03509461,0.017901916,0.015712399,0.02342297,0.045262903,0.024663737,0.037250534,0.03429607,0.04201481,0.04505512,0.03356356,0.0076405327,0.018096635,0.023242243,0.01729146,0.024758674,0.03286695,0.033064883,2024-04-04 04:06:00
0.02689507,0.02936004,0.04159152,0.03422813,0.028792769,0.01881715,0.026380092,0.019432219,0.027066618,0.04425292,0.029425608,0.019258806,0.038090754,0.02832236,0.013712183,0.022666007,0.024432087,0.020410702,0.030203704,0.03653741,0.02552823,0.022586433,0.053295627,0.023840703,0.017891675,0.02101758,0.04109102,0.032577503,2024-04-04 04:07:00
0.02270446,0.035930105,0.035176504,0.03105582,0.013307965,0.018895445,0.028757496,0.031097751,0.030099269,0.035352323,0.03576174,0.03314292,0.023155684,0.026934896,0.017743383,0.023847854,0.020684384,0.043275356,0.022287507,0.047464136,0.032418184,0.013709237,0.024973957,0.02164254,0.01969687,0.02666395,0.04412403,0.039129358,2024-04-04 04:08:00
0.02170255,0.048601475,0.02094871,0.033563968,0.022046216,0.01610816,0.030023346,0.01871131,0.030293602,0.04704064,0.029578941,0.029192384,0.046465963,0.03079602,0.016659413,0.0250561,0.018413983,0.023203138,0.03618361,0.044084974,0.032668214,0.027380535,0.019665327,0.01952821,0.015654787,0.038139,0.025887603,0.045215406,2024-04-04 04:09:00
0.023308301,0.042502794,0.030405348,0.022006007,0.023168068,0.016414514,0.029774968,0.020906275,0.0237219,0.040983643,0.033537198,0.03660894,0.036712788,0.03096688,0.01795329,0.041483235,0.02787716,0.036246926,0.030199563,0.039578587,0.031256422,0.020253396,0.015877716,0.0157109,0.023080504,0.034969766,0.024202619,0.042272955,2024-04-04 04:10:00
0.020711761,0.014930163,0.019279113,0.035325244,0.016331851,0.017753297,0.13066319,0.012979551,0.024690215,0.060704965,0.036207378,0.041174628,0.03274699,0.022891955,0.033110745,0.021655979,0.01227419,0.025498096,0.024636293,0.036513895,0.034039475,0.017539257,0.09771746,0.012282224,0.020440048,0.02632332,0.025673892,0.017292162,2024-04-04 04:11:00
0.02663137,0.03606254,0.029301476,0.03185541,0.022987725,0.018435929,0.025480287,0.028842945,0.022209726,0.05442041,0.033780508,0.03591045,0.0401256,0.015115983,0.046460368,0.03011628,0.011881575,0.042966295,0.031354032,0.04161204,0.027172597,0.016391942,0.022609636,0.017710568,0.018423423,0.022716114,0.027603192,0.042984802,2024-04-04 04:12:00
0.02212211,0.035308372,0.0348454,0.19187917,0.028135361,0.018892696,0.033807155,0.018520217,0.021873474,0.063041136,0.04323628,0.022761613,0.037241597,0.024080016,0.01355037,0.024513818,0.02032873,0.03660631,0.034193695,0.05473319,0.025312806,0.021212345,0.025812423,0.015296935,0.01913804,0.02262163,0.02350635,0.03784226,2024-04-04 04:13:00
0.022987619,0.059382528,0.021563942,0.023276504,0.02440383,0.021167908,0.025477085,0.021549346,0.032585558,0.04850202,0.044466678,0.042426433,0.035827503,0.028270038,0.01431559,0.026314512,0.019834321,0.03853452,0.037164126,0.049972523,0.031512238,0.011856856,0.025457999,0.04370826,0.018540502,0.03319525,0.034091964,0.04071637,2024-04-04 04:14:00
0.031038579,0.061550405,0.01708684,0.035172142,0.02628695,0.015752204,0.025216822,0.014894647,0.03809426,0.046611167,0.03790182,0.016554408,0.028907543,0.033705078,0.018764924,0.017113142,0.014970829,0.038615208,0.036905274,0.044947673,0.025095418,0.014109104,0.018233169,0.01712328,0.022602031,0.022057751,0.029490314,0.04638063,2024-04-04 04:15:00
0.021504864,0.019689893,0.03426916,0.03535164,0.024092061,0.018219057,0.027476968,0.016254341,0.020899674,0.058610115,0.036697697,0.02344952,0.026737928,0.023585955,0.017269216,0.015650852,0.024903722,0.022136115,0.03393254,0.04841445,0.031368736,0.010257795,0.019672522,0.004660707,0.012580174,0.029428005,0.031593945,0.03342454,2024-04-04 04:16:00
0.022267582,0.029632945,0.035631318,0.029204438,0.027272174,0.014796124,0.025715256,0.021040378,0.021474661,0.049038768,0.0230225,0.04509021,0.020704314,0.020750824,0.018487774,0.058341756,0.02863318,0.03998521,0.030896392,0.03653272,0.030949794,0.010678955,0.018984605,0.021416677,0.030933633,0.037339825,0.025827054,0.029718569,2024-04-04 04:17:00
0.022047507,0.035845373,0.02143867,0.032876406,0.020898735,0.017102748,0.026729569,0.018961878,0.018001273,0.05031384,0.033377293,0.019904306,0.03465213,0.028476223,0.036741093,0.013194916,0.018905096,0.040717684,0.028292108,0.04489015,0.03316939,0.012205341,0.02227943,0.014697404,0.023413861,0.023501042,0.03270343,0.028149383,2024-04-04 04:18:00
0.022981357,0.028804049,0.028830202,0.041748744,0.026913675,0.014238158,0.027113551,0.031501938,0.032771256,0.04298305,0.04088825,0.01909782,0.029459933,0.026142351,0.024038803,0.03575712,0.020408818,0.03781275,0.030503958,0.035835896,0.033915482,0.01326146,0.021588279,0.018445725,0.021524185,0.03392195,0.026159717,0.029239532,2024-04-04 04:19:00
0.12462495,0.03366882,0.03456233,0.030216767,0.02395839,0.015705746,0.027984286,0.027017051,0.04776593,0.047918618,0.043200817,0.027074032,0.032784514,0.03664561,0.031764656,0.02850544,0.020759253,0.042373374,0.0339465,0.036603406,0.026889276,0.011666122,0.022306224,0.02074778,0.011046061,0.025851,0.025262868,0.0374262,2024-04-04 04:20:00
0.024498753,0.031342782,0.03681941,0.031651214,0.026789479,0.024817437,0.02680714,0.019452944,0.03720881,0.059485998,0.041025467,0.04710905,0.030303922,0.023182102,0.017043406,0.012504193,0.027703099,0.04736001,0.07803607,0.049824793,0.026786039,0.03176195,0.021272916,0.01572457,0.0239078,0.032264065,0.034191888,0.035467014,2024-04-04 04:21:00
0.019203775,0.03625861,0.036190785,0.031731475,0.022288408,0.017877286,0.02742363,0.019008726,0.030984072,0.05773206,0.013481702,0.043383192,0.036747027,0.03812189,0.011363487,0.023283157,0.056888808,0.03923602,0.03551238,0.041387033,0.025516178,0.018390825,0.034865823,0.019401627,0.02481392,0.025641883,0.03666762,0.037692156,2024-04-04 04:22:00
0.02167642,0.035292823,0.13997617,0.022263037,0.029101588,0.019769426,0.027075594,0.01932785,0.029626489,0.04411386,0.033537228,0.06750157,0.042206705,0.013983156,0.009553135,0.026223684,0.027728055,0.053773917,0.0499069,0.043797784,0.034550257,0.020481804,0.024210142,0.011246074,0.017929204,0.022431554,0.018934144,0.036959037,2024-04-04 04:23:00
0.022556774,0.03738083,0.037951104,0.031163178,0.028370338,0.018192241,0.024773756,0.02494824,0.020664053,0.037628952,0.038233314,0.014840252,0.024501063,0.025133526,0.016798686,0.025288241,0.022876197,0.04505452,0.032026175,0.038675405,0.03340344,0.027074741,0.019642636,0.024018949,0.016873525,0.01952965,0.09479391,0.03624682,2024-04-04 04:24:00
0.025089737,0.0403368,0.03890113,0.04133921,0.018877778,0.025265593,0.027381444,0.019100279,0.036497172,0.027818292,0.040980846,0.018124409,0.031992674,0.02486152,0.01775228,0.032257196,0.037520207,0.039109357,0.028956538,0.044762105,0.03240839,0.013769641,0.027464673,0.013336247,0.03745281,0.032538623,0.0385423,0.037119832,2024-04-04 04:25:00
0.02120339,0.041634,0.031201543,0.14545546,0.029434744,0.027023146,0.03157671,0.019886112,0.031733595,0.052466504,0.031068236,0.01969095,0.0321264,0.026742734,0.039221138,0.021355035,0.017054956,0.040386707,0.045111798,0.044821925,0.034077574,0.011210816,0.026608923,0.016600404,0.019465882,0.032048784,0.030164221,0.043546982,2024-04-04 04:26:00
0.025055872,0.040543176,0.034273904,0.024590546,0.020528926,0.016494015,0.12528263,0.015480591,0.021449326,0.052769333,0.03975188,0.02437516,0.035226643,0.022197193,0.018888373,0.04338763,0.023746984,0.035824645,0.027748816,0.03689098,0.038127255,0.015660454,0.018384328,0.013761675,0.026400805,0.0229749,0.026771769,0.026956173,2024-04-04 04:27:00
0.0238652,0.028319458,0.030970572,0.022940649,0.02546833,0.018071407,0.049777806,0.026953159,0.0310091,0.049819794,0.033226017,0.01698339,0.03480374,0.021094086,0.040770225,0.016502861,0.022510896,0.04035002,0.024807904,0.03599205,0.034354646,0.0125499815,0.08392491,0.021249238,0.01686492,0.03428114,0.031201959,0.05482109,2024-04-04 04:28:00
0.02308198,0.04014694,0.034389626,0.023524567,0.020934278,0.014817959,0.020297872,0.020041725,0.02862203,0.10052617,0.029127603,0.017301451,0.031683847,0.038122803,0.018004872,0.022678826,0.024613056,0.034407403,0.025341585,0.045344956,0.033720948,0.01702632,0.03102617,0.020239864,0.11355665,0.028638747,0.024533557,0.036356732,2024-04-04 04:29:00
0.028594276,0.028270029,0.035736192,0.012576888,0.020445494,0.01946346,0.024049465,0.017842045,0.040036935,0.061434124,0.037362196,0.021460399,0.039404105,0.016201153,0.015468022,0.020396277,0.019127104,0.040388875,0.038624518,0.11068262,0.03310197,0.0231685,0.01700296,0.01669635,0.027747834,0.02900553,0.02557081,0.03424412,2024-04-04 04:30:00
0.023778167,0.042101584,0.028588913,0.014099535,0.03683673,0.016778193,0.036212016,0.02156698,0.019003779,0.04545651,0.039211567,0.021748247,0.030170118,0.045898862,0.031109959,0.023777355,0.0244404,0.038838707,0.022179183,0.05317767,0.028962402,0.01579255,0.022188745,0.029096518,0.015874127,0.023971105,0.019277193,0.0381473,2024-04-04 04:31:00
0.12114799,0.032275084,0.040357716,0.022334324,0.013560214,0.020283118,0.027542815,0.005845472,0.0323629,0.04653273,0.0367822,0.02385838,0.03231768,0.045690447,0.030107427,0.024470577,0.02579519,0.12904578,0.028232692,0.035666574,0.029659443,0.03966916,0.020105341,0.019557906,0.019305948,0.031035306,0.022261787,0.04216516,2024-04-04 04:32:00
0.024369886,0.042698175,0.03460272,0.022070777,0.020854397,0.01926,0.027211066,0.019527625,0.031778555,0.04673966,0.03241007,0.028177619,0.036635693,0.042797815,0.024608394,0.026967859,0.012476627,0.042734068,0.03086989,0.045754332,0.035832174,0.011944475,0.0246771,0.02207338,0.026820783,0.026793398,0.035462856,0.041315712,2024-04-04 04:33:00
0.024230026,0.059537333,0.037298456,0.03369065,0.017224083,0.018722547,0.026304102,0.014561485,0.030256705,0.049270254,0.047543634,0.023803417,0.032885905,0.02049984,0.020015307,0.025541715,0.01918641,0.034724265,0.03346465,0.044981368,0.03355348,0.025883099,0.028600687,0.018164,0.016863205,0.033055346,0.028054595,0.042660702,2024-04-04 04:34:00
0.022414919,0.040158316,0.03587503,0.017668886,0.024811141,0.022231147,0.02749607,0.019294918,0.023899563,0.045674447,0.02908263,0.043346666,0.03192577,0.032531265,0.037593924,0.022438768,0.020417681,0.048197836,0.028529935,0.043236915,0.029764185,0.019497871,0.017787589,0.019821836,0.027169902,0.027043084,0.023132892,0.03598087,2024-04-04 04:35:00
0.02270872,0.043504767,0.02408872,0.0346651,0.018672928,0.021863386,0.03021998,0.025963603,0.019850163,0.057397246,0.03979571,0.03540467,0.04447612,0.020775314,0.02129662,0.03033758,0.020915665,0.033594042,0.02555599,0.041333657,0.03427551,0.009799485,0.026119383,0.025197605,0.021147916,0.022049488,0.032428395,0.038118917,2024-04-04 04:36:00
0.022927415,0.03644601,0.02556481,0.02574675,0.020232357,0.021995638,0.027576687,0.018303955,0.05092915,0.0412449,0.025169486,0.04008877,0.044351548,0.018840946,0.021054098,0.02203291,0.027501715,0.042740464,0.031778138,0.04578874,0.026913928,0.014012674,0.023796536,0.03747783,0.017455466,0.032431304,0.028059958,0.037730154,2024-04-04 04:37:00
0.022775177,0.035042092,0.026482118,0.00664453,0.020541871,0.018355932,0.030230934,0.017396191,0.031098943,0.044938985,0.025871454,0.034457367,0.034206133,0.039648216,0.05150966,0.02574858,0.04685435,0.04421336,0.04175743,0.11068262,0.02952228,0.011468385,0.027446814,0.012442266,0.018644579,0.03135656,0.030552492,0.036920063,2024-04-04 04:38:00
0.021960929,0.043519,0.017815506,0.016286261,0.018428955,0.028611384,0.026880307,0.019892864,0.018752662,0.06558637,0.0497892,0.040961727,0.03184601,0.02418738,0.02060167,0.016531477,0.022955976,0.03744692,0.02238977,0.04259736,0.026556723,0.030529018,0.025201099,0.017154574,0.03254047,0.027510585,0.021851696,0.041260965,2024-04-04 04:39:00
0.023841538,0.030916795,0.021641567,0.024403593,0.024911752,0.019096322,0.025283998,0.014980665,0.03176418,0.049596723,0.036377106,0.043050352,0.026233945,0.050174173,0.018312437,0.024430403,0.013621962,0.039859522,0.034168836,0.045018174,0.029488543,0.0088454215,0.027411489,0.018337488,0.021352295,0.022161268,0.03550323,0.035559114,2024-04-04 04:40:00
0.02530114,0.06639785,0.025287634,0.025295874,0.022088887,0.018744001,0.026370578,0.019652328,0.03749614,0.061359905,0.031564236,0.020294454,0.02710357,0.025608042,0.013380612,0.017332695,0.021251649,0.033785034,0.027529508,0.03614313,0.032396305,0.010857033,0.026491756,0.017368805,0.023085205,0.023496304,0.03632987,0.03818885,2024-04-04 04:41:00
0.026658734,0.034291647,0.03812336,0.019935304,0.025094813,0.019492213,0.027587147,0.020511834,0.023926344,0.045816794,0.034158517,0.02629092,0.036359802,0.11050811,0.015251665,0.029452102,0.027806558,0.047368392,0.033314846,0.036313307,0.024958309,0.017985186,0.03639075,0.014358962,0.02472899,0.014595049,0.022744048,0.03532819,2024-04-04 04:42:00
0.02400339,0.032096025,0.031763036,0.016711641,0.030385997,0.020838687,0.02688526,0.017170103,0.019819252,0.042117693,0.026311623,0.026249576,0.03568016,0.03999019,0.01594511,0.029448163,0.025030512,0.04145833,0.080681585,0.03635002,0.025639161,0.025606165,0.030787554,0.017659847,0.024678309,0.021944346,0.016535731,0.035023667,2024-04-04 04:43:00
0.077074975,0.032092303,0.0337597,0.022236865,0.01525597,0.018074093,0.031034254,0.014529296,0.03027103,0.05584335,0.038098168,0.02258865,0.02883708,0.024897413,0.015332393,0.0081377765,0.037110675,0.045666702,0.02873278,0.03606751,0.033576798,0.020902738,0.02326755,0.01599181,0.03614197,0.031004969,0.030626234,0.044436295,2024-04-04 04:44:00
0.03480833,0.036684174,0.03421273,0.028582359,0.025578838,0.02281632,0.22614543,0.02495541,0.025814338,0.04750598,0.026682595,0.031939723,0.035012584,0.022144215,0.027862052,0.023305802,0.018287415,0.041314937,0.037621196,0.03989564,0.045222856,0.021200791,0.018513,0.013802796,0.026685337,0.031365667,0.029467097,0.037871182,2024-04-04 04:45:00
0.030958751,0.033202626,0.022102924,0.019669078,0.026632993,0.014694686,0.026668746,0.021634774,0.020512894,0.1008401,0.036993712,0.032719042,0.038211312,0.024160791,0.016560948,0.012500892,0.017900646,0.038924392,0.045005184,0.040181614,0.026521279,0.018268703,0.020114487,0.008756343,0.025203234,0.026041847,0.029752815,0.035450377,2024-04-04 04:46:00
0.022743529,0.035614386,0.03015083,0.026442945,0.018578965,0.018046401,0.024116587,0.017710252,0.018862097,0.12182258,0.037286043,0.033263527,0.036064737,0.026013613,0.015000875,0.012837318,0.023149317,0.037536036,0.046085965,0.03779611,0.02639095,0.012370125,0.019460829,0.020095918,0.023049552,0.021855034,0.02670658,0.03660563,2024-04-04 04:47:00
0.025323642,0.05535129,0.054174263,0.018407272,0.030587541,0.018174196,0.039904457,0.018737122,0.0269993,0.04089103,0.029888418,0.041749258,0.029617438,0.019452766,0.020125004,0.028373973,0.025208378,0.038756467,0.025237847,0.035983566,0.025978927,0.020194061,0.024519589,0.013309786,0.025734954,0.023934761,0.03518316,0.034412026,2024-04-04 04:48:00
0.023183651,0.034030452,0.03304537,0.017472733,0.01706525,0.015390112,0.031362608,0.017681083,0.035766132,0.05215759,0.04131576,0.015239024,0.027173616,0.036638834,0.022112446,0.024674017,0.01233085,0.03881473,0.04117383,0.044218782,0.028490301,0.009925723,0.021876018,0.022488903,0.031912424,0.0263175,0.028883457,0.024328751,2024-04-04 04:49:00
0.021701362,0.041577585,0.02589087,0.020464705,0.020905506,0.021873863,0.026671145,0.016357994,0.030141708,0.054803416,0.029366236,0.034821585,0.032220706,0.043401793,0.016939558,0.02118221,0.02118737,0.03911672,0.023787947,0.04490246,0.025433993,0.0073376023,0.023014212,0.01508184,0.01870845,0.035471827,0.0213054,0.0230367,2024-04-04 04:50:00
0.023053851,0.0390017,0.050229385,0.08182643,0.015845679,0.019129407,0.026560623,0.021723166,0.02399126,0.054917436,0.024884611,0.018451786,0.042721163,0.036626197,0.01271111,0.022881314,0.012630489,0.04118851,0.032025486,0.044944644,0.026920937,0.021387115,0.020611586,0.016884027,0.015006396,0.02516163,0.023770476,0.032113325,2024-04-04 04:51:00
0.022406556,0.039263636,0.033212285,0.1759476,0.019611027,0.02367628,0.02954605,0.014599433,0.024788134,0.039564226,0.030278904,0.020272432,0.024868539,0.0327514,0.014874577,0.025547123,0.0259581,0.033667818,0.027463837,0.039443094,0.025980335,0.01768516,0.02360192,0.020385923,0.007917398,0.021349471,0.03223373,0.02709615,2024-04-04 04:52:00
0.023729052,0.039286114,0.025183257,0.027342167,0.023131864,0.01733566,0.029665861,0.02151906,0.027232522,0.04675556,0.029388845,0.04114878,0.020550514,0.027115466,0.027706949,0.023128344,0.02296155,0.041523322,0.025494363,0.03613388,0.03319028,0.019214304,0.0301255,0.013833711,0.01689111,0.035797294,0.018391144,0.036268055,2024-04-04 04:53:00
0.024645077,0.02368859,0.025055038,0.020768391,0.0139208585,0.018848864,0.041788537,0.03161742,0.03820376,0.053520743,0.028562479,0.011615535,0.04278052,0.045859158,0.019425912,0.022276696,0.03400046,0.03393168,0.035391472,0.06624307,0.025131986,0.026709836,0.017830834,0.017708505,0.014507405,0.037963916,0.028186508,0.033491153,2024-04-04 04:54:00
0.019995337,0.029453715,0.019215189,0.02128009,0.019553449,0.017029531,0.029473323,0.015743244,0.035188466,0.06144591,0.025477972,0.019042041,0.022395398,0.03822228,0.015920632,0.024473866,0.0133958915,0.040157508,0.039204862,0.03551926,0.03068665,0.015162191,0.020302394,0.015646674,0.012146383,0.019488605,0.0321364,0.037002668,2024-04-04 04:55:00
0.025880065,0.06755489,0.030656269,0.021418609,0.017342113,0.02016225,0.038668316,0.018452317,0.014212749,0.05309904,0.036601555,0.020627273,0.029119894,0.04618725,0.021619756,0.016099237,0.017837953,0.037460815,0.02304984,0.03971726,0.026956191,0.027104488,0.027896993,0.039703432,0.021961076,0.022392597,0.02773249,0.034944765,2024-04-04 04:56:00
0.02622696,0.043271348,0.03776454,0.040379897,0.020825844,0.05036778,0.031653564,0.016821304,0.02101562,0.0431437,0.04352457,0.02523559,0.021392131,0.019770805,0.023559622,0.027630907,0.015016921,0.043003876,0.024143849,0.040572997,0.03437194,0.014056074,0.018007055,0.019226061,0.012972469,0.021290869,0.03163983,0.025666364,2024-04-04 04:57:00
0.025501758,0.04954153,0.030941397,0.084008515,0.031323772,0.012629321,0.02880268,0.018045714,0.028852869,0.049433477,0.039462198,0.02951818,0.04477738,0.035135545,0.028403867,0.02279685,0.025023593,0.038760547,0.037189163,0.048643224,0.03448565,0.015017694,0.029805548,0.018476581,0.022394188,0.027521104,0.041541133,0.040412813,2024-04-04 04:58:00
0.023133341,0.04022235,0.025734521,0.0101844985,0.026593534,0.023639906,0.08945828,0.01978684,0.03036502,0.05550928,0.026645282,0.024645802,0.04153678,0.024406042,0.025793688,0.02854187,0.019745653,0.033683766,0.038526356,0.04375127,0.031781197,0.017249828,0.020843655,0.013649197,0.009276615,0.023764072,0.02337595,0.034844004,2024-04-04 04:59:00
0.02275275,0.025393505,0.027896669,0.02862503,0.028878247,0.01910717,0.029372577,0.02050258,0.02437626,0.057448465,0.035745494,0.023055755,0.028633716,0.025380695,0.032467652,0.022583298,0.022179672,0.03729835,0.044229653,0.048762906,0.03394215,0.013143919,0.029916056,0.033444077,0.045231838,0.020937545,0.031250194,0.034018368,2024-04-04 05:00:00
0.023873154,0.056342933,0.022604547,0.043303434,0.024398632,0.01806446,0.028527962,0.019317482,0.028147483,0.067403145,0.031600714,0.026010303,0.02928509,0.050177407,0.012069628,0.024259495,0.015096695,0.038093943,0.043984897,0.0450828,0.03378156,0.009405105,0.02525404,0.010260774,0.010832266,0.02341747,0.032266684,0.03300182,2024-04-04 05:01:00
0.022381736,0.037488416,0.043104555,0.02169728,0.032315683,0.02267911,0.021891829,0.018566113,0.031836584,0.05344099,0.04806665,0.02662722,0.026110511,0.026077399,0.03848014,0.025754737,0.02062304,0.050936766,0.041487236,0.044826265,0.03379545,0.011606539,0.017426608,0.016895516,0.014897696,0.026451556,0.0335407,0.03517191,2024-04-04 05:02:00
0.025191642,0.04372313,0.039510004,0.027875777,0.017534368,0.012884418,0.030518802,0.028761579,0.025451548,0.043412045,0.037649382,0.02438928,0.02564537,0.030760908,0.03230953,0.014843643,0.02394116,0.03892156,0.024853472,0.04257709,0.03547254,0.020551493,0.020098131,0.021969147,0.01706991,0.023746029,0.018399965,0.035173193,2024-04-04 05:03:00
0.022523332,0.03925442,0.015167368,0.017302118,0.023051454,0.01845079,0.027523339,0.01985443,0.023297563,0.04974642,0.025906162,0.031263907,0.034311432,0.017708048,0.016068138,0.015203455,0.02609681,0.030250184,0.030913932,0.04527542,0.034407526,0.025310053,0.025319558,0.012628798,0.008320144,0.02470393,0.034055922,0.033409245,2024-04-04 05:04:00
0.029096708,0.062548846,0.024594948,0.028388053,0.032614745,0.016209645,0.03788874,0.030681815,0.032638907,0.048489485,0.03909277,0.020235484,0.028942535,0.022712234,0.020368075,0.022633847,0.0458997,0.04156673,0.03796324,0.045626417,0.0333001,0.015449631,0.023586294,0.031760097,0.019597165,0.02025795,0.029812215,0.03306368,2024-04-04 05:05:00
0.022079661,0.04270487,0.026955005,0.02634288,0.015967099,0.015590598,0.030313484,0.0198847,0.035354245,0.04240773,0.044639505,0.029628042,0.031383153,0.026144778,0.012650837,0.025775185,0.013421805,0.038772516,0.040180877,0.049693182,0.031604487,0.012951623,0.024095578,0.01783361,0.0081205,0.028982615,0.02862316,0.039126903,2024-04-04 05:06:00
0.0230206,0.04130438,0.037351448,0.025059704,0.02339074,0.023859642,0.029651638,0.024925211,0.039421596,0.044986024,0.04589383,0.023575278,0.030389069,0.018544322,0.018963683,0.013431962,0.021009205,0.03990273,0.028613087,0.03968337,0.03324481,0.020917749,0.019202163,0.016717631,0.012242856,0.027295806,0.021225102,0.03624695,2024-04-04 05:07:00
0.02289335,0.029053831,0.025006404,0.025194436,0.024237938,0.014143677,0.032374904,0.021807203,0.026006056,0.06454775,0.035366982,0.03438483,0.030822707,0.02073285,0.033982683,0.026352294,0.024183663,0.025675816,0.029330507,0.043801088,0.03411701,0.010450553,0.052609716,0.050075013,0.015319935,0.03988174,0.021296334,0.040984325,2024-04-04 05:08:00
0.03996501,0.038334247,0.02946949,0.026562897,0.015678553,0.019515105,0.029924965,0.01712387,0.031290974,0.049210556,0.029201841,0.02416543,0.028112551,0.018993594,0.03078136,0.019009994,0.01654979,0.035190832,0.03758174,0.047801502,0.03371273,0.013723501,0.015897332,0.015003799,0.017429411,0.029288065,0.028384937,0.06959593,2024-04-04 05:09:00
0.027334487,0.037905674,0.035875402,0.046447497,0.015306642,0.018580053,0.028616283,0.020284625,0.029178308,0.057341088,0.046717275,0.017261831,0.029117087,0.020274768,0.01641111,0.011096076,0.029848812,0.04115933,0.03455393,0.035744116,0.034255832,0.029257888,0.017394189,0.025700238,0.010148304,0.026345588,0.029001469,0.037955463,2024-04-04 05:10:00
0.029678544,0.03515115,0.026332341,0.026970865,0.029130286,0.021044878,0.048701722,0.018266456,0.03129811,0.058918003,0.039649285,0.033687484,0.027145233,0.019544322,0.016104607,0.028675731,0.032090507,0.02381555,0.044005904,0.04517064,0.032994874,0.0122559555,0.028274935,0.013732079,0.015412633,0.018484665,0.026565993,0.035609953,2024-04-04 05:11:00
0.024190824,0.032201618,0.020943638,0.028092235,0.025928488,0.020943038,0.028499812,0.03319563,0.013577685,0.065227225,0.024783596,0.024203459,0.032097794,0.040033072,0.01928875,0.02157904,0.019651616,0.02798463,0.036691077,0.045658544,0.033762608,0.0113321915,0.011331943,0.020904176,0.0188874,0.023812681,0.024718225,0.03997294,2024-04-04 05:12:00
0.030954026,0.026642434,0.034840863,0.019501505,0.024823532,0.019903373,0.24399549,0.025670083,0.016680336,0.042547796,0.029142112,0.026992522,0.031922475,0.03026766,0.0139133325,0.04752242,0.027152115,0.036792956,0.026186017,0.036244165,0.026101721,0.015882576,0.018061953,0.020259013,0.027336987,0.024564534,0.028001137,0.035507154,2024-04-04 05:13:00
0.02548833,0.04049588,0.033996608,0.028404813,0.021174038,0.017952504,0.019977905,0.021985387,0.019796131,0.04560924,0.05811862,0.03355177,0.039183512,0.022681091,0.03724937,0.018190265,0.024828296,0.033531073,0.028429266,0.04010592,0.047068466,0.026013713,0.11185761,0.045130923,0.021138918,0.02843631,0.02521664,0.037278447,2024-04-04 05:14:00
0.026593333,0.049659133,0.03688709,0.021578394,0.020478383,0.019916551,0.026001884,0.019462408,0.018503936,0.044533785,0.02363393,0.017458286,0.02940104,0.023417473,0.018852422,0.02284859,0.015426287,0.039925434,0.029934261,0.036416065,0.033598997,0.01661838,0.025435131,0.015670652,0.009393803,0.023139672,0.03555054,0.032928515,2024-04-04 05:15:00
0.025656532,0.033586923,0.037054878,0.029362185,0.03008842,0.019977117,0.026579833,0.028838323,0.024017388,0.035834853,0.03227194,0.021230282,0.033469673,0.027305223,0.014253051,0.010751212,0.05201173,0.044413317,0.03451547,0.041005097,0.024773415,0.020380124,0.021536158,0.017968195,0.015908316,0.029160336,0.020591486,0.039438665,2024-04-04 05:16:00
0.023935806,0.0309697,0.025602518,0.031413343,0.0342622,0.021872453,0.026785085,0.015710339,0.019830298,0.05319557,0.031217122,0.02656506,0.037964534,0.024512362,0.022801328,0.028742464,0.023194615,0.021041755,0.021692947,0.052410446,0.030642651,0.019145148,0.021036781,0.04471929,0.014135934,0.034510504,0.033326875,0.03692201,2024-04-04 05:17:00
0.021836758,0.039629806,0.036922667,0.012962485,0.020331133,0.016412932,0.034259338,0.031900156,0.03209915,0.049252413,0.06433405,0.03309371,0.037357032,0.04379155,0.018079817,0.02583477,0.014604088,0.04411164,0.031591147,0.035586424,0.03202228,0.026082423,0.02282359,0.03437814,0.011457843,0.023262693,0.039300732,0.029087292,2024-04-04 05:18:00
0.026141126,0.048881434,0.035842683,0.025400616,0.025666893,0.020746864,0.028681861,0.018991163,0.016960023,0.047642134,0.03215032,0.041316975,0.031682927,0.040373128,0.031283405,0.01978285,0.023688573,0.047629926,0.022480926,0.06523315,0.02565548,0.022917043,0.022864312,0.020602366,0.018179266,0.025545223,0.013781714,0.009831479,2024-04-04 05:19:00
0.027044157,0.0394487,0.03258986,0.023774302,0.022918202,0.018274153,0.020801624,0.05110034,0.027774747,0.04693807,0.024303006,0.03212729,0.029272217,0.014256252,0.02338427,0.02383593,0.02443079,0.040913787,0.04021358,0.04491101,0.032386333,0.017420465,0.024421627,0.02176465,0.015789324,0.031936064,0.030713111,0.028893339,2024-04-04 05:20:00
0.02221228,0.063453384,0.037080035,0.03291263,0.01839058,0.021119393,0.028628496,0.02389606,0.02378018,0.037578057,0.02880943,0.0226291,0.027005551,0.03053522,0.013782285,0.027994283,0.020131212,0.04109511,0.043115944,0.04481661,0.035140958,0.012448366,0.017600866,0.010371639,0.011415711,0.027773932,0.026137799,0.036558546,2024-04-04 05:21:00
0.025270155,0.044949338,0.024578251,0.025058724,0.024449047,0.02297552,0.032577217,0.02050178,0.014737434,0.050396904,0.019798484,0.027218644,0.03284063,0.020933991,0.018276712,0.013071948,0.021745734,0.03887989,0.024438804,0.03551264,0.026109159,0.013244389,0.009488106,0.03325275,0.011296451,0.027529351,0.019737303,0.034590155,2024-04-04 05:22:00
0.022679724,0.04398395,0.03623316,0.053940825,0.018185452,0.020464366,0.030577417,0.023547713,0.012517113,0.052707832,0.030149246,0.038313065,0.029899137,0.020527603,0.015339195,0.02542573,0.017983867,0.04108625,0.021766018,0.041234788,0.024044355,0.012226433,0.015827207,0.017250657,0.009500819,0.027536696,0.015821707,0.032973427,2024-04-04 05:23:00
0.02778931,0.06936562,0.02655137,0.032477792,0.015073233,0.021238605,0.03442203,0.031170532,0.021205995,0.054516867,0.043930937,0.015909523,0.034158427,0.021782147,0.018682266,0.022707012,0.025460782,0.010256616,0.025508657,0.044841222,0.028470473,0.014438377,0.018035619,0.016908228,0.011167355,0.02588907,0.034905583,0.025183436,2024-04-04 05:24:00
0.021923304,0.035177976,0.01868248,0.04870098,0.018351175,0.018081773,0.025799552,0.014923207,0.024781827,0.040930826,0.019312887,0.032080203,0.053585164,0.01820759,0.046447657,0.020442124,0.016361423,0.030951124,0.02086851,0.05101469,0.021071846,0.03503108,0.018560786,0.015573181,0.014210276,0.030512288,0.019105878,0.03303955,2024-04-04 05:25:00
0.12231997,0.038737077,0.038388,0.018349808,0.022585656,0.015250534,0.03293273,0.0321709,0.031744733,0.050966367,0.03766856,0.022956137,0.04040724,0.022332467,0.017693661,0.012215837,0.018953707,0.040715728,0.023719199,0.051693875,0.024476066,0.10068367,0.01654697,0.018083123,0.013586985,0.025310041,0.02386741,0.051439423,2024-04-04 05:26:00
0.018889436,0.040178426,0.029617501,0.024184244,0.021915508,0.023935622,0.029891334,0.025234807,0.024551803,0.04827933,0.033901423,0.038251523,0.042944662,0.021865126,0.0176619,0.021630358,0.014834294,0.03815497,0.02158894,0.04953662,0.03804342,0.022423325,0.024892034,0.04496272,0.022471966,0.03131147,0.02758485,0.027389513,2024-04-04 05:27:00
0.025939228,0.0396298,0.03251579,0.022981705,0.022257458,0.032274604,0.025405211,0.021955682,0.02344308,0.067483306,0.041860133,0.036476813,0.02822755,0.023239283,0.013686389,0.027000083,0.018039694,0.04554299,0.04636148,0.039863978,0.019967001,0.0120360665,0.026053702,0.014823367,0.0125119,0.026819913,0.021056546,0.03482046,2024-04-04 05:28:00
0.021199916,0.039664913,0.028548392,0.02132496,0.027692636,0.018429223,0.023299102,0.027024338,0.029538568,0.055640735,0.034389388,0.016987598,0.026297716,0.01699488,0.026472175,0.011063697,0.017407764,0.021952143,0.022542419,0.059837613,0.023675036,0.009714253,0.04159464,0.01724257,0.015163436,0.021509767,0.025000004,0.044899184,2024-04-04 05:29:00
0.02068173,0.0333996,0.024806226,0.028173896,0.013063905,0.015364712,0.027700623,0.019939955,0.031703852,0.04912244,0.018008996,0.019274933,0.028518913,0.030164903,0.027632875,0.027793927,0.01568958,0.03906812,0.04328117,0.04491182,0.038105875,0.014469882,0.022202482,0.011320409,0.009828077,0.03279111,0.026051171,0.03397512,2024-04-04 05:30:00
0.022280212,0.043772947,0.025536217,0.019336872,0.020689553,0.022234552,0.029344186,0.020381657,0.033219617,0.049716473,0.030908303,0.02351323,0.025197588,0.027351625,0.025713341,0.028146042,0.02418186,0.124179736,0.032011572,0.04504543,0.023020806,0.015410757,0.019895822,0.03266254,0.011140076,0.026248792,0.03948606,0.032167986,2024-04-04 05:31:00
0.030568985,0.05582246,0.028460998,0.024065668,0.02922107,0.01816428,0.028026227,0.017145328,0.01892365,0.04632885,0.04058954,0.041871525,0.034854207,0.021641878,0.018381668,0.02632815,0.016034707,0.038494278,0.037296563,0.04499676,0.022474542,0.030806161,0.023286013,0.026445445,0.024050413,0.037769478,0.078560844,0.043614086,2024-04-04 05:32:00
0.026777238,0.024071492,0.027123358,0.025472127,0.016134284,0.018823883,0.04404838,0.02256736,0.010050009,0.06603326,0.0290722,0.022878556,0.024006322,0.022205476,0.02917999,0.015297682,0.0250635,0.04035694,0.041247766,0.035728924,0.02230544,0.010746191,0.022615084,0.024362825,0.011908625,0.029330406,0.026145915,0.0347869,2024-04-04 05:33:00
0.02079637,0.0490503,0.03600455,0.13800155,0.05031577,0.014691571,0.029634459,0.018465059,0.01448515,0.063379586,0.035087958,0.031958465,0.034291077,0.033090256,0.039408587,0.012727458,0.025529977,0.05022713,0.034329683,0.06759606,0.02361799,0.012624138,0.02247234,0.030897565,0.020257749,0.028430052,0.027086506,0.03924255,2024-04-04 05:34:00
0.026712406,0.10291186,0.034002457,0.02062617,0.037698288,0.021032093,0.03117119,0.03487719,0.027572246,0.051418066,0.034385107,0.02396423,0.03505414,0.018525414,0.014133674,0.021387583,0.012359321,0.042683203,0.048309892,0.044844873,0.02120057,0.02505054,0.024653355,0.020357922,0.023507312,0.03310334,0.034252398,0.029764485,2024-04-04 05:35:00
0.025139185,0.04084098,0.019590512,0.018351337,0.017519448,0.020561231,0.028035916,0.022530843,0.02024586,0.052268673,0.037088055,0.026595715,0.02787769,0.021326084,0.02696731,0.02431503,0.019930264,0.03466337,0.035708155,0.037087906,0.026393672,0.010684137,0.091661006,0.013149533,0.01285205,0.030593699,0.026619896,0.039921626,2024-04-04 05:36:00
0.020948172,0.05310692,0.032714438,0.015305018,0.021570807,0.021695763,0.030489117,0.022477876,0.29374376,0.044797614,0.02884084,0.026328495,0.030520918,0.035491288,0.015644737,0.020816062,0.023444373,0.03630277,0.018551582,0.045879155,0.025411228,0.026158506,0.022176875,0.03262865,0.013964365,0.033638988,0.01661994,0.037748307,2024-04-04 05:37:00
0.13208205,0.053772233,0.029859759,0.03134608,0.025720933,0.015398661,0.027751906,0.017647114,0.041952576,0.038177162,0.036293905,0.03514071,0.030970693,0.04005599,0.030912176,0.02851571,0.019803237,0.030666951,0.029503996,0.03660044,0.027519535,0.009187021,0.02825407,0.008166776,0.01975317,0.02884956,0.039658424,0.03508122,2024-04-04 05:38:00
0.021275148,0.044560228,0.036362607,0.022281565,0.027812093,0.014587216,0.021621397,0.017643653,0.03460729,0.049040917,0.0416335,0.03133417,0.019672833,0.04242661,0.01499815,0.032358162,0.017172564,0.041161474,0.03930118,0.04492011,0.025457766,0.015148375,0.02257956,0.023521261,0.016441446,0.034006283,0.02851849,0.033988424,2024-04-04 05:39:00
0.022654247,0.029405091,0.039151113,0.06355428,0.017663794,0.02223514,0.030044308,0.019365812,0.023189038,0.056248125,0.03760313,0.022520375,0.02393461,0.04276387,0.013082695,0.015398225,0.011745384,0.044282086,0.034562193,0.03955147,0.01727202,0.026258137,0.01453607,0.015253865,0.03721259,0.026819052,0.022312587,0.021012982,2024-04-04 05:40:00
0.026103951,0.04254286,0.036739767,0.021980612,0.015969926,0.021459766,0.024384191,0.018369742,0.018674422,0.041230027,0.031791758,0.024892073,0.031034453,0.04020877,0.0181014,0.022314746,0.02060236,0.039516985,0.029744752,0.04480321,0.022062777,0.03602644,0.027950853,0.022951182,0.014011587,0.028985543,0.029701378,0.038610287,2024-04-04 05:41:00
0.025429271,0.038997512,0.034568846,0.022543425,0.014058118,0.018381378,0.032963723,0.020484876,0.02759973,0.036039446,0.03500574,0.03106041,0.03646891,0.04781109,0.021203266,0.029013569,0.024678854,0.041668165,0.02905389,0.035938732,0.024814479,0.011637109,0.0165148,0.02004808,0.012971479,0.029309185,0.022910798,0.035281528,2024-04-04 05:42:00
0.02486615,0.039160475,0.03106049,0.021062583,0.02663301,0.026318416,0.033645418,0.0147844665,0.019084198,0.056833945,0.023455089,0.024372287,0.03616012,0.040156305,0.014230249,0.028657684,0.020066196,0.03249414,0.05280255,0.04158347,0.029552534,0.019830924,0.022216542,0.016648224,0.020932954,0.032292403,0.017476654,0.023021912,2024-04-04 05:43:00
0.022734338,0.04008398,0.036506005,0.019411417,0.028058248,0.019585257,0.036759976,0.020866824,0.023348488,0.03845299,0.038920697,0.021173876,0.035760887,0.037189618,0.013010596,0.017386056,0.014820873,0.040894564,0.03735966,0.035892516,0.025265366,0.020718792,0.023555543,0.018515406,0.010927201,0.020840207,0.025259892,0.027474208,2024-04-04 05:44:00
0.02307774,0.040886197,0.03945955,0.027626637,0.041534334,0.028687637,0.028002929,0.022128882,0.028183706,0.046045437,0.040543478,0.030549185,0.040259294,0.034308657,0.015370485,0.013694771,0.13731919,0.040762123,0.027077457,0.03849132,0.024981862,0.012282154,0.0233044,0.028889772,0.021080742,0.024726773,0.022755545,0.017995918,2024-04-04 05:45:00
0.023122128,0.051284324,0.026453886,0.023689002,0.020674909,0.018626284,0.03116383,0.03336514,0.016865073,0.05377713,0.03868867,0.02610786,0.040649984,0.0359247,0.033810515,0.01354309,0.023882879,0.03678514,0.033605225,0.04113301,0.023780286,0.016813906,0.016735133,0.021901758,0.022225514,0.023330918,0.024262318,0.03505336,2024-04-04 05:46:00
0.022861216,0.04974567,0.03151713,0.01354761,0.017246567,0.018255305,0.028536268,0.029488407,0.026172545,0.06390362,0.033668198,0.029106807,0.026427483,0.035668675,0.013487789,0.028106121,0.043734558,0.035486825,0.033733685,0.044922564,0.025735715,0.011938179,0.025337573,0.03417151,0.010357516,0.029265841,0.026864445,0.03789682,2024-04-04 05:47:00
0.024719844,0.035580054,0.02670102,0.018990137,0.017158987,0.020357108,0.030744309,0.024055367,0.030407956,0.058520526,0.044205405,0.0319808,0.031217398,0.041837096,0.019126693,0.022474838,0.028988654,0.026093306,0.028587604,0.0448563,0.02538981,0.02270415,0.021919591,0.013015933,0.013256023,0.023977457,0.01639588,0.043343958,2024-04-04 05:48:00
0.022616187,0.036562517,0.035257198,0.018285759,0.020343723,0.01769655,0.025565483,0.024032775,0.023807537,0.055883333,0.03399314,0.024360808,0.02233184,0.03781589,0.015185414,0.014629504,0.01744731,0.030597497,0.029383818,0.039706413,0.025225718,0.011201642,0.058500785,0.021542115,0.016611418,0.02578178,0.018161485,0.04021857,2024-04-04 05:49:00
0.024785357,0.07006992,0.022674438,0.045249924,0.03054888,0.018382164,0.030224178,0.021325124,0.021032892,0.050251614,0.043235905,0.035563186,0.038895115,0.04360881,0.02490879,0.024058053,0.018103795,0.02041403,0.02967177,0.04493016,0.02225082,0.0132404,0.01801228,0.01566616,0.020773502,0.02309047,0.023985589,0.039216146,2024-04-04 05:50:00
0.022551736,0.05326029,0.033210564,0.019743102,0.021191388,0.019741256,0.028330382,0.023766145,0.018574124,0.05322087,0.047678564,0.02971104,0.030801527,0.033551835,0.019113913,0.024843162,0.025385767,0.039050963,0.021476425,0.04596206,0.022785684,0.010439181,0.018131891,0.022794493,0.010468893,0.030414924,0.016295055,0.03355932,2024-04-04 05:51:00
0.022549754,0.044077214,0.021509899,0.014267947,0.01945845,0.019830521,0.027783532,0.020022703,0.03207043,0.05236729,0.033303045,0.03298259,0.03655419,0.037209667,0.02077641,0.024747819,0.012321841,0.030476697,0.029472537,0.045241185,0.025749182,0.012895951,0.015347867,0.018160008,0.015711045,0.0267517,0.01737757,0.035233654,2024-04-04 05:52:00
0.021652944,0.0412594,0.028451119,0.020238262,0.028720342,0.02019197,0.029360607,0.020395681,0.039862845,0.055165816,0.031102255,0.050805982,0.025102895,0.05711789,0.018997671,0.021437548,0.02350354,0.022096429,0.041430913,0.044931192,0.024897397,0.013860025,0.018292809,0.013109304,0.016329983,0.030396663,0.034601193,0.050467875,2024-04-04 05:53:00
0.022103066,0.04781291,0.032474626,0.027383884,0.027297541,0.021580301,0.02772445,0.019670086,0.021682015,0.06111476,0.02360294,0.02952978,0.02416991,0.050959837,0.022580048,0.02517857,0.024482729,0.03937811,0.031241495,0.0425379,0.025588905,0.0383375,0.025896184,0.016148372,0.010649704,0.020263556,0.03256144,0.032370716,2024-04-04 05:54:00
0.025485288,0.029689446,0.030624153,0.032523073,0.016425379,0.019894805,0.034225654,0.020071855,0.013394099,0.052559715,0.029619439,0.030355578,0.039605044,0.044430416,0.06586635,0.024822284,0.023419708,0.031798124,0.025266757,0.0454137,0.023531795,0.01963903,0.021438494,0.019889291,0.018119156,0.024838358,0.01787898,0.03286384,2024-04-04 05:55:00
0.020956088,0.041234624,0.027758475,0.026744273,0.02525904,0.011306811,0.02775341,0.02660253,0.021158347,0.05957429,0.022951545,0.019961303,0.039137747,0.036917955,0.020723023,0.019499362,0.022228638,0.035790958,0.026796848,0.045083582,0.015858566,0.014689576,0.03252422,0.03475916,0.015056722,0.037660897,0.021070195,0.035785068,2024-04-04 05:56:00
0.021864755,0.037941422,0.027014278,0.014779793,0.022112563,0.025588093,0.02838248,0.017981883,0.035748597,0.041066162,0.032367848,0.030054087,0.034090962,0.0330348,0.03181096,0.013996043,0.023008533,0.04170644,0.042936284,0.044898473,0.025858715,0.01199531,0.026671316,0.055309616,0.03386522,0.028053064,0.03410855,0.042999614,2024-04-04 05:57:00
0.025521439,0.040072285,0.038004935,0.033555962,0.035277147,0.020503988,0.02709767,0.015792955,0.021352483,0.048750136,0.042740475,0.027333146,0.031508774,0.034637693,0.018322144,0.021542728,0.017349623,0.03543076,0.042208795,0.044801734,0.026127838,0.013320287,0.022425096,0.01621232,0.01770823,0.045209236,0.07283202,0.03578585,2024-04-04 05:58:00
0.023009393,0.033810876,0.020691987,0.033625353,0.021072278,0.019080708,0.024998972,0.020335931,0.025360119,0.069498636,0.038110312,0.030379662,0.03884655,0.04964251,0.018096354,0.024165532,0.015943319,0.03861326,0.04355997,0.04511937,0.02525536,0.013638243,0.032990444,0.018691653,0.014466496,0.02255603,0.02736099,0.03410837,2024-04-04 05:59:00
0.022281619,0.043675415,0.03746866,0.04182334,0.017546305,0.016708558,0.029131064,0.023292726,0.017886559,0.049158107,0.042605218,0.022687204,0.035734076,0.03269706,0.020482292,0.04256505,0.016230103,0.03945403,0.027079416,0.049111348,0.02249478,0.016530868,0.020414907,0.018361561,0.01822061,0.03041929,0.014095704,0.034560792,2024-04-04 06:00:00
0.024740811,0.042193886,0.0407015,0.04025199,0.017585013,0.019652883,0.0660588,0.029357027,0.017116722,0.046585754,0.030485084,0.036612324,0.029998463,0.036147323,0.07121123,0.022073826,0.01860038,0.03950284,0.037547357,0.044964865,0.024089433,0.015750276,0.01644997,0.011637354,0.015005544,0.030569606,0.026693396,0.037499785,2024-04-04 06:01:00
0.026960017,0.049702354,0.040218174,0.025220687,0.021087876,0.0139826415,0.027109489,0.019604774,0.020574166,0.04550614,0.026835334,0.016740732,0.034711454,0.035866503,0.01573527,0.017148409,0.0140250055,0.040366095,0.030287374,0.036346857,0.024656035,0.011862008,0.016728554,0.019375753,0.013741321,0.034732953,0.033148546,0.04194908,2024-04-04 06:02:00
0.02167844,0.039121635,0.03932262,0.02363975,0.035864845,0.017624209,0.027008738,0.01958754,0.02105736,0.044953384,0.035442818,0.030404158,0.024808574,0.035058524,0.019035839,0.024838401,0.040572055,0.043592095,0.036007077,0.03623274,0.026238801,0.022989549,0.048370704,0.026480053,0.022320403,0.03962705,0.028839998,0.033490803,2024-04-04 06:03:00
0.021920525,0.042988315,0.022446293,0.02099289,0.016699148,0.016989162,0.02537207,0.015425619,0.015647748,0.058942616,0.03495479,0.020476267,0.055387475,0.034522295,0.053892788,0.027276164,0.015642665,0.0374094,0.022451041,0.04061196,0.022086529,0.027365,0.019173186,0.034316674,0.017168144,0.022249877,0.022752205,0.03613063,2024-04-04 06:04:00
0.025131613,0.043264285,0.030676546,0.019009396,0.022675054,0.037536535,0.03173218,0.020368438,0.019593066,0.04868812,0.038806576,0.027053416,0.0402377,0.02933535,0.023115814,0.036238983,0.026502166,0.03483619,0.035436466,0.037079766,0.018837389,0.010891649,0.015085894,0.013621744,0.01565528,0.02168626,0.01971296,0.039147217,2024-04-04 06:05:00
0.017856019,0.03814993,0.03573738,0.013168125,0.028497905,0.015413476,0.028659733,0.031440083,0.017424084,0.043014556,0.029126719,0.02442184,0.036867242,0.04534212,0.02418742,0.021388793,0.015760414,0.041779608,0.025537418,0.036047496,0.025705297,0.018900882,0.023439663,0.019912612,0.014342803,0.023657124,0.011485592,0.05346944,2024-04-04 06:06:00
0.02340088,0.0342247,0.026911816,0.028371742,0.023269843,0.012038889,0.029882852,0.038924612,0.038121205,0.057197154,0.02300448,0.025876429,0.035262767,0.04611229,0.01796071,0.014041916,0.023073576,0.037484683,0.035920396,0.035892535,0.021982558,0.010405449,0.015778933,0.029791404,0.020864723,0.022857266,0.025885489,0.03800556,2024-04-04 06:07:00
0.020399103,0.036868624,0.017597051,0.021992976,0.04424064,0.025309728,0.025813667,0.021550812,0.03042544,0.051067747,0.02110795,0.014558201,0.02701459,0.040827014,0.01386206,0.021521503,0.017459352,0.025743952,0.019572621,0.044932265,0.025149707,0.022662606,0.030928345,0.020189067,0.010357367,0.03169545,0.031925805,0.04367324,2024-04-04 06:08:00
0.022699587,0.057971995,0.022660337,0.014686734,0.02800389,0.04675456,0.08785397,0.017639605,0.01862614,0.04967814,0.03388922,0.028253786,0.040183228,0.033504326,0.017180359,0.024413656,0.029756844,0.031864353,0.031631324,0.05385292,0.031012792,0.019724123,0.026397796,0.018182436,0.02133048,0.033239752,0.020551847,0.0397266,2024-04-04 06:09:00
0.021804897,0.03169303,0.032320403,0.018294802,0.020985072,0.023729192,0.027617918,0.02171927,0.012948383,0.058504753,0.03252475,0.029028788,0.030728227,0.04405869,0.023630824,0.027335947,0.017644802,0.03532182,0.029459374,0.040062368,0.015106841,0.020460863,0.047091983,0.024227887,0.0178379,0.019754162,0.015988344,0.038154457,2024-04-04 06:10:00
0.022371335,0.035685178,0.030870002,0.026066523,0.022928301,0.022883022,0.032905195,0.016456138,0.012343685,0.04590982,0.04287809,0.035996575,0.028502872,0.033328783,0.014949805,0.022777075,0.022991369,0.040160377,0.03164178,0.040554337,0.0232326,0.017737234,0.01817792,0.019616151,0.017616997,0.026500853,0.01702318,0.028305022,2024-04-04 06:11:00
0.022344774,0.038626492,0.024219353,0.022450361,0.016560143,0.020730784,0.027675672,0.028136177,0.023400825,0.06924136,0.036592882,0.021932878,0.040999703,0.039642245,0.017383393,0.026236553,0.014601881,0.043421216,0.02750592,0.08625512,0.023188088,0.063208,0.027666068,0.016814273,0.02109837,0.02963188,0.035329066,0.02792242,2024-04-04 06:12:00
0.019198112,0.040565707,0.027970774,0.017224604,0.023118101,0.014051575,0.02801456,0.018963419,0.018905835,0.052641705,0.025193196,0.032750353,0.03351561,0.031464238,0.016285986,0.05941006,0.022174364,0.043254476,0.025981428,0.044220194,0.022354664,0.016288219,0.024205148,0.012535582,0.019822655,0.04320362,0.017644793,0.03362087,2024-04-04 06:13:00
0.02250446,0.03413107,0.026974054,0.014463903,0.023995817,0.022029703,0.028674403,0.022145208,0.031076385,0.057668705,0.026201658,0.03778535,0.026013788,0.08442006,0.027321612,0.014382976,0.017545475,0.040261816,0.029716145,0.042908832,0.03444686,0.019962711,0.035395253,0.018457573,0.01609575,0.026629299,0.02816822,0.03583804,2024-04-04 06:14:00
0.02427734,0.04106021,0.035233594,0.0076691965,0.01873377,0.020169847,0.14640673,0.01945579,0.02441924,0.047963463,0.042190816,0.021889457,0.024592912,0.068527065,0.015523955,0.01830128,0.028522428,0.04420529,0.04169135,0.04511726,0.025773862,0.031723585,0.08270846,0.01542497,0.015177031,0.029058028,0.020351095,0.036645606,2024-04-04 06:15:00
0.023241526,0.039928067,0.019945066,0.0140729025,0.025163334,0.05625165,0.022193901,0.02060893,0.030267375,0.066511065,0.042918142,0.014747639,0.03499038,0.07708804,0.01532781,0.023456829,0.016125325,0.033847198,0.024900617,0.11068262,0.02499925,0.010885176,0.10241888,0.025603784,0.026264383,0.025962986,0.08636518,0.04063596,2024-04-04 06:16:00
0.02000951,0.059016325,0.028552894,0.020548677,0.022522187,0.02373072,0.039386597,0.20368195,0.016196886,0.0568931,0.038758647,0.029663596,0.039832253,0.07811452,0.01907172,0.019590266,0.024256188,0.04092009,0.028433887,0.04708453,0.027692642,0.024582122,0.036571838,0.045897268,0.020611955,0.032303177,0.01417549,0.03620576,2024-04-04 06:17:00
0.028489765,0.031315643,0.035124727,0.022606665,0.018094663,0.021928051,0.028771948,0.09462687,0.017687853,0.057224754,0.031655993,0.023983626,0.03812378,0.07326388,0.012741345,0.02633727,0.020152507,0.0342493,0.035077784,0.041330304,0.023107657,0.02001122,0.014702093,0.019041926,0.027925769,0.028714996,0.028299868,0.044412278,2024-04-04 06:18:00
0.027139328,0.045840032,0.04247163,0.013632228,0.023389217,0.018172573,0.028649608,0.029882766,0.023892932,0.056891512,0.030885655,0.030970823,0.022355465,0.074943006,0.019317446,0.02532284,0.022827389,0.037481535,0.027342,0.03684454,0.022846904,0.012599605,0.018108327,0.019698733,0.040096972,0.02604793,0.017520767,0.03231615,2024-04-04 06:19:00
0.029511161,0.13020796,0.048304908,0.015712999,0.015456962,0.020660479,0.024992755,0.18367997,0.011943412,0.037159644,0.028552236,0.020587487,0.027451148,0.06968921,0.024607116,0.018241115,0.032375,0.042427517,0.021395426,0.052772198,0.02298238,0.017501041,0.07860589,0.011625364,0.017721863,0.026972253,0.027478602,0.033578213,2024-04-04 06:20:00
0.021989858,0.040144194,0.028697249,0.026062386,0.024798121,0.018282184,0.027907604,0.01939966,0.031668156,0.056059457,0.03289134,0.017985528,0.03478377,0.08500044,0.021587001,0.02280927,0.023452338,0.044058044,0.032398608,0.03549042,0.025002161,0.013522116,0.020651817,0.020329567,0.020407526,0.039570577,0.0148018785,0.03424536,2024-04-04 06:21:00
0.025331747,0.06277227,0.041398752,0.01991338,0.042702597,0.019227447,0.027241413,0.08403328,0.018261597,0.045853496,0.03083715,0.032737326,0.028959041,0.06948913,0.0459715,0.018861776,0.014068104,0.04135244,0.03855717,0.036506336,0.025258867,0.018680906,0.021076076,0.01961971,0.022813503,0.033556696,0.0122453375,0.04329626,2024-04-04 06:22:00
0.02101939,0.059286624,0.028686743,0.01826362,0.016410405,0.016701695,0.030432481,0.02306175,0.02440308,0.0662725,0.022895236,0.031864084,0.028490657,0.07315722,0.014947424,0.02523001,0.015961725,0.031750735,0.045127805,0.044895608,0.025342284,0.009338983,0.016107867,0.0162891,0.029456107,0.038844194,0.025857529,0.04509813,2024-04-04 06:23:00
0.027534042,0.040929105,0.019285955,0.022671944,0.0148589155,0.020898528,0.022011103,0.036060106,0.018661471,0.0504391,0.046935216,0.019860039,0.017710665,0.06916799,0.02348977,0.019045513,0.025537603,0.019903153,0.034391195,0.045208886,0.025542812,0.012376681,0.021873645,0.014356498,0.019794833,0.0377854,0.023040574,0.03681176,2024-04-04 06:24:00
0.02196128,0.0488686,0.026587462,0.01826321,0.024301156,0.017093189,0.016484998,0.022244824,0.024029654,0.051811613,0.0455805,0.045769606,0.029637707,0.06456899,0.05723665,0.023318019,0.016723216,0.08006961,0.039824747,0.045807183,0.025451925,0.013543817,0.030239513,0.021267576,0.024516096,0.031096308,0.034084663,0.04506036,2024-04-04 06:25:00
0.025242772,0.04943471,0.029588936,0.025856154,0.02183115,0.016377201,0.029069468,0.028560588,0.020749688,0.061117113,0.04409456,0.03177301,0.027278708,0.055672023,0.028405173,0.042860795,0.011547707,0.03019618,0.040238857,0.045213364,0.026572147,0.01620355,0.024543308,0.014898757,0.021609655,0.021799507,0.08837987,0.03636482,2024-04-04 06:26:00
0.023507625,0.065779105,0.027237698,0.028013721,0.024410984,0.016133325,0.028322982,0.034077074,0.017202523,0.056427363,0.036476355,0.028761394,0.03486618,0.057863396,0.020746745,0.025990246,0.017843295,0.02777428,0.050558884,0.044921648,0.025671339,0.016163245,0.02354798,0.01686047,0.027630141,0.02835392,0.026996166,0.03343363,2024-04-04 06:27:00
0.029267557,0.04126464,0.015917601,0.019013803,0.03289975,0.017378116,0.027942881,0.022614954,0.018136807,0.058923844,0.03218895,0.020611439,0.027102124,0.028173082,0.020915203,0.022037927,0.012625399,0.027520768,0.042744208,0.045191955,0.024909731,0.017056843,0.032445695,0.017402455,0.029023023,0.03235349,0.06618405,0.036368832,2024-04-04 06:28:00
0.073315844,0.06502699,0.03139525,0.02143044,0.017537769,0.021279594,0.02794258,0.017179085,0.01584041,0.053526565,0.044467,0.04141866,0.038021833,0.025520299,0.017018382,0.018493121,0.021318374,0.041200694,0.03646891,0.04493992,0.024868257,0.014067616,0.023822878,0.025742376,0.018675048,0.025752045,0.024018563,0.052267686,2024-04-04 06:29:00
0.026575934,0.05397192,0.032638025,0.03303835,0.022588134,0.0189906,0.027911073,0.028112777,0.02032613,0.051624015,0.035502948,0.033701945,0.026311787,0.042687204,0.022399904,0.025244238,0.023510497,0.03844036,0.045025818,0.045236524,0.025346396,0.008376364,0.027440924,0.018876104,0.014352051,0.030834593,0.02544736,0.03696487,2024-04-04 06:30:00
0.025066884,0.058549892,0.024100116,0.024452798,0.050546356,0.018656684,0.028701518,0.028996479,0.021804435,0.04973253,0.049577396,0.024710048,0.033018216,0.026480464,0.016455766,0.014490788,0.012385937,0.017896438,0.04157115,0.04504087,0.02840478,0.011017069,0.02340649,0.01755443,0.03387311,0.027757935,0.017404156,0.03701073,2024-04-04 06:31:00
0.02223725,0.046512853,0.035848014,0.026159499,0.018054219,0.014975774,0.024188928,0.01995952,0.018091878,0.051524334,0.039254915,0.026618434,0.03612387,0.018632801,0.036883138,0.019133909,0.034605805,0.04090098,0.029750783,0.04487043,0.024890486,0.018364016,0.021240683,0.021687932,0.014307832,0.030435137,0.033439524,0.019425405,2024-04-04 06:32:00
0.028458936,0.06803298,0.037406802,0.02649203,0.037912183,0.019586401,0.12585545,0.020527886,0.011294499,0.042446528,0.03288943,0.022936448,0.036757052,0.022468975,0.017344497,0.025313655,0.013389166,0.036105584,0.017005468,0.044884346,0.025843577,0.012286028,0.020113535,0.017449316,0.015967634,0.02562954,0.023836523,0.035138186,2024-04-04 06:33:00
0.022727232,0.040899172,0.034132488,0.05792476,0.019833561,0.02152404,0.026571767,0.021527542,0.02440463,0.056641947,0.028180176,0.03213997,0.0392874,0.028620373,0.03004896,0.027010363,0.022142913,0.041051816,0.04308275,0.035656568,0.025222193,0.010340564,0.023682376,0.024503997,0.01972626,0.024757352,0.022138737,0.037314866,2024-04-04 06:34:00
0.022198504,0.014184868,0.03697515,0.03275674,0.018376583,0.021092204,0.09386041,0.016995126,0.014976462,0.06653846,0.028635519,0.051513117,0.033879492,0.023250142,0.01617576,0.013450068,0.02106697,0.03989331,0.02607556,0.045036323,0.023363434,0.011638111,0.022186212,0.0342557,0.029078502,0.027394205,0.023499917,0.033580706,2024-04-04 06:35:00
0.021540599,0.043749455,0.031702925,0.031295594,0.017780691,0.012039764,0.030950787,0.019040683,0.0193738,0.047089253,0.044800498,0.035469975,0.05391017,0.018410413,0.015521935,0.017049054,0.024014898,0.03253293,0.03149687,0.039214443,0.02194784,0.019596111,0.017460445,0.023700876,0.020127108,0.031122182,0.027681742,0.0366762,2024-04-04 06:36:00
0.037945706,0.046385624,0.03487997,0.026531527,0.019619828,0.017914044,0.02567759,0.02295789,0.015441106,0.06325711,0.03407629,0.028425995,0.037526928,0.03281771,0.04358127,0.019349203,0.02214636,0.123367764,0.025706878,0.040704347,0.02238894,0.023273455,0.01530735,0.027900375,0.01800184,0.02976425,0.016293505,0.038077,2024-04-04 06:37:00
0.023484616,0.0326216,0.03268611,0.024043253,0.019896992,0.019307563,0.028107138,0.033199582,0.016428793,0.023758652,0.024983207,0.021177312,0.0239996,0.02403834,0.036762632,0.022939134,0.021721927,0.040836304,0.027379101,0.04566111,0.02349402,0.019592179,0.017114567,0.015574321,0.017341528,0.026675446,0.019126285,0.042596746,2024-04-04 06:38:00
0.025256768,0.05028222,0.034479953,0.02256031,0.017504657,0.017374454,0.030245498,0.018785201,0.020429576,0.05073762,0.041621163,0.021099329,0.039370473,0.01974501,0.034554105,0.032481235,0.054188322,0.034273487,0.017787494,0.036424533,0.025178384,0.011606509,0.02761484,0.01946298,0.021503694,0.033309963,0.01548935,0.04321337,2024-04-04 06:39:00
0.023902182,0.037379783,0.04957383,0.01807917,0.01574938,0.022861369,0.027131664,0.028433872,0.027771847,0.051919367,0.02945625,0.019912848,0.024895336,0.023714617,0.01986889,0.021178398,0.04181529,0.039841987,0.041392084,0.044881087,0.027314384,0.019092612,0.022101432,0.03423091,0.02396845,0.03024623,0.0149931125,0.036931094,2024-04-04 06:40:00
0.023840433,0.02623177,0.014671654,0.074522115,0.014985885,0.018360274,0.030540938,0.022412013,0.018866869,0.045640737,0.033135038,0.029685104,0.029724393,0.022517003,0.010442288,0.021859866,0.019100454,0.034058735,0.028519286,0.045155358,0.025685066,0.007008552,0.023821898,0.020495284,0.023555415,0.032521054,0.11708199,0.03208366,2024-04-04 06:41:00
0.024159186,0.03990784,0.04082782,0.02584342,0.021952488,0.01803803,0.027266253,0.02649252,0.011661138,0.03151324,0.033003703,0.036314644,0.029149419,0.020148598,0.022047231,0.009587886,0.01803667,0.040645637,0.033623993,0.036050204,0.025352757,0.01125032,0.014374688,0.021566298,0.016368628,0.028657183,0.022212373,0.03143103,2024-04-04 06:42:00
0.020360125,0.04257464,0.03531548,0.028900236,0.022977645,0.04679394,0.032474313,0.021366388,0.016269306,0.05288426,0.057849385,0.046941694,0.03636418,0.030524397,0.02819635,0.014620982,0.022998627,0.036160674,0.027732678,0.045302868,0.022068959,0.019075323,0.018266939,0.015641721,0.019942462,0.027430976,0.030471878,0.037284877,2024-04-04 06:43:00
0.023479784,0.03730993,0.037168197,0.03417935,0.02073344,0.020361228,0.03096308,0.02337176,0.020849999,0.053119075,0.036715295,0.03236889,0.04105062,0.035896465,0.013469975,0.01904086,0.021928117,0.02729185,0.028488902,0.045072604,0.030858137,0.009192731,0.025254533,0.022031786,0.013351974,0.025788233,0.024291318,0.03554241,2024-04-04 06:44:00
0.022074016,0.02838936,0.031446047,0.0250544,0.016638251,0.018127272,0.02748632,0.0318013,0.017784081,0.04741352,0.03414291,0.021312356,0.03908401,0.027476413,0.016871838,0.018435176,0.010625009,0.020446792,0.023119975,0.042326543,0.025540626,0.015398088,0.018456388,0.03735313,0.020928403,0.030341439,0.015486262,0.031874046,2024-04-04 06:45:00
0.022822147,0.041589707,0.039795764,0.016961092,0.018215146,0.018780205,0.027893519,0.017588692,0.02476023,0.101141796,0.05197739,0.04180028,0.040919736,0.03962767,0.02224765,0.02844696,0.023549503,0.03679945,0.03283728,0.042549897,0.021095462,0.0155726615,0.017413406,0.029913489,0.014183056,0.02567627,0.0102600325,0.034686267,2024-04-04 06:46:00
0.12118932,0.02890679,0.027214622,0.01682001,0.028958589,0.015627304,0.029316949,0.042026125,0.016856408,0.061898697,0.03770141,0.018132778,0.029252758,0.037323177,0.052356146,0.018351797,0.017963361,0.027948283,0.0259768,0.042948857,0.029233884,0.017923547,0.11542319,0.022749664,0.02272463,0.019759385,0.019782104,0.03504428,2024-04-04 06:47:00
0.023616098,0.023736756,0.032875936,0.026612911,0.025105875,0.018742826,0.028087791,0.028969327,0.0101913735,0.061817158,0.033022236,0.036552668,0.04033427,0.0361649,0.023823421,0.019950181,0.022445126,0.031081038,0.026595693,0.036239833,0.024452478,0.021038597,0.019434536,0.021809526,0.013604907,0.027648045,0.015640361,0.06710867,2024-04-04 06:48:00
0.02315594,0.041570902,0.035442382,0.024406686,0.015971463,0.023030724,0.031919647,0.029467193,0.021627376,0.061725482,0.032225158,0.035878573,0.034532495,0.04060883,0.026631635,0.021999892,0.049003176,0.03222697,0.026334887,0.042698227,0.022854865,0.01593762,0.018508974,0.017375318,0.014837902,0.031868126,0.030599734,0.04436635,2024-04-04 06:49:00
0.022093808,0.061825413,0.034725018,0.036185943,0.0128435735,0.019865872,0.028074555,0.018104592,0.024782898,0.044585515,0.028285189,0.028826475,0.029740341,0.04011605,0.0145855555,0.024713112,0.01511367,0.042019498,0.031035058,0.04239708,0.026376184,0.0268206,0.0242281,0.018715566,0.011814791,0.02154972,0.027766785,0.035487384,2024-04-04 06:50:00
0.015001948,0.0406649,0.035988025,0.0123024145,0.024478378,0.018439205,0.027365746,0.022415511,0.018668287,0.059826273,0.038802035,0.018134845,0.033215918,0.03263929,0.03385199,0.05215797,0.026646221,0.035693664,0.035575565,0.03631227,0.023498029,0.011677943,0.018248849,0.012754074,0.024042591,0.027066592,0.009385888,0.03459619,2024-04-04 06:51:00
0.024724318,0.038584694,0.033986375,0.015653742,0.015424195,0.0152661335,0.043714784,0.02224213,0.02542207,0.062299024,0.039709393,0.02521213,0.019759145,0.023243098,0.03486542,0.017399147,0.023621,0.03888114,0.047856096,0.04484321,0.02496659,0.009846021,0.025548778,0.014039,0.010545316,0.030705903,0.020375436,0.038959503,2024-04-04 06:52:00
0.022460528,0.017516298,0.042244315,0.035815086,0.01689094,0.01988674,0.026140446,0.023322469,0.020419238,0.03490586,0.0180183,0.022681883,0.03137659,0.032382905,0.024977518,0.020843629,0.011183057,0.036184847,0.03514733,0.036422346,0.022821687,0.015463004,0.019629026,0.02378046,0.026271038,0.031183522,0.022564987,0.05521185,2024-04-04 06:53:00
0.021735381,0.07048537,0.024546927,0.024271837,0.024720568,0.020841446,0.028190559,0.022858417,0.035411242,0.061375614,0.023101851,0.03159738,0.039810006,0.04369451,0.045123365,0.024564702,0.02595005,0.03002232,0.027499046,0.0495333,0.035262395,0.009929325,0.027588453,0.017456263,0.018937426,0.027914291,0.014242642,0.030307237,2024-04-04 06:54:00
0.018275497,0.04217934,0.032287296,0.020072367,0.017190194,0.022184547,0.027656795,0.026582278,0.027359668,0.054289762,0.020768143,0.02794163,0.024725607,0.019176131,0.018221296,0.015599363,0.025879273,0.031881854,0.03596418,0.044946473,0.024459325,0.020768698,0.06994394,0.01387629,0.03285985,0.03967108,0.015612349,0.03901509,2024-04-04 06:55:00
0.01838629,0.03259989,0.03636213,0.021877391,0.024408983,0.016764687,0.028562006,0.019406179,0.023751153,0.05027383,0.03282843,0.029511722,0.03801327,0.021696113,0.015984334,0.021887759,0.016138317,0.044125002,0.048997767,0.0457643,0.025281643,0.01770236,0.021361884,0.021585483,0.010757036,0.019856464,0.021515237,0.035600893,2024-04-04 06:56:00
0.018410705,0.036011532,0.030117419,0.0246309,0.04070542,0.01930987,0.026937317,0.023806246,0.017477524,0.04661075,0.035818383,0.030676877,0.024177875,0.039750945,0.02028624,0.021115417,0.013590438,0.030128127,0.034447536,0.044832304,0.024786929,0.021162227,0.023814395,0.019290308,0.023634588,0.025266508,0.025031138,0.03199167,2024-04-04 06:57:00
0.0169736,0.039851997,0.027104408,0.021163518,0.020131031,0.017376758,0.2146395,0.027435286,0.01837053,0.05503626,0.05191067,0.019393016,0.027123205,0.030011486,0.044285875,0.031668656,0.016916433,0.03476832,0.024989847,0.039513826,0.02575165,0.015688764,0.022513531,0.018067477,0.012001308,0.028573835,0.020192185,0.04435106,2024-04-04 06:58:00
0.018401545,0.07242109,0.028264824,0.023213478,0.026454512,0.0116670765,0.024266247,0.020143844,0.022060895,0.052574832,0.029555183,0.014864303,0.035819277,0.040400527,0.033749904,0.024927968,0.0229105,0.023361359,0.02106644,0.036303677,0.03142343,0.010841252,0.028481323,0.019307712,0.022087073,0.025174288,0.017133582,0.043326415,2024-04-04 06:59:00
0.018136874,0.039331786,0.037993222,0.020518135,0.0198961,0.017390046,0.029889442,0.018782392,0.014779584,0.04330401,0.020212956,0.030084161,0.039494812,0.03040764,0.01821476,0.01899536,0.011309112,0.032029558,0.067239106,0.044821337,0.023159372,0.006539528,0.018045316,0.015522371,0.036743812,0.024565578,0.053123705,0.044711195,2024-04-04 07:00:00
0.018163241,0.048469547,0.03268237,0.0082714325,0.024357876,0.018292692,0.029402249,0.021697482,0.010977119,0.053100027,0.041241325,0.0105308015,0.04191418,0.017154599,0.016017724,0.019234568,0.021547517,0.03162691,0.025700778,0.044901554,0.022243137,0.007701802,0.018216517,0.02037142,0.015742097,0.023602262,0.02501881,0.034179818,2024-04-04 07:01:00
0.019911306,0.06135592,0.03652709,0.029966298,0.020871812,0.015035098,0.030381855,0.018297842,0.02120523,0.035402395,0.027083376,0.036159273,0.029013762,0.02355843,0.014250065,0.019461486,0.025687722,0.041781154,0.040334873,0.044811547,0.024164412,0.008868971,0.018407812,0.020403469,0.017564412,0.024197256,0.015080198,0.03389862,2024-04-04 07:02:00
0.021911943,0.037906673,0.028490242,0.031166065,0.036842454,0.018718924,0.026767237,0.018553095,0.014204021,0.06166688,0.02168891,0.028669596,0.034169126,0.035407852,0.043519493,0.02625145,0.02392817,0.019789807,0.025186904,0.050897527,0.04304696,0.01647178,0.027707107,0.013962083,0.017527245,0.028633477,0.019434948,0.036558673,2024-04-04 07:03:00
0.017406778,0.030695638,0.041000668,0.019366035,0.020092659,0.02239483,0.06532993,0.026484605,0.0143137565,0.05148521,0.02511757,0.03389601,0.0452907,0.038413163,0.029675579,0.014604799,0.015032162,0.032314863,0.025373494,0.04055367,0.023219194,0.022201518,0.023958052,0.02146955,0.028510138,0.02229114,0.015091405,0.036354434,2024-04-04 07:04:00
0.02141213,0.03795204,0.037132245,0.025153482,0.020334773,0.020535259,0.16280502,0.020964362,0.020177666,0.040410623,0.024466496,0.020987032,0.040036444,0.10913317,0.029375952,0.029681034,0.011382994,0.04635895,0.016744066,0.053341165,0.019795517,0.023646045,0.014952506,0.014305675,0.011761379,0.032106925,0.02065973,0.038207866,2024-04-04 07:05:00
0.023873499,0.039670955,0.03273367,0.017877262,0.02109713,0.02338897,0.044828106,0.022683833,0.016641956,0.16999003,0.027464041,0.018469987,0.035287727,0.025810538,0.020450348,0.03225691,0.012627643,0.030575268,0.022681067,0.044775225,0.035782907,0.011510174,0.014162756,0.016218996,0.014155682,0.021243885,0.012930585,0.044355832,2024-04-04 07:06:00
0.031139333,0.04820476,0.03392165,0.013571728,0.019344356,0.05084501,0.18256769,0.021115152,0.023840768,0.0531355,0.039706048,0.021814417,0.031835526,0.022930024,0.015570573,0.026281223,0.015023346,0.037042063,0.025172718,0.04440584,0.025495173,0.017724589,0.025983542,0.023758937,0.012177338,0.019553097,0.012758993,0.043712918,2024-04-04 07:07:00
0.021037946,0.030570526,0.029169546,0.03320325,0.016498107,0.01810971,0.025569843,0.020612696,0.020088205,0.044071596,0.027394794,0.031440586,0.032312736,0.03360208,0.019101707,0.04923981,0.02289627,0.021113774,0.023069154,0.037444003,0.027188735,0.0118741365,0.015782287,0.018083861,0.015322439,0.02604258,0.085155524,0.03815858,2024-04-04 07:08:00
0.020132802,0.037694342,0.021379638,0.019963775,0.019142425,0.019382833,0.026188914,0.028152086,0.01629304,0.047050312,0.06487557,0.028294083,0.04414269,0.020321632,0.019717997,0.017279422,0.010327309,0.034897637,0.021719543,0.03684983,0.024848154,0.018726984,0.016311908,0.018685738,0.010639082,0.02830106,0.017748415,0.035885993,2024-04-04 07:09:00
0.0231365,0.06116406,0.042962812,0.020263975,0.035771336,0.010924412,0.031227788,0.022589687,0.02154776,0.049091924,0.02343811,0.02144829,0.032141294,0.022973415,0.016145367,0.018477593,0.04564096,0.04506107,0.041190986,0.04918595,0.022719786,0.025158528,0.025045848,0.025572833,0.025240889,0.031200139,0.019597564,0.035424333,2024-04-04 07:10:00
0.032106407,0.039702147,0.035808634,0.026792735,0.024765039,0.0129570495,0.024158835,0.023635438,0.014703889,0.044597592,0.049405005,0.03332282,0.023075843,0.042287923,0.03009268,0.019643713,0.038360626,0.023970593,0.035073712,0.044966646,0.023785183,0.016671883,0.0289031,0.018514171,0.013479162,0.03834541,0.020785844,0.03580951,2024-04-04 07:11:00
0.023116058,0.04218637,0.039304305,0.020743426,0.033107623,0.022122176,0.028923,0.020860335,0.016572764,0.046657246,0.044331595,0.02553555,0.023312457,0.027267221,0.02861293,0.017057769,0.018006217,0.038465478,0.04248137,0.044841025,0.023826022,0.0081000365,0.029163845,0.032332134,0.024928305,0.026986929,0.015841171,0.033638988,2024-04-04 07:12:00
0.05270624,0.036422677,0.037466574,0.02902279,0.02196554,0.019744003,0.028479597,0.034401726,0.019151382,0.03962591,0.047988445,0.031051368,0.035665568,0.0182647,0.025198426,0.026075749,0.023470713,0.03664208,0.037723612,0.03630518,0.036860973,0.021222519,0.027402682,0.020569943,0.011398,0.023258118,0.01380729,0.03557475,2024-04-04 07:13:00
0.03503672,0.013509517,0.037256274,0.016264424,0.020734832,0.019407332,0.022413457,0.018788405,0.018477036,0.055504695,0.031162268,0.02091746,0.030950112,0.02036199,0.07768574,0.02496747,0.03145527,0.037698865,0.033060923,0.044973284,0.02299218,0.028573437,0.01643642,0.015901323,0.027914727,0.03699418,0.024884634,0.039473776,2024-04-04 07:14:00
0.03742852,0.04075041,0.02458637,0.016529655,0.027508372,0.017670713,0.028439134,0.016763138,0.025014475,0.0681156,0.04103252,0.024641711,0.03983132,0.022331098,0.02507146,0.012807593,0.025989594,0.02711809,0.028036788,0.03553564,0.024172498,0.012548673,0.015403166,0.018226484,0.010058775,0.02726452,0.100318134,0.03456092,2024-04-04 07:15:00
0.106431335,0.041583434,0.034021575,0.013994849,0.028982528,0.016326603,0.02921494,0.016156783,0.018323302,0.051312745,0.042580582,0.029780477,0.03503581,0.019623991,0.017081046,0.018887982,0.0240686,0.021288123,0.03489387,0.04484599,0.02627982,0.011670103,0.016702082,0.017871493,0.016066583,0.025578618,0.014066676,0.04152945,2024-04-04 07:16:00
0.030819062,0.06686217,0.028478814,0.013631382,0.014327733,0.024196038,0.029144393,0.015584675,0.022002876,0.056983177,0.04291817,0.05617707,0.024167227,0.021299554,0.03698423,0.02865144,0.02748189,0.024673818,0.027488682,0.03867512,0.024180837,0.011654211,0.022504358,0.015868103,0.01264132,0.040796455,0.030757485,0.035642188,2024-04-04 07:17:00
0.049998403,0.05072344,0.028196927,0.019766625,0.029727248,0.039809473,0.03103113,0.020868551,0.021559225,0.05636104,0.041519746,0.04427484,0.031677533,0.029928144,0.016856195,0.019384826,0.023368305,0.031154973,0.02959102,0.07000205,0.023406962,0.020479513,0.021688208,0.013200829,0.016305929,0.030081013,0.03214827,0.03622919,2024-04-04 07:18:00
0.022495585,0.043833327,0.025631852,0.023592956,0.02191706,0.012526505,0.024422018,0.020116223,0.023169672,0.06080037,0.036436778,0.049429,0.034065153,0.02349525,0.025552122,0.022681303,0.027910456,0.027138537,0.030774556,0.036184687,0.02332209,0.012768175,0.021692608,0.016277296,0.026091287,0.028232902,0.020312877,0.03593013,2024-04-04 07:19:00
0.025985073,0.04127733,0.028879171,0.012489994,0.020781184,0.011965256,0.027694363,0.016234733,0.015385234,0.03318504,0.03578169,0.016709885,0.03431272,0.041309126,0.017722009,0.021963347,0.016304381,0.028427307,0.027277527,0.035875857,0.025320437,0.009879999,0.030828105,0.017842297,0.035154827,0.027239496,0.013626928,0.038220294,2024-04-04 07:20:00
0.022613658,0.0345623,0.032833952,0.016240805,0.018692914,0.023711983,0.037906524,0.030161425,0.020353211,0.050879817,0.02853317,0.013543236,0.034716383,0.024196297,0.013714308,0.026353078,0.012883526,0.03365239,0.032952085,0.04483232,0.022878937,0.010860428,0.023857461,0.014137362,0.02028528,0.030839922,0.02861779,0.036613777,2024-04-04 07:21:00
0.059843197,0.055949744,0.019046035,0.018033814,0.013086126,0.019961433,0.023469612,0.019634819,0.020897787,0.04972589,0.036089454,0.025642147,0.021888895,0.021226326,0.012859432,0.020512203,0.018382257,0.032914948,0.033248454,0.044917367,0.025346799,0.008878227,0.024737835,0.017983433,0.019757712,0.026674919,0.026012676,0.046779897,2024-04-04 07:22:00
0.024332019,0.027513698,0.031342916,0.02121592,0.022694895,0.019402033,0.023501184,0.019441202,0.0129894,0.047504347,0.029436816,0.030851439,0.034351956,0.02409001,0.04253201,0.024602657,0.01999356,0.037530888,0.034535777,0.040452674,0.024403958,0.014249689,0.016806684,0.021222275,0.009761738,0.013376971,0.015490847,0.040844295,2024-04-04 07:23:00
0.027737908,0.0345848,0.02792907,0.026044292,0.025722705,0.024363525,0.026837846,0.019911632,0.0145384325,0.050130397,0.030958207,0.018136902,0.05322178,0.041654497,0.033663422,0.016803207,0.0092587285,0.02589985,0.028687183,0.04242635,0.02143155,0.0108543765,0.01537443,0.014692146,0.012098175,0.02221159,0.019611647,0.039053623,2024-04-04 07:24:00
0.034144916,0.039362762,0.02957384,0.0375606,0.02396781,0.016142366,0.028055174,0.021337995,0.022441618,0.028934686,0.029261071,0.019364534,0.030811457,0.022074278,0.022249589,0.01962244,0.017491646,0.030610988,0.0322619,0.037148193,0.023457155,0.011099942,0.022250678,0.022960965,0.016015822,0.032739617,0.017171338,0.03728786,2024-04-04 07:25:00
0.02604897,0.032742556,0.030466259,0.028646065,0.014841562,0.019732924,0.028267436,0.021009034,0.021651553,0.03943964,0.039159235,0.03891568,0.039400943,0.025167368,0.0134596275,0.017741427,0.02301815,0.031305917,0.045431916,0.044833533,0.022801038,0.019272706,0.021159867,0.019965809,0.029570403,0.024539499,0.019471323,0.03665745,2024-04-04 07:26:00
0.034423813,0.12719202,0.031013552,0.13338873,0.016890528,0.02490388,0.035655603,0.018757548,0.017978983,0.03843332,0.0400108,0.03444007,0.041371867,0.025942022,0.021423716,0.020344775,0.022118904,0.029361576,0.03418446,0.05005535,0.03572213,0.021455709,0.017943148,0.0122956345,0.017937517,0.02117024,0.009154276,0.026976122,2024-04-04 07:27:00
0.026141202,0.038615085,0.03386238,0.016940797,0.02842585,0.022775833,0.026397169,0.03125122,0.020365832,0.02390271,0.0221072,0.033507705,0.029090215,0.021153077,0.028329724,0.019227423,0.023181913,0.03417157,0.029527502,0.036113728,0.023587028,0.013243943,0.02781259,0.020410443,0.010785539,0.041571446,0.013747329,0.03269667,2024-04-04 07:28:00
0.022163857,0.04677792,0.01573384,0.014549188,0.0168765,0.019033479,0.027251944,0.028940475,0.024370782,0.05573164,0.026883028,0.02005922,0.035461187,0.03748369,0.01875692,0.012338368,0.019750195,0.027292583,0.021790363,0.035677824,0.023191774,0.020823052,0.027720977,0.023238577,0.018139323,0.028343303,0.013846731,0.029220393,2024-04-04 07:29:00
0.025470523,0.03930761,0.036745243,0.01497749,0.017386405,0.027441652,0.02370249,0.018395862,0.025719328,0.053259037,0.024177961,0.022980843,0.030769374,0.040519197,0.02332987,0.016560683,0.03772605,0.039819673,0.027968597,0.036473624,0.023394229,0.0123784095,0.021945255,0.024395745,0.027298497,0.03397715,0.014933973,0.03627803,2024-04-04 07:30:00
0.033444084,0.0725661,0.038851902,0.021957513,0.022211256,0.020154333,0.02912406,0.0341142,0.04802741,0.051785007,0.029515076,0.021823319,0.033434268,0.09027367,0.013526014,0.017010989,0.04185064,0.041557454,0.037823368,0.045113478,0.02272537,0.014361659,0.021275582,0.01780723,0.016515581,0.029621007,0.015496817,0.028489,2024-04-04 07:31:00
0.019079544,0.03937387,0.022563275,0.022150418,0.018229822,0.024631944,0.03432283,0.022173103,0.01904253,0.05075239,0.03711824,0.040181216,0.014566588,0.026062747,0.012154336,0.025542201,0.01087983,0.034521516,0.030454788,0.039326157,0.024532048,0.014748908,0.022788081,0.014145279,0.010020847,0.032386318,0.016805306,0.030077545,2024-04-04 07:32:00
0.029443853,0.033250008,0.031124886,0.15681376,0.019263042,0.015980233,0.030188262,0.021269092,0.017899478,0.06107579,0.033459462,0.030516814,0.052692246,0.02178789,0.025886226,0.017722303,0.018367827,0.034556605,0.028652504,0.044355236,0.03650482,0.018819192,0.01580577,0.018711055,0.020393396,0.028487584,0.019397074,0.03675257,2024-04-04 07:33:00
0.026960975,0.04243357,0.038835548,0.007978306,0.023374608,0.028260972,0.028277881,0.023379305,0.015441602,0.045610607,0.041624352,0.047055695,0.028900085,0.039903767,0.02659753,0.019340461,0.02276053,0.042118154,0.024806961,0.039453313,0.025114125,0.015705476,0.031429306,0.02149301,0.040638547,0.028478092,0.013753827,0.036476765,2024-04-04 07:34:00
0.034849137,0.03821603,0.030667415,0.028588455,0.022311406,0.016203994,0.02495541,0.27839765,0.022301659,0.03770513,0.029908175,0.015263113,0.028229382,0.029611096,0.02886633,0.019230867,0.016472198,0.017926345,0.028118556,0.044887852,0.03270247,0.012677897,0.023140602,0.012585498,0.020916171,0.023033986,0.014587072,0.03761359,2024-04-04 07:35:00
0.020109516,0.050203957,0.042092152,0.019583806,0.021337949,0.016289799,0.023279859,0.022220958,0.019207112,0.0388899,0.029437488,0.03188935,0.031005546,0.030913433,0.035030052,0.018070854,0.02226862,0.037674595,0.02777888,0.039850745,0.022050148,0.022590434,0.019191513,0.0222773,0.02174686,0.025482502,0.013316214,0.034056935,2024-04-04 07:36:00
0.026662879,0.04745128,0.041298345,0.01694207,0.021129925,0.015152249,0.028030632,0.018607676,0.022827247,0.060224194,0.026550947,0.028353428,0.022676788,0.025611866,0.019005002,0.018863421,0.055460542,0.032069493,0.034482405,0.036110073,0.034879047,0.027499393,0.02686242,0.02158352,0.038351014,0.024396006,0.015612683,0.036272332,2024-04-04 07:37:00
0.023139285,0.042777237,0.04830983,0.18022698,0.020542622,0.009508357,0.031157268,0.015761178,0.027773475,0.064020395,0.025393711,0.019116007,0.027984452,0.0679629,0.014587873,0.017491285,0.030093053,0.043063607,0.054661952,0.036647778,0.023605147,0.017495027,0.048970167,0.023227168,0.020206476,0.02934808,0.03100336,0.03216367,2024-04-04 07:38:00
0.03272772,0.1315509,0.026593138,0.025016787,0.025947355,0.021515243,0.02835876,0.022078654,0.024167145,0.046930153,0.037534438,0.038705133,0.021395545,0.0322076,0.032258343,0.022173526,0.021748712,0.057536826,0.032730978,0.03881631,0.016730068,0.013930084,0.021113368,0.02184806,0.024165632,0.03193186,0.01168176,0.03829376,2024-04-04 07:39:00
0.02538537,0.041582655,0.033926725,0.025433926,0.03643326,0.01880729,0.02655659,0.019621314,0.022358533,0.04268264,0.026824864,0.017231738,0.034326833,0.024541674,0.033079144,0.018113492,0.036776338,0.035543572,0.028253265,0.040535953,0.02379733,0.015380832,0.029555751,0.03069006,0.016042415,0.022753214,0.018257152,0.054423932,2024-04-04 07:40:00
0.02990017,0.044083793,0.02889651,0.01807815,0.01627381,0.054067973,0.035607032,0.020288616,0.022008333,0.051941164,0.03248227,0.032231595,0.029890392,0.027776465,0.018641261,0.022631824,0.011960123,0.027081614,0.03790592,0.044778768,0.023509389,0.017822862,0.021784492,0.014181689,0.010592746,0.027838768,0.013709502,0.03669399,2024-04-04 07:41:00
0.027529692,0.048281644,0.026860323,0.016587215,0.022005457,0.017199244,0.02936754,0.013539835,0.013978793,0.044673555,0.025473425,0.032193266,0.052935105,0.04139476,0.022279937,0.01852545,0.019417303,0.032289576,0.028870527,0.042629454,0.035972603,0.1303319,0.021386463,0.017789118,0.015683806,0.023864273,0.022569293,0.037590064,2024-04-04 07:42:00
0.025141012,0.03881101,0.019036502,0.02596811,0.02074766,0.019327782,0.040459238,0.015819183,0.025288109,0.061232336,0.026387572,0.023513958,0.04078737,0.018212894,0.03480972,0.01648287,0.011830969,0.022487447,0.017433364,0.0397445,0.02420801,0.012599501,0.020153051,0.016873114,0.015491494,0.02498255,0.015807768,0.03636104,2024-04-04 07:43:00
0.027065178,0.090489574,0.03582857,0.0186156,0.017740695,0.017516183,0.025309296,0.016576678,0.017613588,0.035690848,0.04145411,0.034301825,0.027046971,0.026889084,0.016280066,0.030826204,0.019487133,0.039354626,0.048406105,0.044801094,0.023157297,0.020977674,0.027272591,0.019025268,0.020568501,0.02810827,0.01502142,0.026789006,2024-04-04 07:44:00
0.03225219,0.03838183,0.03387582,0.016569376,0.020278784,0.02005138,0.026412588,0.021991115,0.021677675,0.053235132,0.025268976,0.01677915,0.040785227,0.0241941,0.0146613205,0.023718415,0.01534376,0.034501687,0.033768307,0.04722911,0.022853328,0.011984781,0.015868763,0.022831796,0.014578292,0.02944078,0.028240435,0.026539756,2024-04-04 07:45:00
0.030152135,0.030870955,0.020190066,0.016355006,0.025529323,0.018487394,0.023655383,0.015406638,0.01735625,0.053379297,0.02789817,0.042458326,0.033112124,0.020112492,0.02971222,0.020349424,0.02582516,0.026545411,0.029129876,0.058437288,0.02354537,0.017288752,0.044945534,0.027166786,0.029574309,0.025323993,0.012226551,0.6482182,2024-04-04 07:46:00
0.027193705,0.03580051,0.038388703,0.039673552,0.027255226,0.011764576,0.027916439,0.16489212,0.027915405,0.04170879,0.035760198,0.020312503,0.02749363,0.034191914,0.017474314,0.025305804,0.040477537,0.013689603,0.038662933,0.04484136,0.023040276,0.008920842,0.029359,0.026360298,0.020374408,0.031813763,0.014277342,0.020208705,2024-04-04 07:47:00
0.026942866,0.03006189,0.038182393,0.022015892,0.01827001,0.027650433,0.025277032,0.020052867,0.016356017,0.061154425,0.031990476,0.026919302,0.024440039,0.0363803,0.017471056,0.01872856,0.018471625,0.042244073,0.035540845,0.03642264,0.023077633,0.017990638,0.024946561,0.019278653,0.026344629,0.029544575,0.021342665,0.035004977,2024-04-04 07:48:00
0.02663339,0.018730326,0.041750424,0.13839544,0.021349352,0.019930404,0.028711323,0.01677404,0.020057257,0.052816093,0.025568968,0.050546095,0.033943266,0.04158371,0.024806742,0.019752128,0.02624687,0.038931265,0.028276896,0.036153752,0.025010202,0.021235643,0.016395357,0.029328756,0.021821292,0.023119193,0.020502036,0.02110005,2024-04-04 07:49:00
0.019753452,0.048697587,0.03381883,0.023629652,0.019795692,0.020546667,0.026772061,0.023811873,0.020750314,0.062537834,0.029449271,0.02624411,0.039566588,0.024597816,0.02015524,0.026176892,0.017349735,0.02606884,0.024119508,0.038719334,0.02323575,0.01865584,0.026161013,0.019674629,0.01180685,0.034231823,0.01949812,0.027515104,2024-04-04 07:50:00
0.020163752,0.040149406,0.019415261,0.19004148,0.036855698,0.018786596,0.0261986,0.020222247,0.019349914,0.05698447,0.033389818,0.02929879,0.035342976,0.035981774,0.049311228,0.022801675,0.01774781,0.034297597,0.02165726,0.044853657,0.024101065,0.016483877,0.018717173,0.018524336,0.00818962,0.020364793,0.017843097,0.03669225,2024-04-04 07:51:00
0.02028112,0.041654434,0.04277279,0.15574317,0.032043673,0.013858673,0.027888993,0.018402033,0.011384058,0.06661154,0.041724093,0.031829186,0.035741296,0.041076276,0.023479352,0.025317539,0.025174022,0.028599134,0.027031006,0.042445507,0.025192749,0.02522149,0.046231158,0.019897204,0.01771211,0.024914531,0.030830638,0.03830786,2024-04-04 07:52:00
0.017909985,0.040466107,0.034329806,0.020211684,0.023824802,0.020577544,0.053279728,0.0217078,0.024211945,0.043184035,0.03615598,0.024948178,0.031481728,0.015229093,0.0336374,0.025009623,0.025940757,0.03736995,0.040511698,0.044834714,0.023004476,0.122061,0.01870141,0.026683722,0.023067076,0.031082895,0.020405518,0.032354772,2024-04-04 07:53:00
0.021891972,0.039058834,0.035629652,0.018036058,0.054416984,0.020638779,0.031008227,0.020865196,0.018002275,0.06497601,0.028137345,0.04287222,0.03844445,0.04259999,0.027497623,0.014351869,0.024835436,0.035341483,0.03079392,0.048921455,0.025302103,0.014696685,0.016726285,0.019939434,0.019039948,0.029671794,0.02257434,0.033065103,2024-04-04 07:54:00
0.02133389,0.039477345,0.03372549,0.036079273,0.023019928,0.021903008,0.029888475,0.017948192,0.021933196,0.060648084,0.03193986,0.030168723,0.043739453,0.037012696,0.024909597,0.016139975,0.02591379,0.029494796,0.027836246,0.037363965,0.033936597,0.013134056,0.027160797,0.018662479,0.020941772,0.029531106,0.029866982,0.040082794,2024-04-04 07:55:00
0.042471956,0.037743088,0.03177401,0.02873343,0.023833608,0.010230354,0.026912173,0.021176267,0.021278827,0.039819725,0.023111876,0.016192611,0.039188094,0.01712514,0.029577117,0.026821284,0.025738837,0.037145816,0.027918866,0.035915647,0.024706451,0.015750013,0.019620826,0.02464616,0.021987416,0.03551706,0.013681247,0.039048307,2024-04-04 07:56:00
0.023670414,0.035266723,0.023914183,0.017481852,0.021564422,0.016956018,0.029136157,0.027027909,0.023205208,0.06645925,0.036932576,0.02577583,0.03352356,0.023356229,0.029194303,0.019119991,0.016927157,0.029269591,0.028782997,0.03892702,0.02367689,0.031029426,0.02211386,0.021210074,0.009921081,0.030046789,0.021589402,0.03651466,2024-04-04 07:57:00
0.02194512,0.032314956,0.036025453,0.024129795,0.021553308,0.02318246,0.02398863,0.023292057,0.015570789,0.034790095,0.03614957,0.024403794,0.023661649,0.040876392,0.017376859,0.024400175,0.013358448,0.039107464,0.0427063,0.045156237,0.023140136,0.03308013,0.014179366,0.017022967,0.021480765,0.027760727,0.015854489,0.031187678,2024-04-04 07:58:00
0.025725039,0.10259061,0.038996384,0.020724587,0.019799693,0.020516513,0.026848026,0.02064211,0.026509566,0.03754299,0.027918847,0.038810667,0.037941203,0.03086034,0.014172345,0.019409653,0.019038698,0.03880541,0.028987886,0.0451265,0.027026959,0.018550627,0.029254338,0.026400832,0.0130675,0.024664422,0.015533467,0.042260256,2024-04-04 07:59:00
0.02567747,0.04199303,0.018000009,0.017024575,0.021476304,0.025390191,0.027254177,0.019433143,0.018926775,0.024718063,0.03234547,0.019449577,0.03589822,0.020456681,0.030843323,0.019603834,0.019270834,0.028925957,0.028679738,0.04489277,0.02374914,0.008719774,0.028787356,0.015382591,0.017729646,0.022156551,0.016985612,0.036748696,2024-04-04 08:00:00
0.02375084,0.03968433,0.02741047,0.020212734,0.022228513,0.013485684,0.033772916,0.024360709,0.013689359,0.057271536,0.03131318,0.023580754,0.03930281,0.021257564,0.0142690735,0.015484089,0.02444571,0.027773067,0.1339338,0.036536638,0.023968596,0.015622876,0.03321333,0.01770783,0.009894094,0.026564153,0.013936919,0.041375253,2024-04-04 08:01:00
0.02682357,0.022512428,0.03615816,0.019938817,0.01581945,0.0221601,0.027913488,0.017087545,0.015050754,0.0512255,0.025627017,0.032725018,0.020468287,0.03742556,0.038228456,0.026851155,0.016236948,0.032657243,0.04161078,0.0449238,0.026455512,0.014172409,0.015133405,0.029140491,0.011744111,0.020441338,0.025074886,0.031140994,2024-04-04 08:02:00
0.020704428,0.04756571,0.037272505,0.034595095,0.018465027,0.03572172,0.029571872,0.022936586,0.01368714,0.059232213,0.030972105,0.021725835,0.026562333,0.042669244,0.016168473,0.02895224,0.019050151,0.07847612,0.045154102,0.036290642,0.034470983,0.020880276,0.023477424,0.016757073,0.016497847,0.026979769,0.021025991,0.035938993,2024-04-04 08:03:00
0.025424004,0.044021964,0.020411098,0.031828947,0.017978396,0.030235814,0.03381906,0.021366568,0.016935442,0.053975586,0.035098016,0.029081868,0.034081135,0.02182194,0.012422355,0.018098228,0.018332584,0.03529834,0.021505408,0.04147151,0.023349775,0.020547176,0.02038224,0.01377554,0.023260128,0.023269922,0.031973958,0.034935948,2024-04-04 08:04:00
0.024590885,0.03455684,0.04092097,0.024281178,0.017964358,0.019068914,0.025607234,0.03390445,0.015799358,0.042142823,0.027555784,0.035141405,0.03951601,0.032349873,0.03286938,0.014004976,0.024217244,0.03593664,0.04066539,0.04485091,0.022412824,0.016174877,0.015923329,0.036399547,0.017944934,0.025983945,0.025809681,0.039626513,2024-04-04 08:05:00
0.026477676,0.039305568,0.039784692,0.030957242,0.025177194,0.018611128,0.022179771,0.028671617,0.020923736,0.064373285,0.02942322,0.019286767,0.030355182,0.027237315,0.01677645,0.025353275,0.024082635,0.039215133,0.03789995,0.047167297,0.023309754,0.037968904,0.023689397,0.044222858,0.018221619,0.027907304,0.015706006,0.036966544,2024-04-04 08:06:00
0.030605804,0.038435973,0.028818779,0.036708042,0.019058567,0.013111498,0.027319694,0.023091836,0.023823705,0.03876869,0.03848142,0.023756446,0.030142717,0.015744315,0.015257981,0.027169095,0.023072941,0.038938973,0.04422807,0.036766477,0.021571478,0.019634701,0.0156037025,0.023477446,0.024866523,0.024848705,0.025817253,0.035486087,2024-04-04 08:07:00
0.022494286,0.026956258,0.041748833,0.071456954,0.019193595,0.010942753,0.026847849,0.013633849,0.018426804,0.04923786,0.040222637,0.053118475,0.030176299,0.028146964,0.032846887,0.023845429,0.029789057,0.048233576,0.025942845,0.061501916,0.032987483,0.14265843,0.024897456,0.024001196,0.018520825,0.030612672,0.0141714215,0.036342204,2024-04-04 08:08:00
0.01984518,0.039119817,0.039898567,0.055164516,0.02787175,0.013683054,0.02832118,0.019768238,0.019413516,0.06019915,0.027876243,0.03148768,0.043396536,0.019166907,0.020074084,0.027506912,0.025934005,0.037056133,0.03595011,0.05011362,0.022924643,0.03701032,0.017212661,0.009434732,0.0154818585,0.025019985,0.01071186,0.032272868,2024-04-04 08:09:00
0.022797436,0.04932984,0.037726883,0.029736768,0.024652075,0.013961021,0.11054017,0.027303848,0.008916872,0.05761208,0.0454014,0.029408028,0.039443217,0.026329482,0.02334789,0.014652684,0.028101018,0.029060323,0.0440196,0.053306475,0.023747116,0.021869626,0.021387357,0.021874884,0.0135323275,0.02921538,0.020057257,0.035718977,2024-04-04 08:10:00
0.03188537,0.054361552,0.03308905,0.013671594,0.017558761,0.018201077,0.040397733,0.02140163,0.07889361,0.053563435,0.02733811,0.025519302,0.035956472,0.045673914,0.020009777,0.022958543,0.024189524,0.025049362,0.02456605,0.035602164,0.02513523,0.017342279,0.02051762,0.009257439,0.024528537,0.032303464,0.018291458,0.038044643,2024-04-04 08:11:00
0.02050453,0.036608864,0.034855913,0.03834693,0.01923014,0.016690247,0.039561413,0.02079449,0.034240868,0.039282076,0.048035227,0.029284084,0.0337977,0.032278404,0.026371276,0.016664194,0.019552127,0.04177913,0.037679933,0.046010412,0.033806253,0.020365078,0.021739427,0.015237754,0.014129917,0.029150546,0.014621661,0.03256536,2024-04-04 08:12:00
0.02782808,0.026866708,0.034276146,0.028458761,0.017336674,0.012286289,0.027274307,0.017231196,0.018097455,0.06048972,0.033640876,0.021472283,0.034376457,0.023799378,0.026259411,0.04130365,0.016861219,0.021440959,0.017822267,0.044921905,0.022642422,0.012998259,0.033177927,0.017499702,0.014592163,0.020511003,0.02033954,0.015294244,2024-04-04 08:13:00
0.042028494,0.037715357,0.038146187,0.01652224,0.01573323,0.020156074,0.027479647,0.019137418,0.020629367,0.056282375,0.038702797,0.03713294,0.035124324,0.023563331,0.031804968,0.050640296,0.022194222,0.04515791,0.023921916,0.04032875,0.036763474,0.026512865,0.029707432,0.051975068,0.019072056,0.02312561,0.011760206,0.022194752,2024-04-04 08:14:00
0.020872958,0.01349259,0.03178728,0.019891411,0.019799829,0.017655117,0.031428304,0.02052463,0.01057117,0.069570616,0.026276555,0.027275316,0.030293467,0.040257134,0.021779336,0.02417431,0.019866621,0.037464652,0.027853353,0.036592547,0.025573397,0.017065816,0.01751925,0.018708032,0.034568217,0.02598215,0.015622703,0.033631183,2024-04-04 08:15:00
0.029459596,0.038812213,0.019350674,0.023269365,0.035084214,0.016953722,0.026812548,0.013416552,0.01462408,0.05592186,0.032674544,0.036497217,0.035234947,0.028704189,0.023751328,0.021224331,0.021126727,0.031602252,0.022900756,0.04901537,0.022676101,0.015088751,0.025989147,0.014457121,0.009812415,0.029055223,0.021569775,0.033782214,2024-04-04 08:16:00
0.020973813,0.050184388,0.03585678,0.020275865,0.03634974,0.013378385,0.0354805,0.020393763,0.014303285,0.04562761,0.031156939,0.025820406,0.023894796,0.029503623,0.01901122,0.017270856,0.024284309,0.031865533,0.036855128,0.040891387,0.032132268,0.024922088,0.024971295,0.06187584,0.021924365,0.02496925,0.024092667,0.023913004,2024-04-04 08:17:00
0.02599572,0.040473014,0.021066401,0.018904433,0.022963375,0.015362777,0.02754505,0.024822952,0.043133877,0.048491944,0.03037754,0.04237731,0.040590547,0.042956244,0.018875247,0.018509263,0.023079226,0.027540857,0.027731905,0.047768656,0.02523246,0.025137583,0.028129213,0.019245857,0.00988886,0.027177976,0.013390211,0.027378762,2024-04-04 08:18:00
0.026379032,0.032200925,0.033844106,0.0101006515,0.04175018,0.01696667,0.019679956,0.017419504,0.014454992,0.046900924,0.030570013,0.034038775,0.030465141,0.029358655,0.033168335,0.018140024,0.022071961,0.039045855,0.025827616,0.036028303,0.023615418,0.011459713,0.016484212,0.023907868,0.0139748985,0.01641245,0.021191355,0.03367007,2024-04-04 08:19:00
0.03059052,0.03656893,0.03800245,0.022316607,0.032153916,0.01805587,0.028328046,0.024557982,0.02307502,0.045077913,0.027572026,0.034576423,0.03182533,0.022486772,0.012306415,0.020850103,0.015012806,0.049205035,0.037897076,0.036722016,0.022668565,0.019055141,0.021829037,0.03387673,0.009701811,0.020159103,0.041103978,0.031263553,2024-04-04 08:20:00
0.030399559,0.039784096,0.03358378,0.0134103475,0.032170624,0.016179528,0.026399262,0.017946174,0.013199435,0.052452233,0.025594521,0.02221893,0.0271294,0.018792687,0.013555025,0.026433107,0.013739118,0.04246348,0.044681117,0.03549079,0.023252187,0.0169022,0.026796598,0.020882292,0.011875567,0.020772377,0.017378082,0.03411317,2024-04-04 08:21:00
0.030208766,0.026875999,0.03564908,0.012666427,0.028108332,0.014182296,0.022328041,0.019124089,0.015328347,0.038354013,0.04126468,0.026153374,0.03250794,0.02366486,0.015136865,0.023397261,0.02562749,0.04733326,0.04065406,0.045116615,0.02336157,0.02553907,0.0188594,0.019795632,0.012479323,0.024518386,0.018809378,0.033826582,2024-04-04 08:22:00
0.02621694,0.03921295,0.04456116,0.02025014,0.015177241,0.01551759,0.026789736,0.0201919,0.02089867,0.042836707,0.040181328,0.029198723,0.027788429,0.023638071,0.030606544,0.02051824,0.035502363,0.040769357,0.040442307,0.03633776,0.023164516,0.02656348,0.020337736,0.025001759,0.022568304,0.03039484,0.01705974,0.03419202,2024-04-04 08:23:00
0.026569216,0.04092645,0.0326814,0.15522698,0.03747781,0.017659875,0.026024582,0.0967293,0.010645545,0.043792136,0.031009179,0.023395207,0.03196168,0.0301488,0.017321859,0.024459347,0.021715604,0.03290846,0.026971329,0.044812642,0.023025144,0.013979345,0.033615414,0.030024702,0.015355342,0.024543677,0.019083166,0.04031625,2024-04-04 08:24:00
0.029958276,0.04297599,0.034305666,0.011938833,0.02304816,0.014940503,0.029593127,0.017660301,0.021977572,0.06982087,0.036562525,0.04512251,0.02047134,0.033222727,0.0139240315,0.026724745,0.01061245,0.030815572,0.034762852,0.047779273,0.030346045,0.009482392,0.023647705,0.018985797,0.015161394,0.0284512,0.01745989,0.032701716,2024-04-04 08:25:00
0.027311744,0.0428303,0.03561149,0.018074065,0.025007796,0.017285788,0.028273411,0.022028143,0.019071156,0.053389996,0.041275214,0.020619556,0.032127764,0.026814193,0.021856563,0.020147903,0.019706948,0.027243434,0.041737504,0.044937856,0.023606125,0.015608671,0.017422298,0.020339016,0.01121704,0.0216072,0.021331273,0.043818958,2024-04-04 08:26:00
0.03068223,0.04355211,0.033988114,0.032201417,0.012404344,0.01481784,0.030819824,0.024395626,0.025390474,0.03693957,0.037083846,0.03311042,0.032249566,0.050824065,0.040829103,0.025452685,0.028111087,0.039361887,0.040076658,0.052375864,0.023776531,0.020025194,0.018913407,0.022900034,0.01816604,0.027150799,0.014802372,0.040890742,2024-04-04 08:27:00
0.030387484,0.027885826,0.040594026,0.03302885,0.027889362,0.018860467,0.027962083,0.023344604,0.021660483,0.06213372,0.03187732,0.026177287,0.03389658,0.053001657,0.01899189,0.019281838,0.017038709,0.033209715,0.0276862,0.055799052,0.024296472,0.019383466,0.021370593,0.018844198,0.014439273,0.020778373,0.019244123,0.032900274,2024-04-04 08:28:00
0.02167788,0.037786674,0.02703972,0.09528315,0.02170939,0.01840608,0.06423948,0.024803145,0.0217375,0.055908233,0.030921465,0.026907306,0.03710877,0.037821528,0.061728712,0.025769597,0.020431105,0.0407094,0.02998267,0.0390309,0.023857784,0.026967758,0.0332987,0.011927742,0.023144104,0.028491039,0.017190048,0.017960044,2024-04-04 08:29:00
0.03122377,0.04216686,0.040970054,0.030343471,0.020290423,0.020334646,0.03041987,0.043473534,0.018651754,0.05196492,0.025013283,0.034420673,0.038809482,0.031991836,0.019365204,0.030696422,0.027978616,0.03299151,0.02764651,0.047374196,0.03611125,0.02234056,0.035686646,0.024396876,0.018161856,0.025142334,0.022543427,0.03718467,2024-04-04 08:30:00
0.030200398,0.03558849,0.02684945,0.021601237,0.031265993,0.01723398,0.026201842,0.17827402,0.019296115,0.049411725,0.025322204,0.027093431,0.045321636,0.038419187,0.022094857,0.02104685,0.01818512,0.033770215,0.044637,0.03561523,0.021468652,0.016309517,0.030232742,0.02680071,0.016741222,0.022217188,0.015896045,0.03346106,2024-04-04 08:31:00
0.024318622,0.043678727,0.037813284,0.046181664,0.021647986,0.013337255,0.028459689,0.025289236,0.022461448,0.04324979,0.038192127,0.042784024,0.035314035,0.027844839,0.028532771,0.026169645,0.020138146,0.039846953,0.02537263,0.075950205,0.021292508,0.020816494,0.022101581,0.035191994,0.009280071,0.022861108,0.013206565,0.036970753,2024-04-04 08:32:00
0.02563696,0.03861289,0.038460016,0.018505061,0.026339434,0.015901107,0.028235208,0.024746064,0.016674606,0.054610096,0.022925913,0.023221558,0.039765477,0.028487371,0.029578816,0.021409135,0.02257061,0.025708802,0.031382255,0.045040775,0.029568387,0.015558197,0.028519161,0.024284944,0.017358463,0.04155719,0.021648923,0.036141377,2024-04-04 08:33:00
0.022846112,0.048566252,0.015029744,0.018419098,0.018566394,0.024844294,0.029990518,0.01890376,0.005595182,0.056125667,0.053151235,0.03507221,0.04262627,0.034234237,0.023573782,0.05604363,0.01761945,0.017163673,0.029249439,0.045324706,0.022831988,0.014555496,0.012919584,0.022883052,0.017515799,0.023148766,0.027688447,0.037204448,2024-04-04 08:34:00
0.02745327,0.02957261,0.035430763,0.118704304,0.018779345,0.018464066,0.025226437,0.019410372,0.024427736,0.049071904,0.029851565,0.021066785,0.021903425,0.038413536,0.026446944,0.027363988,0.011944249,0.017502995,0.046238787,0.044866044,0.022623437,0.013824882,0.018001702,0.017266843,0.015017872,0.032178026,0.022919523,0.03489646,2024-04-04 08:35:00
0.031553105,0.046790186,0.039869953,0.045298617,0.016869923,0.02042887,0.028390428,0.046893135,0.02040326,0.060929693,0.037523683,0.02363613,0.02573727,0.034484155,0.012645041,0.02276964,0.023594314,0.03852917,0.042456992,0.044922184,0.022838416,0.028630638,0.030537218,0.034766015,0.017630361,0.03228941,0.026773296,0.035745855,2024-04-04 08:36:00
0.029914305,0.034062143,0.041355558,0.025811793,0.020295532,0.019618137,0.025861094,0.018593501,0.019161284,0.046257783,0.021700993,0.022342091,0.03684533,0.026149264,0.01566832,0.027005522,0.028685685,0.025921773,0.03487365,0.04484677,0.025229624,0.020468922,0.029156808,0.024782026,0.011037489,0.020337567,0.024647502,0.035409257,2024-04-04 08:37:00
0.03218033,0.041852906,0.02873911,0.023781568,0.020045452,0.020292774,0.019392943,0.020220071,0.024482286,0.06805296,0.03318606,0.023579426,0.030813148,0.025286762,0.023766752,0.0294454,0.020438531,0.025804264,0.03830002,0.04494543,0.009594402,0.007407336,0.01883693,0.01916107,0.0296775,0.03131214,0.05534408,0.035708435,2024-04-04 08:38:00
0.031977307,0.026274975,0.036281586,0.023730079,0.029404834,0.02334377,0.030757315,0.020284018,0.016395794,0.042577617,0.029225599,0.029996132,0.034731068,0.042334255,0.028046552,0.018303186,0.018351827,0.027816392,0.027477715,0.036072355,0.02380239,0.010638591,0.020626182,0.019768253,0.013344944,0.03301312,0.023423638,0.020645514,2024-04-04 08:39:00
0.029779958,0.032054372,0.03368695,0.03677898,0.01864463,0.014818492,0.023848504,0.025956571,0.01485803,0.05308947,0.0393046,0.025513453,0.03473204,0.027824033,0.022685094,0.022035526,0.018632513,0.029662022,0.038723223,0.044730127,0.03420505,0.0113012185,0.022582566,0.019262606,0.01538087,0.03323925,0.0218718,0.0167209,2024-04-04 08:40:00
0.023189565,0.038347952,0.025691295,0.032037362,0.021577584,0.0143350335,0.031903137,0.012667442,0.014403836,0.06069557,0.036078755,0.029681906,0.035005327,0.022650005,0.017557949,0.029502258,0.017695563,0.019969288,0.029065838,0.053348187,0.024960829,0.02019343,0.01417423,0.020577297,0.02320413,0.030419884,0.017873198,0.025056573,2024-04-04 08:41:00
0.02345861,0.027094768,0.031275872,0.033922557,0.031143812,0.017030476,0.02939555,0.012450174,0.020018496,0.061411314,0.03838222,0.02181523,0.04000234,0.020698627,0.013783152,0.02985297,0.028858349,0.039184902,0.067786805,0.036094163,0.037694838,0.011954484,0.023695434,0.018534653,0.0140058035,0.034737647,0.023454111,0.027582003,2024-04-04 08:42:00
0.031068195,0.036529575,0.041340183,0.021628242,0.024991734,0.017329788,0.02971875,0.027932864,0.012158703,0.06323087,0.03286547,0.025255986,0.03180386,0.030320646,0.01831392,0.028927619,0.029077804,0.046069626,0.04308255,0.041958578,0.022879196,0.026172686,0.020436602,0.014294763,0.020463128,0.025053822,0.025020126,0.032927316,2024-04-04 08:43:00
0.030782724,0.025211504,0.041973926,0.018193608,0.022080619,0.014185192,0.02214891,0.015464645,0.025977451,0.032672375,0.039422005,0.023724921,0.033143852,0.027643694,0.033985384,0.025609296,0.024680352,0.04595907,0.040047612,0.04413908,0.024625575,0.017107045,0.022209603,0.02690979,0.0125949085,0.022223935,0.020465473,0.031955834,2024-04-04 08:44:00
0.03271384,0.050775785,0.052004877,0.025475273,0.040010054,0.019508982,0.020896444,0.018368237,0.015614146,0.04463906,0.038365163,0.02510545,0.028101945,0.031880748,0.01574547,0.020299904,0.04495979,0.051106256,0.045664337,0.045206994,0.025466876,0.07487889,0.01687687,0.023627644,0.016045159,0.028444476,0.024208823,0.031904254,2024-04-04 08:45:00
0.031828903,0.04853116,0.034682598,0.02619465,0.023487125,0.022837348,0.026956413,0.020582339,0.023581343,0.03811728,0.033324394,0.02140722,0.023791226,0.038440168,0.0201342,0.023523496,0.036741972,0.040430307,0.04660784,0.044768162,0.023581812,0.02373952,0.02751983,0.027294919,0.014174789,0.025180878,0.027079865,0.03812089,2024-04-04 08:46:00
0.03254709,0.03074362,0.019346755,0.01837998,0.023117704,0.028442962,0.023808697,0.017409327,0.018125342,0.055671666,0.027729804,0.017283225,0.033579104,0.023058377,0.018039139,0.022964356,0.012884836,0.026683632,0.029057281,0.03993497,0.02305125,0.019592552,0.023671623,0.020287978,0.020386048,0.030190684,0.018829398,0.03511397,2024-04-04 08:47:00
0.021641593,0.038389385,0.04434907,0.02446044,0.02158996,0.020051349,0.026160529,0.022110874,0.016886007,0.071262635,0.040164348,0.014050465,0.032627113,0.020927584,0.020162057,0.03229485,0.01776743,0.044664487,0.038059037,0.036758076,0.03567456,0.025336765,0.021589337,0.015091029,0.022249078,0.021806391,0.018731238,0.03455765,2024-04-04 08:48:00
0.020098187,0.04047779,0.028502056,0.0122888675,0.021040106,0.018497044,0.028462652,0.01868272,0.02248638,0.05335995,0.030291498,0.03184383,0.03453962,0.020319033,0.022603238,0.01962865,0.018780526,0.036871966,0.029999178,0.045554373,0.023590231,0.017796338,0.03678777,0.020981465,0.009565891,0.03609078,0.02404438,0.030674947,2024-04-04 08:49:00
0.027343642,0.039200112,0.029606637,0.025598507,0.023537256,0.025607232,0.029381996,0.018084852,0.01206608,0.048632972,0.041067984,0.027177567,0.03375092,0.030105967,0.02086508,0.01819375,0.021756183,0.02827579,0.02924268,0.040670395,0.034780197,0.02599616,0.013719479,0.013436516,0.020415772,0.024426164,0.017816758,0.03580085,2024-04-04 08:50:00
0.020795403,0.038560968,0.031120779,0.018518314,0.023193112,0.027072394,0.027916892,0.018454878,0.014970753,0.1413199,0.03812268,0.015972279,0.046497244,0.02038943,0.020676142,0.02128429,0.022748169,0.019335208,0.0347344,0.036224503,0.023859732,0.013568515,0.014615936,0.025811635,0.0160743,0.02287721,0.01600387,0.03848972,2024-04-04 08:51:00
0.023303885,0.037480984,0.039259583,0.020927887,0.022390386,0.01888672,0.03255303,0.021608615,0.019327754,0.044998676,0.06734798,0.01885,0.05405395,0.051479414,0.017592696,0.017396023,0.029942708,0.035784867,0.02681376,0.04052203,0.027235126,0.037716378,0.020309415,0.024872072,0.016342161,0.020142829,0.016588956,0.037549917,2024-04-04 08:52:00
0.03188604,0.037355017,0.036655124,0.019233877,0.02049044,0.020224707,0.0276284,0.016812287,0.02275328,0.054408345,0.029080227,0.033750013,0.02683843,0.02506403,0.013735838,0.018429214,0.01918847,0.03892292,0.031979464,0.045695562,0.02256313,0.017301667,0.018767454,0.020759279,0.027433254,0.020920526,0.020696154,0.03405429,2024-04-04 08:53:00
0.03224829,0.040547073,0.040783305,0.016247157,0.034593068,0.019980881,0.07456429,0.02328731,0.03603166,0.051516086,0.03260278,0.023717336,0.029314775,0.027985588,0.031432286,0.025148794,0.020359028,0.03998588,0.040143482,0.040360443,0.022270903,0.015418249,0.024115475,0.023488002,0.019902429,0.024306955,0.022946807,0.035728425,2024-04-04 08:54:00
0.022240222,0.02939903,0.03626312,0.01936517,0.018948065,0.020263836,0.028226838,0.017311243,0.02295997,0.04889081,0.029054837,0.024329975,0.024817428,0.025268495,0.024013907,0.028018408,0.020852424,0.039584365,0.03942145,0.045567233,0.023723915,0.017670296,0.018487813,0.04782991,0.02001691,0.02437436,0.013125062,0.03634863,2024-04-04 08:55:00
0.029430695,0.034098715,0.01882986,0.023510017,0.021829553,0.021429101,0.029829245,0.014135384,0.031529635,0.06411124,0.036345795,0.03473519,0.037842635,0.030837644,0.07341369,0.017645884,0.015271371,0.03659213,0.06189293,0.041676126,0.018739512,0.027042937,0.021914717,0.020224346,0.01774845,0.024437426,0.017571766,0.03251483,2024-04-04 08:56:00
0.021704175,0.05868812,0.03616713,0.03669502,0.023302644,0.019185912,0.026916852,0.020582499,0.025183814,0.036701545,0.035720106,0.019082576,0.028878527,0.036192168,0.015562241,0.026530456,0.021639708,0.029100101,0.026150169,0.042830177,0.01932649,0.015733562,0.024563108,0.05432411,0.034890894,0.029394489,0.012885387,0.046830293,2024-04-04 08:57:00
0.027335744,0.03605085,0.022324434,0.042685848,0.024121057,0.017836541,0.029322764,0.025958356,0.017451087,0.062014565,0.054821793,0.025926575,0.039053462,0.026640574,0.037629426,0.022886354,0.027091326,0.024597006,0.03242461,0.03601803,0.021677785,0.011769031,0.020893121,0.020672427,0.026034728,0.02360106,0.015633155,0.03799791,2024-04-04 08:58:00
0.019822529,0.042550392,0.029553456,0.021523407,0.021816328,0.019060137,0.028111838,0.026398974,0.025495378,0.06140617,0.033746988,0.05261125,0.036595054,0.026363617,0.017792808,0.019661445,0.016922968,0.027666403,0.030632507,0.041938085,0.019772366,0.012823764,0.009237524,0.044662375,0.027238563,0.025651088,0.020808036,0.03253111,2024-04-04 08:59:00
0.018866263,0.07665299,0.01841108,0.030195277,0.017518949,0.0211314,0.08593829,0.017337335,0.019544413,0.05378269,0.030633437,0.032009486,0.029275816,0.019638328,0.025233848,0.022091331,0.01574722,0.03871323,0.024784345,0.038141042,0.020081807,0.010842447,0.016890962,0.01871942,0.022906786,0.03184793,0.018495822,0.029505199,2024-04-04 09:00:00
0.026891261,0.040613845,0.03565666,0.023690103,0.029491473,0.020701807,0.039315946,0.028189393,0.02005644,0.049001362,0.023139697,0.014456842,0.035760943,0.025553474,0.01739198,0.014906045,0.03111561,0.02427461,0.034909148,0.045155905,0.034466907,0.0237167,0.025004398,0.026885256,0.014064712,0.025584407,0.013013399,0.03602802,2024-04-04 09:01:00
0.022396795,0.015779374,0.034465913,0.015502205,0.023321107,0.02030709,0.026835319,0.01774463,0.01623769,0.044214223,0.030329213,0.020543631,0.0294579,0.020532431,0.10277081,0.024968993,0.017791428,0.036196344,0.023712482,0.03924149,0.036429703,0.015222714,0.023514505,0.024568465,0.024004146,0.023372464,0.017254604,0.07043908,2024-04-04 09:02:00
0.023574635,0.035043612,0.03265556,0.02742869,0.02172569,0.020272067,0.032936502,0.024205005,0.02129404,0.043554507,0.037012476,0.025567524,0.037304502,0.02570735,0.014658662,0.025152886,0.024121864,0.031622794,0.03987152,0.05064572,0.018817168,0.011065528,0.040035196,0.018018592,0.018930674,0.026214294,0.08703249,0.024194779,2024-04-04 09:03:00
0.025121761,0.029328568,0.024567539,0.025922302,0.031028152,0.01880498,0.030344805,0.017824551,0.019494798,0.054856602,0.028708264,0.016643452,0.03498307,0.02723088,0.024580143,0.08696584,0.016140789,0.027940195,0.025172314,0.035954658,0.02740743,0.011592148,0.026449181,0.020203862,0.02483574,0.018650264,0.016808625,0.024708966,2024-04-04 09:04:00
0.022579646,0.032493092,0.036730655,0.025941305,0.02402545,0.019284554,0.028571615,0.022400975,0.022150667,0.040314347,0.035299405,0.038202293,0.036969982,0.04204709,0.025919726,0.023728432,0.021310166,0.03185604,0.033536643,0.04951809,0.023458721,0.0145670995,0.018176688,0.018551363,0.028601337,0.024611527,0.016432656,0.024227431,2024-04-04 09:05:00
0.024656087,0.036031626,0.045634463,0.025051402,0.030768668,0.02035558,0.1756103,0.016240783,0.023389122,0.041333664,0.030581314,0.020230426,0.037144624,0.03176081,0.014724829,0.016184738,0.052909,0.038382076,0.0290072,0.04491635,0.022303859,0.01927604,0.019089008,0.025611859,0.022816546,0.030217838,0.030697638,0.028096903,2024-04-04 09:06:00
0.026001604,0.039931405,0.03373175,0.044967785,0.025649995,0.077138424,0.024384229,0.018172022,0.020925688,0.053101007,0.029096797,0.025427809,0.029042942,0.034694195,0.015903713,0.019078067,0.015568896,0.034293555,0.032546986,0.040510595,0.027482484,0.027627435,0.026034629,0.014505024,0.022624817,0.02263366,0.01802945,0.019595869,2024-04-04 09:07:00
0.025482828,0.0306364,0.03839654,0.028532686,0.022207255,0.021871576,0.033358566,0.018084755,0.020979365,0.061177827,0.043202467,0.027581483,0.03822618,0.044513557,0.0185992,0.042979438,0.020953998,0.041486688,0.032443464,0.046296973,0.02303865,0.034618802,0.019788368,0.024725098,0.022452274,0.02508339,0.021258932,0.03311694,2024-04-04 09:08:00
0.022265693,0.04514953,0.01870079,0.02807481,0.035647538,0.019972675,0.028289948,0.024761105,0.018605089,0.03558419,0.035266787,0.03297775,0.031009166,0.07272349,0.021307623,0.012849087,0.02507603,0.027982919,0.027228639,0.0356904,0.0248033,0.01306906,0.029220313,0.021230673,0.024244469,0.034363933,0.013076041,0.02384327,2024-04-04 09:09:00
0.02963558,0.034536514,0.042647973,0.057230666,0.03066419,0.021097297,0.027825726,0.018511385,0.017338626,0.055342253,0.0407639,0.028661447,0.040321562,0.04876202,0.028436422,0.030824456,0.019272808,0.026146399,0.030354785,0.044849522,0.02524167,0.01619399,0.026908543,0.018512035,0.01719669,0.028465558,0.017761514,0.032669988,2024-04-04 09:10:00
0.025027959,0.042194914,0.020661255,0.04252847,0.0279001,0.018777054,0.049769524,0.028985055,0.023775617,0.04506719,0.033773273,0.02306974,0.031515352,0.022308068,0.021361483,0.046180747,0.015713848,0.037562054,0.033415545,0.036136173,0.024276633,0.021476662,0.014761309,0.030307984,0.024996763,0.02302853,0.021896554,0.03268971,2024-04-04 09:11:00
0.024137024,0.035672102,0.027489591,0.023665808,0.025058344,0.018993614,0.030226374,0.018012112,0.016303891,0.054921765,0.032776356,0.027492374,0.03686354,0.032859143,0.01666879,0.025890931,0.016911978,0.02705753,0.030348951,0.036032528,0.025889104,0.01656334,0.01173993,0.021858908,0.01711086,0.02290523,0.029710984,0.038425997,2024-04-04 09:12:00
0.024978837,0.041849855,0.033523142,0.034982324,0.02543688,0.013266855,0.02529309,0.02361076,0.023270711,0.05113721,0.04298634,0.021673877,0.028678712,0.040618178,0.018132826,0.019909753,0.010369504,0.037226547,0.034967676,0.044903867,0.0332338,0.01302908,0.049596798,0.016190972,0.023717843,0.022626113,0.022778094,0.040247068,2024-04-04 09:13:00
0.025125068,0.047581345,0.030945258,0.023904795,0.029099034,0.01990341,0.03202834,0.018318063,0.019022109,0.03984826,0.034980338,0.023857795,0.028812116,0.04414247,0.030008163,0.01508919,0.011627431,0.031963404,0.05504336,0.044952404,0.025085114,0.015164702,0.026695045,0.022231918,0.016790971,0.023412993,0.022359967,0.033574503,2024-04-04 09:14:00
0.03289975,0.031676758,0.030244766,0.0263207,0.028538369,0.012747603,0.03137388,0.019662485,0.023961905,0.04961679,0.033820633,0.035535604,0.03319782,0.020102205,0.018539522,0.019010788,0.021737538,0.034621764,0.03282816,0.0771393,0.024770053,0.023522612,0.053965006,0.022401545,0.023067053,0.024958393,0.023878856,0.03169376,2024-04-04 09:15:00
0.03434989,0.03687,0.031803638,0.026045403,0.02212772,0.02226065,0.027218508,0.025102822,0.02263994,0.04897803,0.023899788,0.017499326,0.028541557,0.025941538,0.01884249,0.025606034,0.018137366,0.034566317,0.028317524,0.04510773,0.026600484,0.015894564,0.025311932,0.018729337,0.021966752,0.034344204,0.08647064,0.04067149,2024-04-04 09:16:00
0.011964533,0.033921223,0.03539802,0.022919642,0.025563292,0.019878123,0.02732209,0.022892576,0.024618423,0.04754939,0.032981973,0.031552285,0.04883697,0.021337098,0.015423535,0.027087336,0.028711386,0.025388608,0.042433403,0.045266353,0.025434647,0.014515301,0.02240115,0.02625638,0.025883589,0.023215612,0.02210997,0.03272521,2024-04-04 09:17:00
0.019537421,0.03729031,0.036363088,0.027866935,0.029517813,0.032088988,0.027625881,0.03380736,0.022955617,0.051832452,0.043902658,0.01641428,0.034886207,0.023805438,0.023401579,0.042763475,0.026857901,0.02848359,0.02902794,0.042885777,0.02767162,0.01500338,0.014488544,0.02110895,0.024863819,0.024402546,0.019053996,0.036561225,2024-04-04 09:18:00
0.020476917,0.027899334,0.032565713,0.026115874,0.018398115,0.015569229,0.02780162,0.043805517,0.021558002,0.04624236,0.032760907,0.0275701,0.027046911,0.017168049,0.01596663,0.027830146,0.013838642,0.031711612,0.0414132,0.045150712,0.02435907,0.0146098025,0.022434177,0.01779929,0.017602703,0.023860656,0.019538824,0.023459326,2024-04-04 09:19:00
0.026010387,0.025923403,0.04266334,0.018417697,0.013128242,0.019902756,0.027649349,0.020254554,0.01532588,0.053921457,0.041330095,0.021073932,0.030087603,0.041315403,0.021180011,0.024957912,0.021444796,0.043491308,0.018006574,0.04475506,0.0266837,0.026426202,0.016016262,0.019788211,0.02035887,0.025779618,0.01705275,0.03620893,2024-04-04 09:20:00
0.022114001,0.029847004,0.035341177,0.07958498,0.028968005,0.018397663,0.029297011,0.019003328,0.017234888,0.04251815,0.029152552,0.038602505,0.03920538,0.020466477,0.017558865,0.02601167,0.02463361,0.02599999,0.035626687,0.045334436,0.028047603,0.011159563,0.012921627,0.018222727,0.015018166,0.03409247,0.02107766,0.033404108,2024-04-04 09:21:00
0.024800144,0.04268589,0.029217055,0.021184802,0.019507071,0.0152367735,0.027081218,0.019507267,0.016489558,0.044628814,0.028876772,0.019588126,0.033319414,0.015670657,0.019645102,0.022468744,0.01144105,0.01991035,0.03067942,0.04485017,0.026128588,0.013069865,0.027085254,0.017322654,0.021707676,0.02541579,0.020973124,0.042166077,2024-04-04 09:22:00
0.0577951,0.038535614,0.027383238,0.026146162,0.020669734,0.018950036,0.029378437,0.016575348,0.024549069,0.061570425,0.04732814,0.015098214,0.04194951,0.041501902,0.030632164,0.025285644,0.012296326,0.0147243785,0.030988527,0.044913694,0.025353532,0.015715325,0.011802132,0.020110767,0.029006071,0.026479455,0.024774345,0.02224398,2024-04-04 09:23:00
0.020215895,0.037198786,0.031793848,0.024455622,0.022445958,0.017155258,0.02881717,0.024071965,0.024648426,0.056493003,0.041075125,0.03233858,0.03388493,0.023201363,0.032135468,0.053634692,0.009484036,0.031139696,0.03602966,0.045012925,0.02003924,0.020634802,0.03323038,0.021303765,0.016472658,0.03863779,0.015800495,0.025559284,2024-04-04 09:24:00
0.01829607,0.036349468,0.03652804,0.024518512,0.020259446,0.014800226,0.028038284,0.022697814,0.025475986,0.056317244,0.03938992,0.015900433,0.026369622,0.03321722,0.019618714,0.02174507,0.025270874,0.042269923,0.034632035,0.044835433,0.02532945,0.026567752,0.01804987,0.01480518,0.03382871,0.028241685,0.02138414,0.022582365,2024-04-04 09:25:00
0.019055577,0.037359502,0.017834675,0.027063977,0.025061868,0.020338632,0.0259708,0.024776144,0.009638301,0.06740271,0.034781247,0.035052612,0.0456162,0.045183595,0.014125224,0.03195059,0.0328209,0.03645524,0.023841197,0.03648133,0.02357758,0.014388371,0.028522903,0.020052277,0.027798783,0.022029115,0.015992764,0.032388546,2024-04-04 09:26:00
0.023789309,0.032534316,0.021814965,0.030095324,0.021523263,0.018608186,0.027055861,0.022468919,0.022176808,0.058311433,0.026404299,0.023269014,0.039090015,0.03428546,0.014565768,0.022329781,0.019737313,0.020027462,0.042602945,0.044802755,0.024883512,0.015556048,0.021743929,0.023238633,0.02603111,0.028626958,0.022240568,0.04093322,2024-04-04 09:27:00
0.020813297,0.038330026,0.027242018,0.024474552,0.019337535,0.022022339,0.046935145,0.02457253,0.030030072,0.04437663,0.028867535,0.054861672,0.033289954,0.021582277,0.02052139,0.024248362,0.024489697,0.047777224,0.024570618,0.044869527,0.025797177,0.009761063,0.022197671,0.0847814,0.012177952,0.022119211,0.022703728,0.03428665,2024-04-04 09:28:00
0.018441644,0.038238004,0.022889484,0.0273441,0.01928722,0.020274887,0.034115206,0.037771735,0.020886565,0.04956975,0.02233101,0.023014605,0.031474464,0.035012305,0.046410106,0.021313012,0.020345856,0.03383767,0.022014162,0.036324196,0.03164997,0.016738705,0.041349888,0.014904419,0.018078081,0.027900752,0.023641726,0.036114596,2024-04-04 09:29:00
0.018665923,0.02773257,0.03198245,0.017559614,0.018273104,0.020798411,0.028562374,0.029726326,0.016520048,0.053585336,0.03472357,0.020614723,0.035589643,0.019333879,0.016705746,0.016016684,0.02110663,0.032963645,0.026712388,0.036358036,0.025712756,0.013330604,0.012391572,0.021915363,0.024043895,0.02637248,0.016227538,0.03366887,2024-04-04 09:30:00
0.017299699,0.017055545,0.030496173,0.020306148,0.023660721,0.013528326,0.030817779,0.02300426,0.024636677,0.052905027,0.032943726,0.025865424,0.038935997,0.020975154,0.018186694,0.026029054,0.02292695,0.034702964,0.020611117,0.044976164,0.029993622,0.011726081,0.010726371,0.027168697,0.021265846,0.027491298,0.017848037,0.048050582,2024-04-04 09:31:00
0.019360729,0.033407245,0.030292489,0.022778155,0.023568708,0.02571115,0.028906865,0.015116608,0.026198506,0.06689463,0.027611647,0.032988135,0.04816339,0.023237616,0.03460563,0.015995491,0.026965633,0.040320545,0.032009777,0.05222437,0.026713112,0.020423608,0.029350454,0.029395603,0.026323652,0.020662608,0.024039611,0.035973884,2024-04-04 09:32:00
0.017293824,0.031518005,0.032001738,0.007920813,0.0386928,0.019560145,0.02883107,0.03362546,0.018077426,0.058906935,0.034966305,0.026502494,0.028400367,0.02963552,0.031553555,0.017838547,0.026217049,0.037266277,0.040994763,0.046768248,0.02488516,0.012238859,0.020907037,0.017188912,0.01756088,0.031237604,0.017808245,0.04048641,2024-04-04 09:33:00
0.072937645,0.025655398,0.027829153,0.026048664,0.029740846,0.019072793,0.028444814,0.021233128,0.018762276,0.042208944,0.037113898,0.015982004,0.04038218,0.024007011,0.018198231,0.024868635,0.019850478,0.039797563,0.032756146,0.036841176,0.023453696,0.021601282,0.025271308,0.019753989,0.019855103,0.0229268,0.03484035,0.03731164,2024-04-04 09:34:00
0.05263621,0.03046063,0.033203997,0.018215578,0.024042808,0.014613463,0.028791832,0.019520255,0.01668477,0.03352691,0.03604595,0.019155022,0.041182876,0.060374163,0.025794754,0.019032676,0.019429212,0.044208508,0.029786672,0.041263055,0.032259084,0.032875367,0.021205992,0.018605204,0.027701514,0.027626202,0.018310588,0.034472115,2024-04-04 09:35:00
0.021277452,0.029653994,0.034620218,0.023455855,0.017272076,0.014259581,0.027108775,0.02288713,0.024585899,0.06170067,0.049713336,0.019581737,0.029970815,0.029353635,0.020345893,0.023688873,0.02039897,0.038940843,0.027810633,0.04485811,0.023475459,0.019410616,0.043545645,0.02261814,0.017185457,0.02643886,0.028798709,0.03381635,2024-04-04 09:36:00
0.033198312,0.015562218,0.030285126,0.013419685,0.023929693,0.014441179,0.035809707,0.02251636,0.013686101,0.058377117,0.02554268,0.021084428,0.024415381,0.02343394,0.016740194,0.029179279,0.013185274,0.040167373,0.0440725,0.04559668,0.028305285,0.01965462,0.017285097,0.01870905,0.022265455,0.023820894,0.021804255,0.03128107,2024-04-04 09:37:00
0.022462454,0.040394157,0.032311395,0.02716509,0.025658777,0.020133534,0.026588082,0.028737705,0.025400905,0.03631399,0.03036992,0.034118745,0.02383651,0.01537897,0.014042105,0.01942662,0.018910935,0.033640906,0.04189937,0.04492852,0.028316628,0.01323351,0.024965204,0.037790835,0.025115505,0.024624644,0.020761563,0.036358994,2024-04-04 09:38:00
0.01949938,0.028088655,0.03615033,0.044851966,0.021159677,0.021265186,0.034290254,0.02268731,0.02723777,0.041008215,0.03548528,0.018543027,0.03323925,0.02079462,0.02676231,0.022665666,0.012124125,0.03712706,0.038708065,0.044761244,0.025210062,0.033722367,0.03086324,0.02254239,0.012431889,0.026214449,0.028888177,0.04077995,2024-04-04 09:39:00
0.021862153,0.03231653,0.029941717,0.020889156,0.021556327,0.023338675,0.028470999,0.020824395,0.020349378,0.04689065,0.027212653,0.019059794,0.030409116,0.07699043,0.01647214,0.021370344,0.020880168,0.031175513,0.028668907,0.038866237,0.026688205,0.02233541,0.02219455,0.022625731,0.020426571,0.052954458,0.025376031,0.035858553,2024-04-04 09:40:00
0.027985517,0.031310093,0.035902496,0.0076647345,0.024786575,0.01551701,0.029034238,0.015500008,0.013582995,0.056565322,0.035328686,0.01845433,0.033885587,0.035678104,0.04748045,0.027363356,0.017001312,0.03358492,0.029521327,0.036468588,0.028157683,0.0121717155,0.02857537,0.022411339,0.015953109,0.021507561,0.024385108,0.043129608,2024-04-04 09:41:00
0.025907492,0.03781022,0.05737038,0.008624791,0.020881418,0.016099295,0.030707277,0.016320668,0.02250487,0.047429815,0.02404496,0.034978915,0.0352827,0.035752412,0.031840537,0.01997281,0.014013361,0.042590376,0.026939526,0.04494461,0.027433574,0.022644479,0.021138359,0.01998462,0.017200492,0.027000122,0.020342248,0.037221313,2024-04-04 09:42:00
0.027642269,0.020687765,0.035324007,0.018571915,0.021671975,0.017347094,0.027185284,0.029112741,0.02111654,0.04508676,0.03681374,0.019279364,0.033402495,0.028115634,0.015277509,0.025557207,0.0127146095,0.036981676,0.0420323,0.11068262,0.02503196,0.023113674,0.022417838,0.034326486,0.026262915,0.026378445,0.024424568,0.033569384,2024-04-04 09:43:00
0.027164428,0.030206675,0.039168246,0.027228812,0.02559143,0.014518926,0.02717148,0.019490533,0.017792346,0.053418677,0.026614556,0.024202874,0.03388308,0.037989594,0.03217736,0.026610127,0.016451601,0.026594613,0.032447755,0.040374532,0.018637631,0.01648894,0.017536657,0.050569147,0.016391283,0.028357524,0.024852755,0.03373278,2024-04-04 09:44:00
0.027285062,0.03870257,0.036241524,0.16057363,0.023059439,0.01602892,0.03530369,0.028044323,0.021313686,0.048740286,0.046046883,0.02871743,0.030403903,0.029741243,0.017438147,0.022789607,0.03336539,0.03614853,0.031939916,0.037264537,0.026501158,0.017073678,0.032664873,0.032538757,0.025789598,0.025030637,0.023286521,0.028095754,2024-04-04 09:45:00
0.0214744,0.037186492,0.03152049,0.020957045,0.019866826,0.07113415,0.022752246,0.020841183,0.016014973,0.05882901,0.030443028,0.018616417,0.031092143,0.02707119,0.021288816,0.018902149,0.012579874,0.043949146,0.027988173,0.045132484,0.027245916,0.024643313,0.017015403,0.011614036,0.017341582,0.023373429,0.018204734,0.022872869,2024-04-04 09:46:00
0.024503533,0.03336017,0.03027557,0.016163768,0.02668202,0.021872355,0.027474348,0.019347819,0.009650391,0.107279725,0.039098967,0.013699604,0.028859617,0.028806522,0.02617044,0.02735225,0.023841672,0.03063144,0.029889513,0.036466397,0.025150113,0.023694053,0.03544038,0.016805617,0.008411324,0.039476093,0.020388324,0.027540421,2024-04-04 09:47:00
0.026701476,0.034040075,0.02029859,0.04135595,0.019269966,0.014391494,0.027372072,0.019451914,0.02690908,0.045058753,0.03956499,0.03570968,0.027007319,0.029358916,0.015145191,0.023802545,0.0123973135,0.035366043,0.040024254,0.044899475,0.02833994,0.03579846,0.029441921,0.014100861,0.021311583,0.0229263,0.02349334,0.032032825,2024-04-04 09:48:00
0.02788356,0.021986328,0.0391352,0.0322416,0.025581742,0.03232412,0.02668546,0.02001938,0.015355794,0.056214962,0.02365744,0.016618289,0.026989441,0.028762482,0.013322292,0.014567873,0.019173412,0.032618895,0.033895254,0.039767314,0.026257794,0.033296395,0.028287731,0.024949115,0.018646097,0.020263122,0.01859342,0.029001817,2024-04-04 09:49:00
0.0369151,0.037805017,0.030188464,0.049330197,0.031574626,0.009393683,0.030325653,0.026153369,0.031171909,0.052756175,0.03885703,0.05304167,0.036795292,0.02758756,0.018231446,0.017168354,0.028242785,0.03165733,0.038143042,0.06301847,0.020582097,0.017931405,0.020389868,0.020155337,0.020741692,0.11209588,0.030932173,0.03578361,2024-04-04 09:50:00
0.0279093,0.046987146,0.046051707,0.03165776,0.025410205,0.014089809,0.031380977,0.025396418,0.012134196,0.051929697,0.03875452,0.04792515,0.022276955,0.045374595,0.022475561,0.019812815,0.023730801,0.039327327,0.040326633,0.04481951,0.028210143,0.032390665,0.017073048,0.022436772,0.028672231,0.03176558,0.023370232,0.040678013,2024-04-04 09:51:00
0.027139107,0.0312534,0.020088697,0.026722463,0.022394283,0.029494623,0.026342645,0.020502245,0.011108486,0.044126514,0.02707465,0.03136474,0.031567995,0.02329275,0.015490721,0.022899892,0.01713741,0.033221196,0.030282862,0.036119897,0.026725585,0.020964304,0.017596884,0.0368369,0.013521348,0.021510504,0.015538399,0.037211288,2024-04-04 09:52:00
0.03144556,0.03429432,0.027900288,0.13640259,0.040215563,0.018715646,0.026944092,0.023405103,0.017197674,0.033201773,0.028936772,0.020110197,0.03457527,0.044829153,0.03573458,0.025385126,0.015703313,0.028745553,0.046219077,0.04492868,0.029952537,0.024171865,0.019559667,0.016772347,0.02324083,0.046244837,0.024153795,0.03212274,2024-04-04 09:53:00
0.026191514,0.035872027,0.02147414,0.024144385,0.020184597,0.021692032,0.02481479,0.027837068,0.019305246,0.05296462,0.04379121,0.028712338,0.028683506,0.049187765,0.022719959,0.019180672,0.015978076,0.030917801,0.028087782,0.039287407,0.029500425,0.017376026,0.024893072,0.026806962,0.035399057,0.024147244,0.021469826,0.03470506,2024-04-04 09:54:00
0.02850521,0.029998483,0.034395218,0.017663024,0.021717997,0.01947999,0.028583921,0.021348774,0.02266659,0.0625352,0.035142258,0.041580576,0.035691384,0.030748546,0.021880796,0.024445612,0.01739546,0.030200917,0.036316436,0.045009486,0.025904486,0.014566499,0.025508722,0.018042339,0.022223106,0.026079135,0.018667206,0.036875434,2024-04-04 09:55:00
0.055677325,0.02395441,0.026550926,0.020926055,0.022222126,0.018297983,0.11601266,0.012663115,0.017779093,0.043681484,0.024123434,0.032579735,0.043501936,0.042726833,0.03919959,0.0218608,0.018863374,0.0391008,0.033670574,0.039410412,0.02391359,0.021781234,0.014317196,0.024979016,0.014036085,0.0139915645,0.019066907,0.04265939,2024-04-04 09:56:00
0.024709117,0.016101612,0.019216245,0.010438753,0.02699142,0.020412104,0.030132664,0.020017711,0.017484268,0.056684043,0.030131647,0.043655545,0.05826033,0.042581744,0.020590689,0.02569575,0.017130047,0.03121072,0.030772088,0.045116406,0.025594337,0.010072851,0.020231925,0.017275386,0.015023737,0.023338538,0.021142403,0.032124378,2024-04-04 09:57:00
0.032719802,0.04317807,0.035345364,0.02442398,0.02289642,0.021324296,0.028584603,0.0163094,0.022507656,0.048897598,0.02930276,0.025330795,0.027417814,0.049847167,0.019112965,0.017132169,0.023352807,0.045713328,0.03957277,0.045169648,0.027138991,0.028668154,0.025245698,0.049889006,0.023797067,0.025484812,0.022932604,0.031621505,2024-04-04 09:58:00
0.02794485,0.029605903,0.039779335,0.023743672,0.023338554,0.020416433,0.026721982,0.016240947,0.014164795,0.04766651,0.021355322,0.024361074,0.03010293,0.046367276,0.016613374,0.02932323,0.032917403,0.040598128,0.02958298,0.04484075,0.029136255,0.01037808,0.026947428,0.019217428,0.0113869235,0.03260189,0.027957972,0.019614065,2024-04-04 09:59:00
0.022460952,0.026095936,0.029588738,0.021387063,0.027707161,0.015589332,0.031244222,0.022063067,0.015210194,0.051449824,0.025477747,0.02427717,0.029578058,0.06995821,0.01786659,0.020824898,0.024570374,0.036009535,0.029188417,0.041507725,0.026635267,0.02571315,0.017253831,0.017740054,0.031145224,0.035359967,0.015021593,0.043958098,2024-04-04 10:00:00
0.023826083,0.041601397,0.03352143,0.02097956,0.031040406,0.067963645,0.029879456,0.019921876,0.020201843,0.05626706,0.03401429,0.051181223,0.03810416,0.030964546,0.018254066,0.029121384,0.027635546,0.023427362,0.041014932,0.04444926,0.026004706,0.02647495,0.02367984,0.021672219,0.009191622,0.025604112,0.019476987,0.03904084,2024-04-04 10:01:00
0.025210505,0.02331252,0.02642699,0.039593194,0.020438036,0.021521285,0.028408756,0.035816494,0.02512461,0.048232377,0.028152768,0.023335807,0.033950686,0.045403685,0.02101349,0.018546637,0.024322638,0.027577054,0.025203746,0.04681904,0.024859836,0.015408274,0.025914479,0.017340625,0.02006496,0.02228264,0.01579146,0.033965845,2024-04-04 10:02:00
0.026908722,0.024752904,0.030578347,0.035547055,0.02574074,0.018215364,0.037629224,0.017137023,0.020693159,0.048617855,0.033036448,0.031361844,0.030029668,0.03764765,0.01793777,0.059543304,0.02068708,0.035701927,0.01990882,0.03586468,0.0117248,0.022711262,0.0030870999,0.023412092,0.023089884,0.026910134,0.017334906,0.039311137,2024-04-04 10:03:00
0.028158823,0.12635982,0.027424283,0.024112554,0.027695691,0.01664628,0.15521556,0.020841302,0.038655635,0.03158276,0.039188135,0.024052529,0.03335504,0.02720055,0.022500975,0.03196282,0.018303286,0.037391406,0.029117428,0.03706132,0.025150819,0.014795346,0.015114673,0.024132684,0.020417146,0.02558795,0.09953458,0.036675084,2024-04-04 10:04:00
0.029214969,0.017342554,0.01141843,0.021555139,0.03829357,0.017353438,0.030761117,0.01929134,0.055929843,0.047888327,0.031657215,0.0258565,0.029774258,0.031085858,0.017650206,0.018589785,0.014974721,0.019460002,0.027359094,0.03658828,0.024655715,0.018504305,0.020664504,0.024540385,0.0135491295,0.029357236,0.099058576,0.03270355,2024-04-04 10:05:00
0.03034501,0.03717242,0.023270125,0.024452576,0.03950249,0.015726587,0.12324676,0.021650877,0.01372358,0.05411993,0.026187558,0.025463607,0.035170563,0.037538983,0.020874185,0.030024333,0.01680593,0.03849588,0.021662978,0.043863952,0.028586337,0.025726832,0.016079003,0.016606301,0.01282774,0.038227793,0.024667598,0.03540317,2024-04-04 10:06:00
0.024498006,0.039814513,0.0345829,0.036889922,0.031716865,0.018839194,0.0286704,0.026257386,0.026626969,0.055730153,0.03858922,0.015086713,0.039297942,0.02828616,0.023117017,0.017851029,0.025268245,0.029729458,0.034546122,0.03638928,0.023811243,0.014394248,0.023749104,0.01785633,0.014809415,0.01919035,0.018689074,0.036120832,2024-04-04 10:07:00
0.026990768,0.025220664,0.031259377,0.027320383,0.024249319,0.016540857,0.028108321,0.013125582,0.017957738,0.04328798,0.026482036,0.011165336,0.05701647,0.04266442,0.025148097,0.017599454,0.018452901,0.031614278,0.0149327535,0.05326028,0.031770885,0.021776263,0.023665998,0.022068756,0.020521764,0.023386102,0.02186754,0.037094146,2024-04-04 10:08:00
0.026816595,0.038181446,0.020326698,0.014886433,0.01985938,0.019747531,0.028481217,0.02154361,0.030486653,0.054699194,0.040784974,0.01919913,0.04945161,0.033445023,0.019905778,0.015135375,0.017487979,0.022942295,0.03339602,0.038796477,0.029681059,0.01716237,0.017912818,0.014890585,0.0357991,0.021006988,0.023754088,0.038047776,2024-04-04 10:09:00
0.026434388,0.031715907,0.03084331,0.027923634,0.038121983,0.01755383,0.035915982,0.021689339,0.031470552,0.050590634,0.020535756,0.04211363,0.027610006,0.032664493,0.024135085,0.047808032,0.02418274,0.022587778,0.03275722,0.05556872,0.03312377,0.02237756,0.018243719,0.024983374,0.031935256,0.03523446,0.02514654,0.03210569,2024-04-04 10:10:00
0.027744329,0.025809228,0.031113714,0.038413852,0.027430374,0.016323993,0.027342003,0.022069132,0.028932324,0.047512118,0.0412205,0.032960758,0.024844915,0.038205974,0.023017768,0.020679967,0.018195791,0.03338138,0.03648916,0.035830744,0.023139123,0.02017986,0.024014782,0.03186786,0.013802471,0.024433501,0.020337194,0.03461819,2024-04-04 10:11:00
0.027060881,0.07000478,0.042586625,0.028807122,0.035072904,0.017640669,0.030049263,0.021450851,0.0251813,0.043064117,0.030428628,0.028077746,0.031061118,0.036518186,0.017390342,0.027284242,0.024230484,0.032598153,0.02652405,0.036732927,0.026024545,0.01879727,0.021217726,0.01493775,0.026454335,0.027718842,0.020960664,0.03836233,2024-04-04 10:12:00
0.028817397,0.03717345,0.021152575,0.02374381,0.024905022,0.023556698,0.09318076,0.029764645,0.023621123,0.03402868,0.037749503,0.040359877,0.03897849,0.03192806,0.01406013,0.025332121,0.027713148,0.035040144,0.02270615,0.04045707,0.025116544,0.014366546,0.022866352,0.018234516,0.019528551,0.024334291,0.018054804,0.038042936,2024-04-04 10:13:00
0.026251096,0.13159668,0.029371137,0.025880178,0.015125257,0.030394478,0.028637843,0.018154347,0.015313237,0.05539452,0.03415467,0.02314284,0.02823004,0.04970122,0.02091498,0.02378483,0.019388711,0.029983183,0.028434105,0.041557293,0.023523018,0.026541097,0.026917454,0.020682447,0.021528762,0.0210242,0.022459365,0.03769132,2024-04-04 10:14:00
0.055993404,0.11902669,0.032697722,0.01586551,0.020250585,0.06567717,0.029776243,0.024737256,0.015409733,0.05085719,0.07761727,0.025088103,0.03169481,0.019785376,0.016851125,0.025632955,0.0109832855,0.041535083,0.029859306,0.045152158,0.027646082,0.0153507115,0.022317847,0.018106315,0.018697316,0.019255912,0.019828489,0.04290232,2024-04-04 10:15:00
0.025793545,0.035559654,0.03009333,0.022021586,0.03175199,0.021820039,0.12525012,0.02497927,0.020198695,0.060081374,0.03759872,0.02659069,0.032803964,0.018021734,0.013474789,0.05981106,0.025188642,0.02502285,0.024386676,0.04491052,0.024759848,0.018850219,0.02723184,0.044030197,0.01539033,0.026349457,0.020268824,0.03538872,2024-04-04 10:16:00
0.020421522,0.03974069,0.031221623,0.013463794,0.018338893,0.017425012,0.02521502,0.020560987,0.021899765,0.049870696,0.041434176,0.027618233,0.03158897,0.024820445,0.05130292,0.027224313,0.039127547,0.03816085,0.033654906,0.04494283,0.02449754,0.017425518,0.01269047,0.028490754,0.025991043,0.031437084,0.020753114,0.037301525,2024-04-04 10:17:00
0.026281865,0.03663181,0.029351816,0.015615709,0.017873984,0.020496406,0.035194773,0.022191688,0.028933866,0.04215807,0.03882903,0.013980909,0.030013109,0.017279012,0.015005354,0.023993574,0.016441112,0.036481462,0.0469297,0.045830835,0.026347116,0.019368842,0.023587216,0.018158056,0.019508332,0.040618002,0.01998194,0.04151416,2024-04-04 10:18:00
0.02673959,0.017864628,0.041306544,0.024034647,0.015218605,0.014828536,0.027161624,0.022035072,0.014604743,0.049307026,0.038808875,0.048469394,0.031372957,0.015428257,0.020971831,0.08640514,0.020154225,0.04363017,0.038838066,0.03575183,0.023557507,0.026292581,0.015110519,0.018218676,0.014086606,0.026764821,0.024664378,0.033403177,2024-04-04 10:19:00
0.022184756,0.030878088,0.032160804,0.021771569,0.021857096,0.023113238,0.029354688,0.013481983,0.015076198,0.060073398,0.044146802,0.02891466,0.032255773,0.018760316,0.015529708,0.02528385,0.022540724,0.02812369,0.023196625,0.044833645,0.028892165,0.014188192,0.02079424,0.024921186,0.012280979,0.027188849,0.01884406,0.033742815,2024-04-04 10:20:00
0.02347322,0.03675131,0.03160175,0.021018682,0.023242818,0.023135547,0.026337946,0.016321823,0.025165088,0.054582916,0.04115253,0.010373715,0.03481425,0.020104852,0.04370479,0.018321285,0.013188192,0.032133892,0.034976337,0.05072741,0.025679227,0.01880451,0.017804565,0.9317596,0.016786244,0.023482399,0.021330172,0.034967445,2024-04-04 10:21:00
0.020248212,0.042032626,0.027664004,0.02748816,0.026134567,0.016048389,0.025979476,0.020439524,0.01992523,0.061188515,0.04175287,0.016514098,0.040445108,0.028367328,0.016584853,0.028288964,0.019170871,0.023789866,0.040236242,0.040102098,0.02581193,0.027344933,0.021913866,0.02470716,0.020649152,0.02074954,0.016793918,0.03862238,2024-04-04 10:22:00
0.03337036,0.037794553,0.021814248,0.026638415,0.026859343,0.02011643,0.0285285,0.021052528,0.015502647,0.06340966,0.03059288,0.008410761,0.026790809,0.026509522,0.015746273,0.022252914,0.021077199,0.03233203,0.021109803,0.03595242,0.024840748,0.017096454,0.022643024,0.02150925,0.016186222,0.026660753,0.01810338,0.03799686,2024-04-04 10:23:00
0.022383507,0.022599705,0.035752613,0.030148486,0.03187826,0.014449211,0.02250412,0.019762386,0.021583885,0.10046972,0.03482465,0.026239876,0.02840454,0.026364168,0.02564281,0.017156271,0.02135288,0.032642923,0.028645648,0.036946803,0.02308352,0.018761221,0.015164517,0.024245454,0.014906538,0.025348421,0.04342397,0.02944306,2024-04-04 10:24:00
0.025218906,0.032391947,0.027375648,0.019322697,0.029377513,0.018587487,0.028655339,0.026956618,0.01602054,0.047008164,0.03972462,0.02645688,0.031053012,0.010826519,0.037825424,0.029935567,0.017473543,0.02140034,0.028952036,0.035693944,0.028572252,0.01472404,0.020234883,0.0209744,0.014904319,0.026082082,0.018922366,0.036711194,2024-04-04 10:25:00
0.026538746,0.036053624,0.025946757,0.017531747,0.03525525,0.021411847,0.027833275,0.11580991,0.02497491,0.04022678,0.036870256,0.009761276,0.040670633,0.0360514,0.013561346,0.025867915,0.018543735,0.0246291,0.028062588,0.04519408,0.023801673,0.014039526,0.011626701,0.03149205,0.034040626,0.022758577,0.019439861,0.038958102,2024-04-04 10:26:00
0.026462814,0.03390658,0.017521985,0.030314405,0.025835002,0.021308292,0.03162132,0.018608093,0.013814325,0.05543076,0.027571606,0.0698007,0.03606399,0.017218346,0.016769243,0.020482965,0.019860502,0.023400608,0.018831579,0.045141194,0.0309633,0.015383219,0.026647724,0.6680452,0.026412198,0.025732635,0.021039853,0.040867094,2024-04-04 10:27:00
0.027789896,0.038806558,0.040880606,0.01973979,0.014068746,0.021854283,0.02393977,0.027667634,0.019633522,0.051919065,0.04746784,0.032268748,0.03367845,0.017880006,0.0176381,0.015411334,0.014107333,0.037413955,0.058991835,0.0362145,0.023120003,0.017125122,0.033646837,0.010780202,0.025413796,0.022678608,0.021028064,0.029856807,2024-04-04 10:28:00
0.020116057,0.026598988,0.03173029,0.02004325,0.021228524,0.020262918,0.02912385,0.02402714,0.023476798,0.04592997,0.03622576,0.01429902,0.027892398,0.018698733,0.024872495,0.02225326,0.0120542245,0.037817787,0.035465002,0.036280815,0.022612587,0.019322408,0.015910579,0.02073076,0.023426775,0.023392698,0.019218108,0.034972817,2024-04-04 10:29:00
0.025494207,0.031833198,0.032968123,0.016531037,0.023216715,0.019063877,0.030484471,0.020620909,0.016892515,0.06924445,0.03757992,0.022150513,0.031231038,0.026830781,0.018134067,0.02889229,0.01590327,0.032431778,0.029408744,0.044987738,0.024765052,0.017190855,0.017565735,0.021171339,0.014752086,0.02451003,0.025162444,0.036740195,2024-04-04 10:30:00
0.027918566,0.038234305,0.029791012,0.026016155,0.039920386,0.02146115,0.026844049,0.02444577,0.012816032,0.04133353,0.037924323,0.018150797,0.037009552,0.023265494,0.016639797,0.015375908,0.027691003,0.039888076,0.031755086,0.06678002,0.03302726,0.024730993,0.020626053,0.018652853,0.021233823,0.027647234,0.027075334,0.036351457,2024-04-04 10:31:00
0.029671978,0.03110314,0.030538205,0.022685347,0.019931186,0.017489264,0.030265769,0.02856523,0.023745785,0.056337725,0.044741597,0.013961424,0.033250988,0.023268769,0.02085166,0.034153167,0.019937472,0.029157966,0.022616034,0.11068262,0.029342122,0.011881926,0.017274605,0.02235271,0.031287443,0.022073025,0.018767677,0.036582924,2024-04-04 10:32:00
0.032968964,0.04788088,0.033480454,0.019337298,0.024559455,0.028105522,0.028221078,0.024653867,0.010513369,0.04329292,0.02399373,0.04070369,0.03532497,0.020510845,0.029545711,0.02269213,0.017298656,0.032622248,0.022768022,0.041295853,0.023872362,0.019211136,0.012475186,0.018946156,0.011698061,0.031307958,0.025130343,0.040639594,2024-04-04 10:33:00
0.024368878,0.029035281,0.03359189,0.049133338,0.04145331,0.015195084,0.026815506,0.021759158,0.020413844,0.047668733,0.04243668,0.014758627,0.024583703,0.03477141,0.058203436,0.027629402,0.026663374,0.032177143,0.025934417,0.042903606,0.032792594,0.021608265,0.025608173,0.019297631,0.019109936,0.033209685,0.021829128,0.032788906,2024-04-04 10:34:00
0.02425962,0.036615107,0.019472253,0.017629521,0.026494838,0.019174725,0.02848097,0.022856835,0.019201761,0.044951774,0.027988171,0.031201541,0.031221159,0.02151252,0.021397773,0.021951132,0.024527397,0.033395294,0.034077786,0.036595825,0.026645638,0.023715992,0.020771032,0.024369141,0.01789641,0.026182754,0.023248874,0.029622838,2024-04-04 10:35:00
0.08411287,0.021498138,0.026316607,0.008311499,0.022311857,0.013710917,0.029242676,0.016028559,0.020974098,0.0429551,0.030512078,0.03401668,0.05769581,0.013962972,0.014362853,0.022190187,0.0138407685,0.026122883,0.012422252,0.05527252,0.02683274,0.07965062,0.011678741,0.041533574,0.016242558,0.0256597,0.014159553,0.032636233,2024-04-04 10:36:00
0.02385187,0.017878594,0.032839168,0.14679265,0.019805195,0.016603434,0.03191266,0.013357307,0.018366663,0.044756766,0.028629327,0.03559633,0.02778537,0.021305459,0.018183684,0.025134362,0.02013547,0.041190613,0.025574926,0.041837797,0.028905138,0.02378858,0.030552562,0.02086152,0.023850575,0.024286529,0.012642221,0.030682707,2024-04-04 10:37:00
0.033018112,0.0367388,0.026175894,0.024698567,0.022663165,0.008710425,0.026870025,0.020316826,0.019822808,0.042940795,0.044867624,0.050775345,0.03493709,0.036224656,0.021612413,0.13771453,0.027244266,0.03881957,0.02660948,0.0629169,0.026786681,0.024781866,0.0111532295,0.022964006,0.008614622,0.028846368,0.019162267,0.03865826,2024-04-04 10:38:00
0.026492534,0.038682956,0.018583015,0.03508327,0.025584457,0.019738195,0.030219203,0.03344459,0.009953437,0.057137832,0.038686056,0.023148792,0.031871483,0.02741446,0.026276045,0.016558565,0.017114893,0.02651135,0.0301355,0.044873778,0.024989903,0.013244988,0.029105375,0.021174151,0.021320272,0.029533068,0.022879317,0.041505232,2024-04-04 10:39:00
0.033251014,0.033648364,0.026541425,0.025330363,0.019989612,0.015545923,0.03126067,0.028410392,0.026986675,0.040716857,0.024918877,0.012557031,0.037281793,0.015170189,0.022534043,0.02754527,0.012667759,0.03574659,0.030237092,0.045151785,0.025062585,0.010003374,0.024922496,0.022406686,0.02364311,0.032663725,0.023720725,0.035125528,2024-04-04 10:40:00
0.030284205,0.031130366,0.046797495,0.012051814,0.023529572,0.01822499,0.029630585,0.0139781255,0.025184143,0.06090514,0.022963924,0.013803614,0.04788258,0.11369811,0.014800435,0.024100194,0.029023979,0.03116715,0.037356645,0.04495438,0.027020719,0.0404668,0.017799597,0.021613056,0.020329088,0.034774814,0.02789652,0.03318127,2024-04-04 10:41:00
0.031908773,0.044555098,0.03448326,0.023653746,0.0860718,0.022277882,0.14289011,0.031428356,0.022550128,0.060932416,0.024074255,0.022376494,0.03786354,0.033185203,0.021168932,0.026561655,0.011740289,0.034529477,0.039016712,0.045201678,0.016620701,0.009056677,0.026177114,0.022099536,0.014253315,0.02737994,0.02082903,0.037145335,2024-04-04 10:42:00
0.03236031,0.04441302,0.10963209,0.014634538,0.021673655,0.017023386,0.028868439,0.01928229,0.017048592,0.05899421,0.04060605,0.017216258,0.03204944,0.032925725,0.01996117,0.0329937,0.01972541,0.028525328,0.03527176,0.044835772,0.024063148,0.014818496,0.012467121,0.01904741,0.02051599,0.02920667,0.020445677,0.035199657,2024-04-04 10:43:00
0.022453304,0.040531684,0.039186668,0.024723414,0.024995515,0.019924793,0.029314432,0.022838153,0.015306686,0.054293655,0.046714105,0.014856835,0.036920756,0.06811949,0.030582946,0.019954119,0.019945307,0.039648894,0.037177887,0.036013834,0.020675123,0.018186625,0.021182138,0.016322669,0.017542584,0.021124234,0.029913919,0.037408095,2024-04-04 10:44:00
0.03017472,0.06924052,0.032334607,0.0251628,0.020356687,0.022232946,0.03121825,0.013357476,0.01946196,0.0427722,0.038146,0.034905385,0.027500635,0.030025272,0.032266743,0.023003291,0.026106544,0.030932495,0.026869902,0.039912943,0.022268176,0.12954831,0.014858437,0.02245776,0.016390491,0.021275258,0.019995293,0.04263237,2024-04-04 10:45:00
0.029646749,0.040521476,0.045164123,0.021771256,0.022762686,0.03626361,0.029017992,0.02405021,0.016938694,0.044812113,0.023753287,0.021776851,0.032515608,0.032131903,0.023748953,0.0124194715,0.018606292,0.04587201,0.03052166,0.036518104,0.029952047,0.022972425,0.023366405,0.02226059,0.024586901,0.022524986,0.02593013,0.04381034,2024-04-04 10:46:00
0.024826469,0.031723354,0.03333208,0.028752191,0.02261286,0.020306278,0.029990422,0.023495715,0.022788642,0.03982419,0.042964134,0.030959629,0.029611178,0.026236573,0.046126213,0.031096589,0.018305691,0.024534883,0.029852837,0.036444627,0.028320247,0.018493377,0.014240077,0.021848481,0.008795232,0.036766946,0.02301713,0.03231667,2024-04-04 10:47:00
0.032713335,0.03595931,0.04221957,0.2035402,0.025670415,0.0267378,0.029012755,0.020701887,0.01316712,0.037737932,0.036190722,0.019107135,0.047452524,0.029854424,0.016564012,0.017791804,0.012425216,0.030291917,0.03635915,0.04307814,0.027504934,0.016671961,0.025240947,0.019430144,0.015779264,0.028793145,0.027011821,0.03756634,2024-04-04 10:48:00
0.024322538,0.03685573,0.032575186,0.028151415,0.020831183,0.015744437,0.051661786,0.023196902,0.013827323,0.05981697,0.053233664,0.035509787,0.03133819,0.04607767,0.020698937,0.029185297,0.050135612,0.032623533,0.032395836,0.08335657,0.025356907,0.03159563,0.022793442,0.056641027,0.022312056,0.026786944,0.02186916,0.031671803,2024-04-04 10:49:00
0.030354854,0.024564581,0.020669203,0.03433087,0.027877364,0.017396081,0.029116396,0.021395072,0.014753446,0.05162346,0.04521898,0.01439959,0.051194217,0.037846122,0.019990133,0.023494506,0.02112859,0.03267839,0.033445273,0.035701312,0.023261378,0.02118784,0.021585112,0.022947932,0.01733788,0.022823643,0.020996187,0.044075523,2024-04-04 10:50:00
0.031954903,0.014007527,0.043978173,0.025664156,0.025032053,0.015117119,0.030244987,0.020630779,0.021180285,0.06869357,0.028734215,0.037164573,0.03186957,0.016719319,0.031070782,0.01762998,0.018891985,0.036461964,0.03672666,0.04514697,0.024589362,0.038052365,0.045590598,0.025018051,0.029042128,0.022338562,0.019387469,0.03901928,2024-04-04 10:51:00
0.01992685,0.03929293,0.034367427,0.046497278,0.02890149,0.018546525,0.042272747,0.03416141,0.020957775,0.055608056,0.04773828,0.03781335,0.0448627,0.024197526,0.01718853,0.015381364,0.023939393,0.04094105,0.03699944,0.03671321,0.022450695,0.011320476,0.0127599,0.025742155,0.019387728,0.024962405,0.022405861,0.044133067,2024-04-04 10:52:00
0.03287216,0.03088495,0.037336066,0.037324574,0.028182257,0.015696915,0.028059762,0.0236279,0.019102123,0.03843064,0.038204435,0.030558605,0.042913467,0.018917575,0.013550084,0.019739887,0.024237605,0.036747,0.034063857,0.036568496,0.024498994,0.013868762,0.01869123,0.047148284,0.018081767,0.02532051,0.018920345,0.014388199,2024-04-04 10:53:00
0.023137053,0.03300268,0.03876605,0.019838097,0.01965897,0.018734226,0.030656332,0.022663234,0.02405031,0.048702724,0.037268784,0.014040135,0.033031918,0.025716782,0.022698717,0.014608547,0.01621894,0.034766786,0.029612025,0.036207665,0.02694,0.014538263,0.021754494,0.01802593,0.030804811,0.035102855,0.021121714,0.03462661,2024-04-04 10:54:00
0.022075105,0.040954415,0.031657413,0.028316982,0.025449108,0.015749572,0.031427123,0.024281543,0.01895909,0.046473645,0.035990715,0.023707697,0.0407982,0.020722717,0.055105664,0.022162111,0.012876961,0.041526508,0.045250844,0.04515016,0.02535125,0.014910573,0.022411274,0.01661341,0.027387977,0.024922466,0.025518117,0.035081226,2024-04-04 10:55:00
0.025565058,0.035908982,0.028471755,0.033168595,0.038802616,0.017434191,0.02927962,0.02303781,0.022252878,0.065539524,0.03277277,0.029774334,0.028350925,0.016690353,0.06019499,0.02305213,0.017867737,0.036860686,0.030477528,0.04637448,0.018457571,0.019410167,0.022923354,0.025136637,0.021888368,0.026059136,0.016188558,0.036827017,2024-04-04 10:56:00
0.019456947,0.037788052,0.033912588,0.023372578,0.016059408,0.014610527,0.0478858,0.021329597,0.023244485,0.06979062,0.042793263,0.031074438,0.031183159,0.031034406,0.01668731,0.02542502,0.119126685,0.043119464,0.041698746,0.04492378,0.027540158,0.01971951,0.022459196,0.018442854,0.024579266,0.026039869,0.024700545,0.030213302,2024-04-04 10:57:00
0.02434572,0.030042015,0.03993772,0.039449535,0.018012622,0.019057116,0.05991513,0.01897074,0.019724201,0.055201393,0.047753453,0.03071749,0.03557792,0.02561549,0.0142870145,0.01914867,0.037186485,0.04011675,0.02496309,0.03641833,0.026273299,0.014290127,0.018148484,0.016377369,0.027769882,0.03311013,0.01607003,0.027253987,2024-04-04 10:58:00
0.022019867,0.036900084,0.038007017,0.03170502,0.019212466,0.029282816,0.022494547,0.02478939,0.013377763,0.06111772,0.03720503,0.015521371,0.032009147,0.0682006,0.02534389,0.022320207,0.016585974,0.028754735,0.030904677,0.042606767,0.022766383,0.026355555,0.018927298,0.027365878,0.020827899,0.022651272,0.020728614,0.03819429,2024-04-04 10:59:00
0.027207471,0.032013524,0.039137036,0.02402765,0.023771979,0.027617605,0.02352671,0.022538051,0.01506617,0.046154957,0.03735371,0.017557034,0.031080091,0.023214595,0.0149721345,0.023302589,0.022520082,0.02877716,0.03600049,0.042000316,0.024281537,0.013248725,0.02243415,0.023767134,0.014024348,0.027652586,0.019431243,0.038045906,2024-04-04 11:00:00
0.021134926,0.027938642,0.027045017,0.027905712,0.021983512,0.016261842,0.058590945,0.02035657,0.018064704,0.05053339,0.049843404,0.022434054,0.033985887,0.02857469,0.015031929,0.012818862,0.031105427,0.040085506,0.0344038,0.035963114,0.027940083,0.028690394,0.026099265,0.019350722,0.011912025,0.027948229,0.01840902,0.041666508,2024-04-04 11:01:00
0.021013489,0.037773095,0.036469076,0.15651998,0.021352138,0.019144416,0.039400827,0.02434739,0.024807472,0.055698834,0.032056734,0.04196181,0.02605856,0.027727753,0.021083882,0.019075586,0.0139296185,0.040149663,0.024836544,0.0358856,0.02854142,0.017067693,0.014494126,0.022377098,0.018975053,0.02413653,0.021161854,0.035342485,2024-04-04 11:02:00
0.02668608,0.06030908,0.04078602,0.061033655,0.022782527,0.016421353,0.038473103,0.030405771,0.021909507,0.05372997,0.0371036,0.05411717,0.029679356,0.015415507,0.06986045,0.02165028,0.022316167,0.03460945,0.029334454,0.07539394,0.032452136,0.023230618,0.0077860435,0.027660474,0.019631628,0.03465608,0.015875906,0.035032958,2024-04-04 11:03:00
0.023195587,0.07720982,0.028846364,0.026327165,0.031755473,0.016543657,0.040637705,0.017817905,0.03541836,0.05945577,0.038025986,0.032870736,0.035810057,0.026021041,0.012961092,0.028320616,0.018048618,0.041301873,0.029214144,0.047773384,0.023563335,0.019285636,0.027250638,0.014492357,0.039134275,0.02832135,0.021838116,0.036065526,2024-04-04 11:04:00
0.0339771,0.036166634,0.034348767,0.021679567,0.024971096,0.030419966,0.034684617,0.0213129,0.015702149,0.054490846,0.031309575,0.041648548,0.029952409,0.023249367,0.020293817,0.074276984,0.011327721,0.040821258,0.044832,0.035766266,0.024168866,0.021870023,0.022063043,0.011662436,0.07026262,0.031903535,0.02508059,0.03967203,2024-04-04 11:05:00
0.024341919,0.023132212,0.03097956,0.03386876,0.045650348,0.021594912,0.03766283,0.029727438,0.018814238,0.055289283,0.042702336,0.060252223,0.032785386,0.01927337,0.039898004,0.026894253,0.019964501,0.038500104,0.039795075,0.045222532,0.024370471,0.012751156,0.019988192,0.017330607,0.016447164,0.020338316,0.02627556,0.038436905,2024-04-04 11:06:00
0.023727052,0.038972367,0.027575482,0.046947908,0.028203713,0.019196127,0.034009248,0.026391357,0.025724282,0.049574193,0.026709335,0.032491446,0.026535735,0.029839564,0.014748734,0.024501938,0.046139363,0.037380114,0.04143539,0.045118023,0.024329748,0.026984481,0.021565836,0.030677661,0.029619567,0.027606068,0.021419901,0.03599553,2024-04-04 11:07:00
0.02663608,0.043072615,0.029017936,0.029644623,0.02474271,0.020223718,0.035797235,0.018925428,0.019375259,0.053610906,0.042216145,0.017545577,0.034005795,0.030905599,0.016734492,0.026495624,0.024588028,0.038240958,0.030487236,0.03585318,0.024651032,0.019679192,0.02534268,0.01653314,0.017939596,0.019938955,0.021255955,0.037937015,2024-04-04 11:08:00
0.025718948,0.027108552,0.029876886,0.019328937,0.028224837,0.012139755,0.03612982,0.019485526,0.020257901,0.070296995,0.030341337,0.020057062,0.029163647,0.019588683,0.031626515,0.01878351,0.012435842,0.040072795,0.028955689,0.037443597,0.025022391,0.01969439,0.03529854,0.025123376,0.01668186,0.029702567,0.026870845,0.034307986,2024-04-04 11:09:00
0.021337468,0.037869807,0.031111594,0.028632192,0.028208315,0.027195351,0.034588188,0.022643453,0.028690143,0.053384308,0.03912003,0.013500484,0.03995484,0.04651833,0.015450429,0.024554307,0.025388606,0.023448417,0.028520964,0.0361423,0.023074662,0.013443633,0.011486417,0.01310177,0.015565376,0.025711102,0.042189058,0.03687717,2024-04-04 11:10:00
0.028136808,0.03366937,0.032526173,0.026751304,0.019543564,0.02230669,0.03206621,0.02785596,0.01967618,0.037440803,0.034816943,0.016004307,0.053732313,0.022245958,0.021162631,0.028719455,0.024417942,0.014734825,0.025791705,0.044779368,0.024714038,0.015589219,0.030064167,0.023932854,0.02324852,0.025143456,0.020306416,0.035053745,2024-04-04 11:11:00
0.025509095,0.040480167,0.023560757,0.020304846,0.025581136,0.019531472,0.031750135,0.02565619,0.019440493,0.056801457,0.039937664,0.04173692,0.020578198,0.03241555,0.02023524,0.021043599,0.021126654,0.031222155,0.039299842,0.045150742,0.025958594,0.018879114,0.030880319,0.05418076,0.022465017,0.03716804,0.024959736,0.040036827,2024-04-04 11:12:00
0.026677758,0.029081808,0.031391308,0.03710584,0.028908743,0.014424071,0.039419632,0.024749503,0.016088728,0.054680042,0.04324576,0.033046648,0.03450405,0.022828737,0.012896243,0.02373112,0.02279857,0.036877558,0.028599354,0.036832474,0.012232016,0.017163642,0.021023026,0.023560975,0.017901907,0.02848563,0.022816384,0.029041296,2024-04-04 11:13:00
0.025439285,0.038730837,0.03269369,0.015742654,0.024692208,0.018066248,0.03131049,0.0144535145,0.013715792,0.041074865,0.023729386,0.016871344,0.058177304,0.03307156,0.019718325,0.02541601,0.025445078,0.040623266,0.023129662,0.044428684,0.0269214,0.025696775,0.017954865,0.024727192,0.02347639,0.025397994,0.018845411,0.0403242,2024-04-04 11:14:00
0.021728393,0.037941746,0.018046597,0.02584616,0.023293158,0.018713713,0.03236967,0.021490732,0.013738052,0.04130925,0.027667606,0.022038028,0.037605554,0.022815363,0.020367268,0.01884246,0.021717368,0.02227641,0.018547751,0.044888996,0.027337447,0.018029012,0.024770696,0.018897539,0.027944066,0.026398728,0.019241462,0.037822243,2024-04-04 11:15:00
0.030376583,0.06468249,0.02736036,0.024425237,0.027073182,0.015892811,0.03319599,0.01777346,0.020122128,0.0642528,0.047495216,0.03388735,0.045622047,0.034096267,0.016490014,0.033946417,0.023979224,0.033939186,0.029902577,0.041058313,0.027833315,0.023177374,0.03547557,0.018838765,0.017806,0.020105902,0.011610163,0.035974883,2024-04-04 11:16:00
0.025138786,0.04162491,0.02965219,0.016355293,0.025999391,0.019340636,0.032235198,0.020420207,0.015480331,0.063314326,0.0361307,0.059199482,0.052592725,0.03729487,0.020302236,0.015443432,0.01971786,0.032319855,0.027177421,0.040026587,0.025706554,0.019762324,0.018720347,0.024978844,0.023897307,0.025890207,0.017602354,0.037904594,2024-04-04 11:17:00
0.02154038,0.040688414,0.023709552,0.028953927,0.02731788,0.02002449,0.037697278,0.023472235,0.021403909,0.04606122,0.036615722,0.028683841,0.02683132,0.03370376,0.019346822,0.022348128,0.021118613,0.036566377,0.028899616,0.03993211,0.024331829,0.02389292,0.015890729,0.013490215,0.022482263,0.025292661,0.02186337,0.03673622,2024-04-04 11:18:00
0.0318913,0.033641685,0.027085723,0.024267651,0.019365795,0.017922971,0.031663947,0.042126685,0.022857727,0.058840837,0.03039464,0.020731585,0.043206383,0.037645467,0.017440163,0.032721635,0.024524404,0.025086762,0.035746325,0.045783624,0.030523196,0.017217563,0.02409727,0.020522228,0.01801918,0.029734846,0.022038415,0.03879974,2024-04-04 11:19:00
0.029935779,0.031538058,0.023726914,0.019376507,0.01913382,0.022668935,0.03198873,0.016866053,0.020317802,0.048599128,0.028648473,0.049028404,0.036839493,0.026549384,0.024456292,0.019966537,0.020515243,0.036401395,0.039526053,0.045159675,0.024836153,0.019819772,0.022731688,0.02048669,0.024673915,0.03291858,0.018042322,0.029488657,2024-04-04 11:20:00
0.021498354,0.026791645,0.02382483,0.01496598,0.02584772,0.019684335,0.031007355,0.025332768,0.020945186,0.055121392,0.044637892,0.024154574,0.03193426,0.028743658,0.015776496,0.013798731,0.01856067,0.029204046,0.027890235,0.03598222,0.025092416,0.02619353,0.022826117,0.018924953,0.019208886,0.027517505,0.08001299,0.02142503,2024-04-04 11:21:00
0.032598395,0.049236435,0.024307022,0.033821456,0.018752877,0.015777191,0.03193888,0.020204064,0.021946797,0.05206441,0.036364105,0.026077004,0.034380037,0.027803097,0.014373453,0.025560306,0.012641861,0.02640943,0.031542324,0.045385763,0.026851958,0.019663122,0.012609015,0.016708799,0.026047526,0.02288775,0.02093102,0.084395185,2024-04-04 11:22:00
0.020132013,0.030931406,0.020259975,0.016725421,0.018185642,0.029707212,0.031554572,0.021612706,0.015467241,0.04527355,0.023108684,0.03924153,0.027437579,0.017361581,0.021858566,0.017412152,0.034894668,0.038368616,0.04925014,0.040142436,0.025846424,0.018435288,0.013959539,0.020448584,0.02475204,0.029285349,0.021842415,0.03012163,2024-04-04 11:23:00
0.020456618,0.042687327,0.02376011,0.03233723,0.02345651,0.021698622,0.15582094,0.024613092,0.029827068,0.055477913,0.03759706,0.016802095,0.028751332,0.044309586,0.021911422,0.018617157,0.01192137,0.030415779,0.030986497,0.04492119,0.025413342,0.12917483,0.03557446,0.02200066,0.022516014,0.027048945,0.02447571,0.03753869,2024-04-04 11:24:00
0.028077886,0.027841711,0.02809742,0.017695442,0.01957259,0.02567053,0.06849707,0.022138244,0.021570995,0.042496674,0.05022311,0.04145028,0.045298956,0.019940052,0.01527217,0.014969321,0.011865817,0.035069052,0.041220438,0.03621218,0.02331747,0.012914829,0.02543077,0.012096707,0.028950797,0.03693005,0.023351135,0.037282538,2024-04-04 11:25:00
0.01962064,0.03844339,0.023444021,0.016783936,0.021049839,0.019677088,0.032393567,0.018611131,0.0252193,0.04307747,0.031063924,0.029973675,0.03126167,0.016720647,0.02074464,0.021673964,0.022332333,0.04361934,0.03321785,0.0448995,0.036927838,0.038835183,0.024883077,0.01808276,0.020544862,0.022407828,0.02367015,0.04425196,2024-04-04 11:26:00
0.028555403,0.035779137,0.029732013,0.009120216,0.024310399,0.01890546,0.033326156,0.022374423,0.016417187,0.03439044,0.040679503,0.018635504,0.03915026,0.027494038,0.016312163,0.020057442,0.023959788,0.041594453,0.03765412,0.044890158,0.02874104,0.017674312,0.031117374,0.01755862,0.02052347,0.022364222,0.015746865,0.034778357,2024-04-04 11:27:00
0.026002277,0.03774024,0.02964399,0.01549351,0.01916676,0.048950087,0.032987356,0.033052474,0.023073731,0.045059226,0.044597674,0.021127524,0.03175848,0.022629047,0.032266233,0.025054062,0.01715859,0.033647683,0.033080537,0.04731462,0.027384154,0.020136435,0.019475,0.015956845,0.015895413,0.025240267,0.022273468,0.03611512,2024-04-04 11:28:00
0.020709869,0.033256065,0.03295229,0.016196778,0.015238445,0.09544579,0.040263683,0.022154476,0.02664446,0.03784838,0.040075146,0.030331785,0.032488015,0.02095574,0.017737083,0.021430299,0.026971117,0.04381085,0.050138153,0.045239,0.025165651,0.0126515385,0.023263523,0.020248318,0.024056729,0.03193196,0.018477038,0.037118528,2024-04-04 11:29:00
0.026062625,0.045628674,0.027706457,0.046421982,0.020600365,0.018025754,0.035471663,0.017437395,0.017486224,0.05070068,0.0338408,0.041767985,0.025027676,0.031136181,0.019329416,0.021940853,0.021961577,0.030128416,0.038407214,0.038628016,0.026362818,0.027183661,0.012013748,0.044052992,0.024729952,0.015657488,0.070987016,0.037096895,2024-04-04 11:30:00
0.022228101,0.044566024,0.02966464,0.025336979,0.018733012,0.023966251,0.03701231,0.020613767,0.023840643,0.06548982,0.024756914,0.04986294,0.028107615,0.029457271,0.014122102,0.025913177,0.0142031,0.021967333,0.039045494,0.038501825,0.024370974,0.023681642,0.020789277,0.030689932,0.015465402,0.020791998,0.022872394,0.03501827,2024-04-04 11:31:00
0.020013414,0.043949112,0.035403345,0.037767444,0.020233449,0.016369322,0.03233808,0.02851187,0.020232333,0.047139086,0.02952256,0.01604599,0.036273427,0.018199895,0.0433408,0.02688907,0.03312649,0.03320872,0.026934894,0.036012337,0.024564123,0.02016791,0.02341428,0.010630043,0.024096921,0.02238247,0.025286099,0.034287304,2024-04-04 11:32:00
0.025516434,0.02840521,0.033094294,0.046880722,0.0212631,0.027314167,0.033216484,0.021739153,0.01770444,0.07547773,0.050371747,0.053055715,0.032655135,0.068671726,0.0140192965,0.0183012,0.023156174,0.030471044,0.0358146,0.035486005,0.05733239,0.019163229,0.024516685,0.0465814,0.009768429,0.03506004,0.02275654,0.04040302,2024-04-04 11:33:00
0.029887997,0.036784075,0.034006644,0.024367984,0.02188786,0.017130898,0.12691973,0.021243889,0.020089619,0.04608466,0.04084814,0.035368428,0.036200564,0.022583177,0.01930082,0.020268023,0.021480821,0.039324585,0.03188358,0.035685856,0.022614202,0.016821072,0.018337796,0.020228937,0.023276191,0.036324378,0.021425916,0.034717653,2024-04-04 11:34:00
0.027453322,0.041769847,0.04214195,0.024211386,0.017217161,0.029828792,0.03786313,0.01992576,0.02558213,0.052358773,0.039824855,0.025624728,0.035111137,0.023844052,0.023827659,0.039739754,0.015150221,0.045608573,0.03129862,0.04957782,0.02019709,0.018385507,0.016150514,0.026006399,0.02364939,0.032682337,0.020326415,0.03746736,2024-04-04 11:35:00
0.028160347,0.014081581,0.03015814,0.021594997,0.021231547,0.019161625,0.033909217,0.020866266,0.019888667,0.040728237,0.045078464,0.02342448,0.0278844,0.021335846,0.013919058,0.023254534,0.011255841,0.022409525,0.04013379,0.0449982,0.02110622,0.017314535,0.0274,0.017447418,0.022462169,0.030366791,0.01918747,0.04095926,2024-04-04 11:36:00
0.022978025,0.014416171,0.040003255,0.02012192,0.021996887,0.0197137,0.03097822,0.017127974,0.020121561,0.06829222,0.04325185,0.02386802,0.031652745,0.03057773,0.023129834,0.021275561,0.022631612,0.041771535,0.026699845,0.041534416,0.028065449,0.016332813,0.0073627923,0.023189086,0.015558313,0.03333326,0.016851261,0.065773316,2024-04-04 11:37:00
0.025845267,0.02855046,0.034504525,0.15962617,0.017023051,0.028181372,0.034737583,0.030206705,0.012069115,0.07175898,0.025518399,0.044155944,0.03335217,0.039534293,0.038263995,0.025603576,0.01452506,0.033914316,0.038868815,0.03560804,0.024250753,0.012520245,0.023261726,0.020539295,0.015594829,0.036397018,0.026323209,0.037345927,2024-04-04 11:38:00
0.026163097,0.04466191,0.044211403,0.024294743,0.016739042,0.023338666,0.03299721,0.025352193,0.015505676,0.043306924,0.03144643,0.020344324,0.02447093,0.024337636,0.016615862,0.025523588,0.033592254,0.040088493,0.032378785,0.045530558,0.02585787,0.015652344,0.01793884,0.021079196,0.01588103,0.04032403,0.022937154,0.034235366,2024-04-04 11:39:00
0.015607421,0.029675467,0.029697662,0.01915896,0.019553425,0.017167212,0.032495793,0.02110442,0.028956713,0.04135458,0.04723027,0.031129789,0.03438679,0.018332554,0.020661205,0.029313367,0.017292293,0.025588084,0.02168989,0.039411634,0.026854172,0.017781079,0.022216795,0.017784439,0.029552044,0.023769826,0.017944401,0.036810968,2024-04-04 11:40:00
0.1284434,0.039574996,0.027754284,0.03428202,0.025775934,0.017701827,0.034424707,0.03511067,0.018096065,0.054864053,0.04612898,0.022061853,0.04071153,0.02629072,0.016649665,0.02665594,0.020752694,0.03979804,0.018392162,0.035574663,0.028055629,0.016226657,0.01865903,0.022560354,0.020272536,0.02744488,0.01833345,0.035975754,2024-04-04 11:41:00
0.024128687,0.030360281,0.033347636,0.027628917,0.020534972,0.017499223,0.034526538,0.032608587,0.019139327,0.041285597,0.054241866,0.026018962,0.036282875,0.024571115,0.026768908,0.020683378,0.037264686,0.039981544,0.03755631,0.047991697,0.02721153,0.012816026,0.042466145,0.01999226,0.04612623,0.033258136,0.018910205,0.03404561,2024-04-04 11:42:00
0.032237887,0.040680815,0.026400939,0.026427729,0.020306515,0.015270435,0.036399737,0.022527948,0.02154301,0.056840256,0.028992489,0.024610566,0.057727974,0.023247248,0.028188553,0.012394513,0.024884023,0.037696116,0.024177019,0.04646945,0.027165996,0.019841935,0.023136266,0.017861644,0.021293217,0.038682815,0.029414764,0.037821032,2024-04-04 11:43:00
0.031564005,0.03855072,0.022053292,0.026468104,0.029330587,0.0205602,0.03929897,0.017710097,0.022718456,0.047438875,0.03141718,0.01983292,0.034091987,0.025349949,0.03965729,0.026858648,0.013446079,0.035628073,0.037996456,0.04483281,0.024280723,0.025411136,0.020481642,0.020327678,0.016742188,0.027476054,0.02587208,0.03631314,2024-04-04 11:44:00
0.029620789,0.038815323,0.023277715,0.06962944,0.018651446,0.019339131,0.033454526,0.01944981,0.015521114,0.061981056,0.045671023,0.044785008,0.041784972,0.019072745,0.0184126,0.025680304,0.019721802,0.028145434,0.023154087,0.037164055,0.027139612,0.01501093,0.023560429,0.022235082,0.0151652545,0.028018266,0.018215278,0.038583208,2024-04-04 11:45:00
0.02821334,0.049342997,0.03722712,0.034689147,0.023545861,0.01840509,0.257611,0.029758738,0.01657734,0.05334472,0.030332755,0.030440038,0.03358232,0.019464994,0.0227813,0.028305823,0.024821416,0.035844643,0.026862139,0.045006838,0.029628705,0.015982801,0.027836237,0.036644675,0.0215333,0.032822087,0.02036579,0.036859956,2024-04-04 11:46:00
0.028538143,0.07789625,0.033803944,0.020233536,0.019597696,0.019473992,0.032683,0.021064728,0.017180158,0.044493113,0.036681496,0.017744567,0.033109426,0.027877288,0.028438069,0.017387731,0.012956459,0.04063637,0.026325108,0.035893288,0.02189019,0.01634599,0.0132394135,0.012711292,0.02002416,0.019408995,0.01673297,0.043876052,2024-04-04 11:47:00
0.02799193,0.026641484,0.046866395,0.024721812,0.029269993,0.020284912,0.03200973,0.03328015,0.020188523,0.037345298,0.026413476,0.016480904,0.035727106,0.03237002,0.021304926,0.019059537,0.021425726,0.027756622,0.024097161,0.037317064,0.025017114,0.025106203,0.019654868,0.028313931,0.020956496,0.022908607,0.027942887,0.03894692,2024-04-04 11:48:00
0.026349328,0.032786764,0.031039419,0.015900962,0.020486848,0.019493409,0.03305879,0.02365793,0.025595807,0.045879323,0.026370784,0.056052174,0.042919017,0.02155592,0.019303147,0.036438238,0.011947204,0.029889785,0.0259405,0.035854086,0.027876489,0.020280475,0.015799351,0.021977695,0.021067342,0.036498692,0.032933287,0.03518932,2024-04-04 11:49:00
0.031067649,0.039090574,0.03940743,0.018388385,0.029672867,0.020846622,0.032197133,0.020702768,0.019989856,0.053081237,0.049046937,0.05145178,0.05618726,0.019128887,0.019868672,0.018214772,0.026215712,0.036095608,0.03402116,0.053283125,0.02679815,0.014226381,0.017765054,0.02768387,0.017919369,0.029647816,0.022149106,0.046719912,2024-04-04 11:50:00
0.025495864,0.039013043,0.019780494,0.019851195,0.027356742,0.015694216,0.031828053,0.031983152,0.023339655,0.063889086,0.026387218,0.04691913,0.03452329,0.034195155,0.027190227,0.025647186,0.019170396,0.03540129,0.026478942,0.03662487,0.02472979,0.022676148,0.017664135,0.021347787,0.022519886,0.034220897,0.014590551,0.041990507,2024-04-04 11:51:00
0.024746457,0.029959677,0.038991284,0.020855257,0.016680574,0.019746253,0.030912109,0.022124968,0.018220363,0.045008358,0.05285919,0.020013975,0.04641779,0.028233577,0.038384207,0.024478048,0.040320612,0.033008114,0.040528513,0.036565967,0.026309865,0.023986476,0.019954985,0.015800219,0.016469847,0.028481347,0.021651443,0.03554703,2024-04-04 11:52:00
0.026163165,0.023165438,0.03147783,0.022825334,0.04101375,0.021391278,0.03474764,0.026065499,0.02184342,0.052379753,0.024382072,0.019405173,0.038746294,0.02186772,0.01752126,0.014609071,0.023558611,0.03049353,0.029195994,0.036247432,0.025150497,0.019767856,0.018710786,0.021478528,0.019241394,0.022435907,0.0126673095,0.037249193,2024-04-04 11:53:00
0.026025297,0.0380259,0.027340971,0.026539383,0.021762397,0.018882886,0.04630473,0.03011632,0.021098502,0.06404193,0.030859964,0.0289755,0.027656844,0.02231216,0.024372501,0.024467252,0.018255422,0.035271537,0.026636979,0.051292855,0.026235964,0.018073725,0.015284538,0.017634053,0.020445567,0.030144084,0.0237731,0.033133104,2024-04-04 11:54:00
0.025837071,0.034966804,0.03359279,0.039525546,0.024296196,0.07116557,0.13442197,0.025316086,0.022657955,0.057372794,0.034910556,0.03233384,0.034132928,0.04343673,0.024898008,0.022750365,0.025033444,0.033686988,0.033229038,0.0410302,0.025852423,0.031921133,0.024733458,0.026469769,0.024553258,0.027438026,0.021460177,0.03601413,2024-04-04 11:55:00
0.013245786,0.03217221,0.030145528,0.023245743,0.021977061,0.019291589,0.030098595,0.022902194,0.029079953,0.05437685,0.04914328,0.03226526,0.051840227,0.045660008,0.034692567,0.014900167,0.02528898,0.022698555,0.031143054,0.03616465,0.033822127,0.015401506,0.0147208925,0.024237527,0.018524498,0.027990844,0.017904017,0.035699703,2024-04-04 11:56:00
0.02119201,0.03560399,0.029261716,0.04369612,0.025606085,0.02052453,0.033361956,0.033293158,0.013285875,0.06713899,0.02700456,0.01606539,0.04474834,0.031164376,0.012010289,0.018085398,0.03246034,0.031244628,0.025801275,0.04057139,0.027385045,0.018013531,0.023000646,0.020908924,0.018099312,0.02822972,0.03652397,0.0399773,2024-04-04 11:57:00
0.023516081,0.043995637,0.033994284,0.023980618,0.028723268,0.021040322,0.040239483,0.02299641,0.00946705,0.05047546,0.038372487,0.020845463,0.031584416,0.026483102,0.023114732,0.017444579,0.01943243,0.0195793,0.026663117,0.03769378,0.023732418,0.017466197,0.017588573,0.014705762,0.020314844,0.03240853,0.02310883,0.040605586,2024-04-04 11:58:00
0.029475382,0.040578,0.031810503,0.040785525,0.02478009,0.021091798,0.030344129,0.020744374,0.020736946,0.042213082,0.02329753,0.017392376,0.03718804,0.027886963,0.034219943,0.018438518,0.013035791,0.028224323,0.023937361,0.03618705,0.025550492,0.017940763,0.026490396,0.0187447,0.017461907,0.03368835,0.020747242,0.04167137,2024-04-04 11:59:00
0.021248922,0.027169423,0.021534177,0.025260333,0.025955193,0.025975341,0.031641837,0.027168876,0.01991542,0.06480557,0.041982695,0.021202702,0.053872652,0.024119884,0.032099538,0.023357442,0.01941689,0.037602875,0.030594472,0.053228512,0.02832583,0.023635177,0.01636106,0.019512476,0.022615006,0.02639083,0.020317724,0.047076385,2024-04-04 12:00:00
0.021157451,0.020878313,0.038955424,0.022862444,0.024296187,0.015080039,0.033274267,0.015849127,0.012417605,0.0507268,0.022129968,0.019225815,0.03581098,0.011993785,0.019606762,0.025646275,0.027529998,0.030289635,0.022719594,0.05305722,0.00868034,0.015494143,0.010069607,0.022520622,0.023059767,0.02223834,0.01865964,0.03288493,2024-04-04 12:01:00
0.02175323,0.022784114,0.023557592,0.16379055,0.023630312,0.023879545,0.03808281,0.019566368,0.018428031,0.049724124,0.03160422,0.02800682,0.04552546,0.02944104,0.016419195,0.027216531,0.02661314,0.034275994,0.050975807,0.040157933,0.024298739,0.02219727,0.012654108,0.019002784,0.034713365,0.038606003,0.022558676,0.047546167,2024-04-04 12:02:00
0.021140246,0.03537729,0.030223897,0.014111397,0.019697336,0.020170815,0.03367881,0.025317566,0.016745081,0.05783168,0.030211313,0.029788753,0.053274274,0.029313324,0.030266982,0.026250854,0.023097606,0.018884731,0.019846737,0.044885617,0.027244084,0.017018465,0.023844618,0.017736187,0.026893415,0.028244037,0.023661572,0.03872929,2024-04-04 12:03:00
0.021179857,0.019754685,0.028193682,0.03399792,0.021641783,0.015960697,0.031574834,0.03634192,0.021560434,0.06405964,0.027216151,0.06234423,0.03131808,0.020610528,0.022035882,0.034076065,0.025242401,0.035363723,0.03567682,0.04478518,0.033357233,0.020033684,0.025364224,0.024184305,0.025636593,0.04166076,0.020011716,0.03227241,2024-04-04 12:04:00
0.021467913,0.076993674,0.027750589,0.019289356,0.01675257,0.019957457,0.031939648,0.025623037,0.012296971,0.058981474,0.04515278,0.034014635,0.029278941,0.025498573,0.014727688,0.030395346,0.023216268,0.035387807,0.02501122,0.04304076,0.02738182,0.03660933,0.016708795,0.018401122,0.01723786,0.033666953,0.016441995,0.041159965,2024-04-04 12:05:00
0.02282973,0.04466509,0.028912596,0.020721987,0.022925988,0.021329122,0.032427832,0.020826917,0.026100606,0.06728597,0.039454855,0.020111205,0.03670851,0.025152525,0.015400054,0.021341756,0.01573189,0.03478016,0.04548448,0.044919036,0.028476527,0.024750404,0.020059275,0.016039295,0.018307235,0.035262737,0.023797575,0.037005033,2024-04-04 12:06:00
0.02134065,0.039363716,0.081250735,0.022121247,0.022125518,0.021357452,0.03702911,0.02187301,0.0228908,0.047030002,0.02267787,0.042392176,0.029218605,0.04335663,0.027840657,0.014658775,0.020807886,0.03315191,0.03831975,0.036426578,0.027081037,0.018027978,0.022752423,0.014342117,0.023342576,0.02474737,0.020328246,0.036923684,2024-04-04 12:07:00
0.021443622,0.036768276,0.031365514,0.017891636,0.01716017,0.025645476,0.034231335,0.021043438,0.024823356,0.04695708,0.029199196,0.025922028,0.032786425,0.025385955,0.015674844,0.018819531,0.02692105,0.04044952,0.047749404,0.044928003,0.025001599,0.018110292,0.030895209,0.026380034,0.02146221,0.03158839,0.023206817,0.038124662,2024-04-04 12:08:00
0.023782622,0.03950071,0.031295378,0.027644072,0.021885278,0.02166551,0.0325876,0.02805948,0.011759432,0.04420167,0.036999743,0.028803933,0.026167989,0.040940497,0.01631938,0.031200059,0.019120065,0.028936386,0.024972718,0.043125838,0.023439327,0.01736369,0.02246765,0.019607496,0.020245811,0.023991615,0.019898523,0.033829097,2024-04-04 12:09:00
0.022044208,0.03794134,0.033070493,0.01589427,0.026897648,0.024862604,0.033250853,0.02312547,0.023981104,0.06353125,0.03439023,0.02815486,0.026713323,0.02410773,0.022489682,0.037678618,0.016838163,0.03765724,0.030356424,0.044843614,0.023729729,0.032067515,0.030517502,0.035770077,0.021238847,0.020359987,0.019559046,0.038514353,2024-04-04 12:10:00
0.024299143,0.044346694,0.023549587,0.02599065,0.017071014,0.06002915,0.03465147,0.016967468,0.023085527,0.060066912,0.02775799,0.023496551,0.02611212,0.026497288,0.013347121,0.023949364,0.017491505,0.028503606,0.0332298,0.044860296,0.02488223,0.017672786,0.026314374,0.020306258,0.0947378,0.03629929,0.025603704,0.03676252,2024-04-04 12:11:00
0.020108953,0.03928243,0.030252904,0.041744415,0.029755464,0.018233947,0.032577425,0.023478536,0.032352395,0.044538815,0.04418642,0.01928467,0.027669702,0.018347489,0.019407962,0.0210489,0.042444665,0.041153383,0.034485627,0.044876922,0.023379268,0.020085523,0.026690735,0.02748401,0.016994914,0.028500218,0.020808296,0.03786442,2024-04-04 12:12:00
0.022229465,0.037945636,0.017353786,0.027377216,0.021850023,0.017576363,0.26197115,0.0152861215,0.016843202,0.06476568,0.037940826,0.02370859,0.031614207,0.021373434,0.015562098,0.026311398,0.00833616,0.032079346,0.037662197,0.035853993,0.025799435,0.014870409,0.06414431,0.02159386,0.013950808,0.02207027,0.019408561,0.04133912,2024-04-04 12:13:00
0.027021283,0.039463818,0.033645958,0.02202241,0.018187955,0.019298581,0.033149462,0.022605188,0.019618174,0.046632368,0.041461196,0.040042505,0.03351974,0.05755692,0.020631053,0.018173464,0.015827263,0.03787475,0.0406291,0.036171768,0.026473854,0.018361447,0.02159855,0.029810295,0.024462169,0.021282589,0.019023204,0.033511672,2024-04-04 12:14:00
0.022547243,0.03071939,0.026762953,0.017862847,0.02088616,0.01911234,0.036315504,0.03329751,0.020598954,0.04984152,0.05363821,0.028358553,0.029067598,0.021199752,0.027053887,0.027328936,0.030143682,0.036613137,0.044508517,0.044936094,0.02818933,0.0484819,0.017478783,0.019532308,0.030148255,0.019553551,0.020153163,0.043129575,2024-04-04 12:15:00
0.02690639,0.044140466,0.028406067,0.017028984,0.02718356,0.01892863,0.041392077,0.022627756,0.019611685,0.066068076,0.04570226,0.022096556,0.039546743,0.02232471,0.025288675,0.021069206,0.03681996,0.040276904,0.043418217,0.04492274,0.021665435,0.015588286,0.014758286,0.014439971,0.020869063,0.020188233,0.018817862,0.027250744,2024-04-04 12:16:00
0.027622115,0.036079098,0.033722408,0.049927954,0.045643993,0.041896734,0.034455597,0.02593393,0.020088105,0.07020152,0.038086142,0.018604964,0.033471752,0.026214637,0.027716663,0.014581391,0.024101973,0.039661486,0.03814688,0.044904206,0.028557036,0.019501636,0.029611425,0.034502845,0.024666538,0.026712008,0.020034306,0.033775296,2024-04-04 12:17:00
0.022239354,0.03744557,0.03976361,0.024736708,0.022446876,0.020648876,0.032738477,0.014757484,0.013919701,0.049821638,0.042166628,0.013705671,0.035158962,0.03681178,0.013822984,0.017631922,0.022388207,0.03713086,0.026272602,0.03563886,0.02947077,0.023523405,0.022024935,0.040353257,0.022081235,0.036132343,0.017552432,0.04199288,2024-04-04 12:18:00
0.04863923,0.036633987,0.03319831,0.018924987,0.019864835,0.017561298,0.031749014,0.021279752,0.021013003,0.055222508,0.026467906,0.015224026,0.03606125,0.025811305,0.0137434965,0.020463143,0.015269473,0.030987298,0.021556431,0.036216665,0.028869374,0.011013677,0.023401964,0.016635332,0.02584833,0.020837625,0.026519928,0.03748633,2024-04-04 12:19:00
0.02936911,0.03733786,0.03859716,0.016919905,0.024095688,0.016435686,0.036303315,0.022512157,0.018203521,0.048072785,0.02893612,0.040947605,0.039634164,0.03695297,0.026552077,0.020049876,0.019773664,0.03230471,0.025035148,0.046522178,0.023537338,0.012474156,0.039406482,0.030825015,0.022842497,0.032645002,0.045334484,0.037813958,2024-04-04 12:20:00
0.02909456,0.03908097,0.022287477,0.01521721,0.02020707,0.018530529,0.0339363,0.02300134,0.0169325,0.05392464,0.029440666,0.026300708,0.028572261,0.03661315,0.015363711,0.02071468,0.025653437,0.025093295,0.026147394,0.044830028,0.025499588,0.017673884,0.017243186,0.02292356,0.016394662,0.03646031,0.021702647,0.04427826,2024-04-04 12:21:00
0.030779464,0.039166737,0.024583716,0.020625869,0.021149505,0.020194618,0.035987277,0.019093899,0.015407006,0.05427324,0.028772654,0.031089637,0.03090939,0.033264875,0.016789088,0.021261266,0.012526666,0.02753904,0.025409617,0.036028463,0.02434335,0.015788313,0.023175089,0.022278232,0.03177625,0.032314423,0.025975388,0.0336463,2024-04-04 12:22:00
0.029654725,0.03862877,0.033470668,0.11110018,0.039944075,0.020053,0.030596174,0.022399403,0.021363834,0.060402174,0.023281323,0.019580502,0.034140296,0.019894935,0.019534083,0.024560388,0.020181924,0.030233828,0.02648637,0.03571729,0.026334913,0.01622472,0.0333154,0.024496019,0.014391608,0.02733873,0.029033938,0.039781928,2024-04-04 12:23:00
0.028829332,0.032461636,0.028926266,0.027874073,0.022085162,0.019984132,0.12663804,0.021368911,0.022008175,0.045264527,0.03526855,0.021461008,0.02964765,0.035717197,0.014789959,0.017662706,0.022761429,0.028004745,0.023569088,0.04478972,0.02570615,0.016027419,0.023350824,0.021392671,0.011776359,0.026443131,0.02122144,0.033602424,2024-04-04 12:24:00
0.026623005,0.03884008,0.032882698,0.02521478,0.023584928,0.018480688,0.14215662,0.020982223,0.014979444,0.043269463,0.021051306,0.033666,0.025747515,0.031818748,0.019327529,0.026496034,0.014983664,0.027015325,0.028855458,0.0357272,0.027412241,0.024040869,0.020329833,0.029313406,0.017621564,0.022457017,0.018654354,0.034035355,2024-04-04 12:25:00
0.025528615,0.039412484,0.025597187,0.17879102,0.023938775,0.02082713,0.024447367,0.020604065,0.019620871,0.05751091,0.044903964,0.045065563,0.029706648,0.018990563,0.022666654,0.02331735,0.027780185,0.024712877,0.038300607,0.036923617,0.034022324,0.015720211,0.021219444,0.022794293,0.018214967,0.027846027,0.01882944,0.03557671,2024-04-04 12:26:00
0.029282177,0.03541487,0.022916734,0.012350639,0.030384948,0.022761958,0.029537056,0.02269112,0.01324813,0.03869914,0.03144782,0.016153187,0.036325134,0.046131484,0.016533883,0.02718056,0.017941097,0.028337907,0.032436773,0.040774453,0.022576964,0.016424587,0.023079904,0.02408902,0.021523684,0.040059574,0.023927767,0.03556763,2024-04-04 12:27:00
0.025505506,0.036126968,0.028067196,0.027055979,0.020940496,0.019418476,0.026413497,0.022659626,0.023645936,0.058090355,0.036052007,0.022226304,0.05077916,0.02602667,0.028073635,0.027467363,0.021734552,0.034251902,0.015427124,0.03628061,0.019749666,0.029045526,0.018713411,0.02144545,0.017430028,0.026301911,0.018943954,0.02219292,2024-04-04 12:28:00
0.031735744,0.030524245,0.017159238,0.020525083,0.02320139,0.021475649,0.02667536,0.019741176,0.02909032,0.037640948,0.029906765,0.019825406,0.027521985,0.023403516,0.014613251,0.024317153,0.014112996,0.028961971,0.04192555,0.04510049,0.02470549,0.020197494,0.029829174,0.040151983,0.03374357,0.031474385,0.019328719,0.0381608,2024-04-04 12:29:00
0.0289554,0.036180772,0.0803928,0.019497862,0.02212811,0.014672021,0.029070564,0.026486842,0.016476542,0.14490134,0.029251702,0.017116185,0.023959143,0.021777535,0.020460062,0.027768474,0.02422635,0.028625239,0.02557594,0.04985421,0.024820061,0.019337103,0.024616534,0.024412392,0.015378419,0.030353317,0.01951322,0.017853519,2024-04-04 12:30:00
0.03954095,0.036231827,0.034433752,0.018618979,0.029130947,0.01657889,0.038306024,0.030995138,0.024186237,0.06561954,0.029611873,0.03159981,0.023909489,0.025685767,0.031243151,0.018924156,0.025352215,0.029991183,0.027949614,0.03941361,0.02425292,0.027814344,0.007902722,0.01529657,0.020617472,0.027417414,0.02281024,0.03314339,2024-04-04 12:31:00
0.028490607,0.030301237,0.03558992,0.017755821,0.022860106,0.02284492,0.023895146,0.01976913,0.018052623,0.04179666,0.030056138,0.03127787,0.029799117,0.021596923,0.028841197,0.027322598,0.020057116,0.031959116,0.021890935,0.040453,0.026271906,0.019075079,0.028972074,0.021958053,0.016869213,0.026584648,0.017662713,0.021827707,2024-04-04 12:32:00
0.025241017,0.033964425,0.04698446,0.013940759,0.01966098,0.02084844,0.02455544,0.030998427,0.018383985,0.0503025,0.03797562,0.0362542,0.02891147,0.02565911,0.023849426,0.02889735,0.024233174,0.02611325,0.027169006,0.05212673,0.02360972,0.024463797,0.023077037,0.02323601,0.022287264,0.03129801,0.016226562,0.026079979,2024-04-04 12:33:00
0.027966414,0.043740653,0.03318758,0.024844844,0.021634556,0.019469853,0.030591138,0.02336541,0.015857428,0.059470348,0.024683563,0.025263114,0.035639092,0.043778844,0.013922903,0.01184861,0.020133538,0.028205343,0.021819467,0.036155373,0.031900223,0.014662239,0.019867534,0.023200402,0.018242298,0.03893769,0.016489616,0.035693333,2024-04-04 12:34:00
0.027194552,0.035019998,0.039152604,0.014440902,0.018202202,0.018315805,0.02314137,0.016811548,0.02017158,0.04988171,0.04025553,0.017893888,0.025801525,0.03276689,0.024813723,0.021868793,0.010670229,0.032602686,0.038066033,0.04497891,0.025963861,0.010664214,0.019658808,0.013132495,0.02090477,0.039005317,0.023477642,0.043229137,2024-04-04 12:35:00
0.028959204,0.038035683,0.036576048,0.019549925,0.026042338,0.018065393,0.02792338,0.017792372,0.022344956,0.051922277,0.033744864,0.028879313,0.028089426,0.04164204,0.01546341,0.024600433,0.020962501,0.0350546,0.028464824,0.036255892,0.027483135,0.023280675,0.013493797,0.025131041,0.011531185,0.030129641,0.021352276,0.038493328,2024-04-04 12:36:00
0.02785724,0.030816086,0.032496233,0.021446591,0.019445436,0.012373257,0.042480763,0.024290092,0.019894551,0.04828146,0.038967665,0.049131945,0.039421827,0.037756916,0.024526896,0.01837456,0.018639835,0.025170075,0.021499945,0.03582029,0.025542468,0.01629937,0.020752404,0.016273152,0.014686754,0.026555033,0.020930955,0.038281363,2024-04-04 12:37:00
0.02841475,0.02937611,0.039607815,0.021320539,0.029870132,0.021891562,0.02467484,0.16795589,0.057449322,0.05903384,0.037241735,0.01675482,0.034378666,0.033080433,0.023515902,0.06273383,0.043794718,0.025658699,0.02696223,0.050191537,0.033037264,0.019628115,0.05549503,0.016618196,0.024420764,0.024813058,0.022643814,0.03643346,2024-04-04 12:38:00
0.029065052,0.02310614,0.034661174,0.01672231,0.022792574,0.020141909,0.025943657,0.016526422,0.011818122,0.05796545,0.030699668,0.015947,0.03795383,0.02325411,0.015209949,0.024822691,0.023988146,0.026229495,0.020835033,0.048616376,0.026603859,0.021494376,0.024169398,0.018677505,0.029376872,0.025133636,0.02135393,0.034023955,2024-04-04 12:39:00
0.03215092,0.018382909,0.016289968,0.020001011,0.018948197,0.017101781,0.016849006,0.01902948,0.016918322,0.047946848,0.022210788,0.03482712,0.036983833,0.03585953,0.041250464,0.030018106,0.011891199,0.016724633,0.021339724,0.04496027,0.025685554,0.010555869,0.017875858,0.019135267,0.009402791,0.023550238,0.04535876,0.033774428,2024-04-04 12:40:00
0.027172145,0.039578777,0.04040377,0.018962719,0.018757874,0.01375753,0.023500413,0.015292673,0.016832532,0.05133963,0.021906499,0.033475436,0.02797726,0.015915995,0.018369757,0.027648529,0.019652672,0.02461971,0.027573457,0.03752889,0.027507082,0.01924501,0.025359362,0.024584595,0.029525831,0.029028278,0.022327857,0.03756441,2024-04-04 12:41:00
0.029616885,0.037606895,0.020704595,0.025095489,0.026742136,0.022306792,0.022134481,0.021388851,0.019374784,0.044843655,0.039458554,0.027437136,0.032046027,0.0324797,0.035158373,0.029168595,0.01884196,0.046917785,0.027887957,0.047654733,0.022803001,0.020405788,0.014983705,0.019172875,0.017980255,0.022213219,0.040878687,0.040217508,2024-04-04 12:42:00
0.020980602,0.04719457,0.03656169,0.014605266,0.029435785,0.01682095,0.021977086,0.022504205,0.014688909,0.04910508,0.033373084,0.043504637,0.029508788,0.022628132,0.028084716,0.021843642,0.03187051,0.030657634,0.032922667,0.042443052,0.037294578,0.020428648,0.023475315,0.023906775,0.019812772,0.038977064,0.038030382,0.038288973,2024-04-04 12:43:00
0.028660024,0.038104057,0.036066104,0.019667719,0.020071916,0.015211683,0.025048118,0.018192891,0.015653243,0.051263556,0.0310263,0.020454966,0.06972026,0.023151375,0.014782697,0.039973296,0.023908319,0.027727066,0.027062465,0.03578676,0.037816726,0.019006692,0.020567626,0.017441312,0.020936789,0.028419267,0.021028902,0.039599825,2024-04-04 12:44:00
0.02925648,0.03313459,0.02794275,0.026386082,0.021811139,0.021120282,0.023013266,0.021383364,0.041936107,0.056297712,0.037681285,0.027376436,0.03301478,0.031096905,0.030354979,0.022048578,0.023736253,0.03760276,0.047146812,0.04627336,0.025061702,0.016192267,0.023280466,0.03277964,0.019919753,0.032050777,0.01781026,0.04063522,2024-04-04 12:45:00
0.035793573,0.031227974,0.0372294,0.017697709,0.036501728,0.019411681,0.021909008,0.036751375,0.019959921,0.038022492,0.040519662,0.026260734,0.03156469,0.024265155,0.02301056,0.032142643,0.026367333,0.0303314,0.03896962,0.051000956,0.024297895,0.028513335,0.028520856,0.01554538,0.021634288,0.030735811,0.024927052,0.014115671,2024-04-04 12:46:00
0.0371183,0.03512864,0.030594138,0.016393278,0.03540929,0.017488033,0.08827551,0.0170815,0.025523113,0.04972689,0.041495718,0.028777424,0.031224623,0.022777217,0.013864927,0.037937097,0.018436113,0.03199928,0.029576948,0.052290283,0.022872293,0.022094527,0.02149096,0.021718938,0.013753916,0.030569037,0.02987235,0.04770258,2024-04-04 12:47:00
0.029684322,0.03705895,0.021429861,0.012113349,0.0291577,0.018086081,0.022481361,0.017498158,0.021302886,0.053875506,0.026358746,0.017569266,0.037121695,0.02459555,0.026689623,0.021164827,0.025676064,0.039059352,0.030510047,0.039717257,0.03277825,0.021628693,0.01388206,0.017626835,0.020119177,0.03701366,0.031651203,0.037965357,2024-04-04 12:48:00
0.023998776,0.04248456,0.022592986,0.03701951,0.029564487,0.020283472,0.022104317,0.021999348,0.020846402,0.062322088,0.028277379,0.023397377,0.03611303,0.02408769,0.03354053,0.02119888,0.018627943,0.030304953,0.02041502,0.067535415,0.032918707,0.022406839,0.019029884,0.025713017,0.023524454,0.025734928,0.017867038,0.03809592,2024-04-04 12:49:00
0.02904378,0.02416618,0.04056989,0.014795975,0.0992695,0.020743512,0.029797116,0.022340767,0.027439473,0.0411346,0.05211183,0.042284995,0.0282655,0.025337799,0.019029588,0.023381282,0.026872106,0.05159298,0.049582522,0.04523809,0.027088141,0.017693656,0.01707196,0.023233896,0.013020169,0.033652045,0.021641614,0.037568986,2024-04-04 12:50:00
0.030989736,0.031218486,0.050742805,0.014288693,0.012735221,0.020542474,0.042232715,0.025874922,0.021225417,0.052337773,0.027064692,0.030097678,0.03221492,0.03889543,0.017470624,0.021998707,0.018492538,0.037439365,0.029218314,0.05359048,0.027802525,0.02890628,0.019719042,0.022083886,0.015313806,0.026943687,0.021779971,0.052021712,2024-04-04 12:51:00
0.026025737,0.035233404,0.03374052,0.17994891,0.023238784,0.03442359,0.024796462,0.021553295,0.01723176,0.06348703,0.03088672,0.020164447,0.041305445,0.02952766,0.018041307,0.026781045,0.039419454,0.028304541,0.024843438,0.036090244,0.027366394,0.020876601,0.041286763,0.023060126,0.02077064,0.023030471,0.019730948,0.03362384,2024-04-04 12:52:00
0.029804705,0.038301848,0.03133653,0.021769788,0.026535977,0.022472005,0.029955471,0.01798582,0.02114605,0.04615848,0.035477407,0.035497732,0.03412699,0.030606069,0.01497551,0.031019462,0.026939988,0.032860328,0.06053587,0.04491687,0.025691733,0.032567814,0.025257058,0.01955938,0.03451257,0.029627293,0.01695203,0.03992604,2024-04-04 12:53:00
0.0313373,0.041171625,0.03282021,0.044898942,0.02643035,0.016584473,0.02046556,0.023796547,0.016423937,0.056476496,0.036811076,0.02898165,0.0462599,0.01801989,0.03861693,0.02140414,0.023656877,0.03225598,0.030182246,0.041603647,0.030133601,0.025065176,0.010260311,0.020805126,0.01293528,0.026930405,0.01342969,0.0366808,2024-04-04 12:54:00
0.029303813,0.039630104,0.031335253,0.03667993,0.015691586,0.086977996,0.025050038,0.019338442,0.024116546,0.12064058,0.02144498,0.022625992,0.028354982,0.026788365,0.018068038,0.01934232,0.020346241,0.032144554,0.0347522,0.044818643,0.026408067,0.01722051,0.021695636,0.022303019,0.019803058,0.018469565,0.019365173,0.039220087,2024-04-04 12:55:00
0.11901363,0.024990035,0.039043125,0.026525462,0.025936931,0.0214169,0.028492559,0.059798524,0.025111815,0.06459077,0.035044335,0.035765946,0.04207427,0.03938535,0.018291274,0.022141572,0.021812983,0.030215107,0.020918602,0.045188546,0.024907319,0.022774572,0.017700596,0.017579816,0.022408262,0.02761763,0.020675419,0.036970444,2024-04-04 12:56:00
0.037518334,0.039376643,0.03488102,0.020231588,0.048355874,0.022920707,0.026362697,0.019997068,0.020040432,0.049093213,0.03424181,0.032306813,0.033804644,0.017351428,0.02532597,0.017961364,0.025741978,0.025303826,0.0358531,0.044917688,0.020888614,0.01499495,0.025644982,0.026688045,0.016347716,0.027269289,0.022356795,0.039389417,2024-04-04 12:57:00
0.0422217,0.014886096,0.028056351,0.011577034,0.021287413,0.020202069,0.024695117,0.01913972,0.028368132,0.06408848,0.028970055,0.04689309,0.0574501,0.048420094,0.018708086,0.02034605,0.020055076,0.03699617,0.027584605,0.036496367,0.026411073,0.0358458,0.029327706,0.018965067,0.014139177,0.025502283,0.025893077,0.036042135,2024-04-04 12:58:00
0.046943918,0.024632985,0.028616697,0.022633776,0.022972373,0.020301862,0.019526538,0.029497018,0.013188369,0.05845033,0.02270007,0.011968468,0.03615643,0.024345089,0.014552696,0.015074183,0.020268468,0.0154550215,0.025983728,0.04588035,0.028830916,0.01333102,0.02208409,0.037088696,0.02605423,0.027331699,0.023013612,0.037529677,2024-04-04 12:59:00
0.040397346,0.029413382,0.030829784,0.028077414,0.02831,0.019914286,0.022273716,0.030199382,0.049786218,0.063374035,0.03358997,0.020344002,0.028469421,0.067479976,0.018069787,0.01605311,0.016158303,0.034384973,0.023438087,0.046638247,0.026574686,0.026881512,0.02057204,0.020690512,0.013631145,0.03035868,0.024672512,0.03198646,2024-04-04 13:00:00
0.028511737,0.031829584,0.036297582,0.012530852,0.02587136,0.019976811,0.026669744,0.020659797,0.026888385,0.046362016,0.022336194,0.021355812,0.02793972,0.02491285,0.025526626,0.012671224,0.02349496,0.027787527,0.033044517,0.05065937,0.025106031,0.016227983,0.03045311,0.021704488,0.013969886,0.023058876,0.016928796,0.013741421,2024-04-04 13:01:00
0.029723698,0.024780542,0.026504856,0.013639704,0.021643264,0.024341913,0.020513546,0.01355326,0.020110546,0.041459147,0.029800614,0.02269298,0.027492138,0.041853935,0.033319585,0.023377284,0.019504603,0.029583411,0.043822262,0.045625523,0.025674501,0.017006058,0.025701353,0.02060556,0.01840469,0.029956877,0.02401253,0.03953665,2024-04-04 13:02:00
0.029723613,0.026853576,0.032549284,0.011947454,0.038559556,0.020886417,0.023240684,0.0225239,0.01583408,0.047911715,0.023183947,0.021199957,0.03188188,0.026662536,0.018167518,0.016970562,0.01385725,0.043176368,0.047790024,0.036372453,0.025826287,0.015380144,0.020977117,0.028061239,0.017241163,0.029818118,0.023544462,0.036776356,2024-04-04 13:03:00
0.034107484,0.03161787,0.034022335,0.02210757,0.031821944,0.016753728,0.024753338,0.023266252,0.021110982,0.03209416,0.035792496,0.024788711,0.019803561,0.026217418,0.0289575,0.035220202,0.016383003,0.043949787,0.041092794,0.0437338,0.025028372,0.027231427,0.017614663,0.027119655,0.024927005,0.029973844,0.022696627,0.04747085,2024-04-04 13:04:00
0.042210724,0.035591383,0.01949416,0.029142078,0.022820929,0.016260132,0.026202409,0.018412974,0.019253049,0.066552356,0.04281885,0.029652141,0.022993866,0.031731397,0.02439875,0.017340573,0.015296307,0.020739798,0.032770775,0.036046244,0.023783702,0.022860935,0.02411884,0.023289945,0.018614823,0.028493734,0.015690044,0.032924157,2024-04-04 13:05:00
0.028706279,0.03980646,0.0331218,0.030053323,0.024085388,0.02099529,0.017437184,0.021424375,0.016298255,0.068700515,0.029523069,0.038939256,0.035033297,0.023920998,0.019932218,0.026556132,0.019699236,0.032374956,0.026928116,0.036466774,0.027629336,0.021408904,0.040267874,0.04842116,0.016991198,0.029919578,0.020377468,0.03856637,2024-04-04 13:06:00
0.04382294,0.01639515,0.044659894,0.016314907,0.0224299,0.020104693,0.020607095,0.022856703,0.024356022,0.061510444,0.039325126,0.020121565,0.03036594,0.024008904,0.03927976,0.0150996195,0.015433617,0.039648045,0.028465662,0.050835114,0.02528408,0.022262089,0.028295849,0.011117042,0.024299016,0.024676872,0.023445727,0.05437973,2024-04-04 13:07:00
0.030738331,0.036503166,0.036872167,0.031512473,0.021976098,0.091012545,0.022914153,0.019401478,0.027447399,0.048376054,0.025548745,0.020768443,0.028963324,0.017924946,0.01645773,0.030637464,0.011590198,0.034080062,0.037120104,0.044804078,0.026825368,0.018710267,0.022466365,0.024344677,0.016585687,0.023155153,0.023503626,0.03903059,2024-04-04 13:08:00
0.03605712,0.024531031,0.034342464,0.029435538,0.022473855,0.053957015,0.12072844,0.027907055,0.0314615,0.055666607,0.033536885,0.024583083,0.031057728,0.025126705,0.018365897,0.0300066,0.017303487,0.034301974,0.034876037,0.036489397,0.025790391,0.023698516,0.023754401,0.018417113,0.03020768,0.022962524,0.022657136,0.038600903,2024-04-04 13:09:00
0.032040797,0.036405582,0.044702526,0.03471263,0.022863759,0.053562205,0.029342655,0.026330125,0.011091518,0.04030143,0.037565853,0.028460013,0.037146825,0.022496833,0.014634991,0.024864204,0.034516178,0.039790537,0.048076816,0.041572157,0.025683887,0.015656557,0.025927719,0.023752788,0.018101012,0.026320916,0.023229856,0.035111386,2024-04-04 13:10:00
0.029819176,0.035367474,0.053783074,0.03816345,0.028652752,0.032881003,0.020860823,0.051198404,0.014304946,0.0400258,0.043165583,0.026032211,0.02920409,0.023029348,0.017831879,0.02513854,0.010877702,0.03709075,0.0486664,0.040417187,0.025851848,0.01648521,0.034142204,0.022356952,0.023878567,0.023526225,0.02369333,0.038823243,2024-04-04 13:11:00
0.041117206,0.036706205,0.03696956,0.021950886,0.020461543,0.019010067,0.024742818,0.020183863,0.01324059,0.0623709,0.028699148,0.020707697,0.028688509,0.03235024,0.01917941,0.0186002,0.02033418,0.02089429,0.036710083,0.045118187,0.03133225,0.018523289,0.027278267,0.022983272,0.02322744,0.042753976,0.030260572,0.04849152,2024-04-04 13:12:00
0.02886341,0.0454359,0.04313397,0.022617947,0.02916931,0.021469072,0.021904612,0.021166597,0.009355355,0.05242776,0.036217272,0.026111491,0.030093709,0.044875585,0.02591032,0.019008186,0.019441146,0.028871069,0.03295018,0.040696416,0.024872888,0.031656932,0.023233095,0.030073652,0.02249734,0.026755163,0.023604842,0.037372407,2024-04-04 13:13:00
0.030066237,0.026353473,0.04363995,0.020547586,0.025915444,0.022327015,0.034273364,0.03420293,0.02536418,0.058671065,0.04491289,0.029152084,0.024285676,0.043080706,0.021662291,0.01770225,0.04186942,0.03388428,0.045412946,0.04176278,0.02031218,0.0244178,0.021755172,0.01695786,0.01992579,0.022049215,0.022236554,0.034851976,2024-04-04 13:14:00
0.028048234,0.042493146,0.029494941,0.014349777,0.023899766,0.022923583,0.023561362,0.025934478,0.022334583,0.06365407,0.032908615,0.023419723,0.02791696,0.02522151,0.013641443,0.02644399,0.018820664,0.033143047,0.04216457,0.04497038,0.023195446,0.01881152,0.015952324,0.026555192,0.023252916,0.044244587,0.030788198,0.03409947,2024-04-04 13:15:00
0.063249245,0.029103614,0.0389597,0.01828395,0.021424618,0.023673026,0.020360973,0.023284215,0.021188324,0.037718616,0.032137193,0.01148034,0.030885343,0.026724273,0.02833981,0.028163213,0.015132784,0.031843808,0.032192975,0.045169197,0.028551603,0.016401077,0.018536024,0.025343804,0.02445514,0.029109018,0.023951707,0.030265871,2024-04-04 13:16:00
0.035039205,0.03777881,0.028783554,0.015844734,0.032484874,0.018381683,0.028686851,0.02757723,0.022800539,0.046490952,0.031551078,0.03031524,0.028173454,0.03879355,0.014537234,0.025887005,0.024332987,0.020879867,0.032867596,0.04491404,0.024659304,0.019250786,0.022251733,0.017593369,0.021595558,0.025422992,0.02043557,0.04484258,2024-04-04 13:17:00
0.030594964,0.02812189,0.040346917,0.037475158,0.025371382,0.015907038,0.024572346,0.01930302,0.0072861095,0.06133134,0.03196562,0.01683288,0.03150844,0.0461541,0.017678415,0.017580256,0.021288568,0.025012715,0.037699424,0.040199347,0.026797073,0.020290786,0.026093887,0.023922019,0.019526688,0.026494209,0.019005798,0.03746581,2024-04-04 13:18:00
0.022791386,0.0880054,0.026045939,0.025744855,0.02531096,0.016916035,0.033997003,0.016765127,0.01214059,0.06086199,0.027155746,0.02313584,0.028254611,0.02845402,0.024646444,0.02499522,0.01758336,0.026291534,0.029117648,0.04498955,0.042528175,0.018542552,0.02294318,0.023635786,0.021976683,0.029514477,0.022390576,0.038503457,2024-04-04 13:19:00
0.038130276,0.035357125,0.042239018,0.03036679,0.020085596,0.016179562,0.020925963,0.021537468,0.020129295,0.060577605,0.024889624,0.016317902,0.024144266,0.017587777,0.02546417,0.022338701,0.018978588,0.03480497,0.042479403,0.05252487,0.02695147,0.015429973,0.024691083,0.023950143,0.031307362,0.026949275,0.025355011,0.038269483,2024-04-04 13:20:00
0.038000215,0.035291146,0.035181314,0.02433514,0.034349818,0.018875623,0.030182742,0.019627927,0.010170192,0.04540949,0.030845808,0.023868049,0.027894137,0.020741992,0.02450894,0.026093537,0.025194108,0.027227571,0.025528226,0.0391854,0.023848807,0.019040283,0.021610726,0.025203023,0.017836407,0.029659525,0.024941657,0.039533835,2024-04-04 13:21:00
0.0650705,0.031721275,0.036769442,0.016170468,0.023840347,0.01713056,0.021276906,0.023173302,0.0238965,0.051484786,0.028530339,0.0411466,0.046485458,0.04415926,0.045836378,0.01773307,0.024221003,0.03402718,0.028018316,0.04147615,0.024639754,0.024016486,0.017613025,0.014450846,0.011707518,0.025728285,0.019626547,0.036924273,2024-04-04 13:22:00
0.030358708,0.039882217,0.042967197,0.015835444,0.02684576,0.020702237,0.017431673,0.020754078,0.022977468,0.04168171,0.03224765,0.0166655,0.033063322,0.022648172,0.018661337,0.023005476,0.014329075,0.03292336,0.04383057,0.03680143,0.024239842,0.017627688,0.03257398,0.021587808,0.035059135,0.0263115,0.02413102,0.034918666,2024-04-04 13:23:00
0.039647456,0.05023712,0.032347806,0.015155268,0.025850821,0.022085413,0.021396775,0.023179509,0.01329207,0.04111262,0.041967746,0.023931567,0.028352804,0.07034036,0.019087747,0.017990097,0.020632625,0.026725702,0.038103938,0.040353872,0.02706993,0.017515391,0.020634,0.021054178,0.02289977,0.02452405,0.018982721,0.046598725,2024-04-04 13:24:00
0.03738637,0.027373455,0.034401186,0.01411597,0.021080714,0.018309854,0.0320691,0.032026507,0.022557363,0.052849248,0.03368464,0.027494445,0.028959507,0.022386225,0.017463215,0.018762626,0.024111738,0.033398733,0.038565375,0.03637879,0.027630888,0.018959042,0.019150808,0.028089462,0.023372885,0.02568184,0.022154767,0.012971895,2024-04-04 13:25:00
0.056676045,0.028578412,0.03283765,0.021592103,0.023420453,0.012458993,0.019529477,0.015841426,0.016538918,0.060040057,0.034654573,0.038227737,0.038554464,0.026048869,0.031341806,0.039280422,0.017212788,0.03600105,0.031264838,0.042507242,0.024146553,0.01923792,0.026422381,0.026262624,0.016519556,0.024364237,0.022248749,0.04413502,2024-04-04 13:26:00
0.029701822,0.035257295,0.03375353,0.019318366,0.020433147,0.015491181,0.018119644,0.022262948,0.021012813,0.055368226,0.034509342,0.02673927,0.031950247,0.042467024,0.017926859,0.028404068,0.024092564,0.031150823,0.038468108,0.03594107,0.03935543,0.020850206,0.018590225,0.023868378,0.0170066,0.022025656,0.06150684,0.028560452,2024-04-04 13:27:00
0.03645603,0.032954473,0.028747864,0.024396423,0.023568371,0.019377783,0.021621177,0.01720232,0.01500957,0.05219203,0.03092819,0.025265535,0.03281835,0.0232395,0.027405923,0.015123027,0.028312711,0.02643992,0.024942629,0.0448179,0.019983735,0.023734562,0.019792113,0.056636658,0.018450936,0.03866523,0.020704024,0.03698911,2024-04-04 13:28:00
0.03467108,0.037912883,0.04193426,0.14884964,0.020838546,0.018268032,0.024897609,0.020534795,0.02409408,0.048398092,0.030619832,0.039667968,0.036589902,0.03603911,0.03889295,0.03167599,0.022643078,0.035924237,0.036085207,0.044582553,0.023266792,0.023796525,0.024572907,0.0255767,0.02436638,0.021646312,0.02346764,0.039384037,2024-04-04 13:29:00
0.02948476,0.039396197,0.029408786,0.019244153,0.027531577,0.018173873,0.025487628,0.022643248,0.024813045,0.06693097,0.026061278,0.06382314,0.032220725,0.017389767,0.033775896,0.020355532,0.0283673,0.022841582,0.032504603,0.045064673,0.026216585,0.015114428,0.023323216,0.025217334,0.01831294,0.02576451,0.021368679,0.032547582,2024-04-04 13:30:00
0.032217536,0.030593602,0.036662687,0.016737366,0.025807602,0.01753096,0.032626763,0.019501759,0.020241465,0.06282741,0.043488685,0.015159042,0.035637755,0.025523212,0.023082992,0.026195927,0.020635204,0.043582793,0.03420217,0.048730105,0.026593035,0.021977322,0.019599484,0.035118274,0.021740094,0.024734885,0.026187785,0.036811825,2024-04-04 13:31:00
0.03145886,0.036408514,0.026360305,0.030940756,0.02731382,0.016428838,0.1254949,0.023737963,0.016751407,0.041637108,0.016840538,0.017027928,0.033509858,0.017571345,0.017175063,0.022573201,0.014636153,0.02172668,0.035419673,0.046059445,0.025001884,0.022830496,0.01899323,0.02911186,0.01418525,0.03376742,0.02354435,0.037391867,2024-04-04 13:32:00
0.038497493,0.03614064,0.040754516,0.016559819,0.022369193,0.018772071,0.01945451,0.021842973,0.023354603,0.056009393,0.03861134,0.031063579,0.037602942,0.017153772,0.021848593,0.031187957,0.013386661,0.038050655,0.04268161,0.04703088,0.024997147,0.015782628,0.0100333905,0.016435001,0.027786091,0.023346039,0.018472958,0.038727812,2024-04-04 13:33:00
0.040322073,0.03874808,0.028261395,0.019650212,0.02033049,0.013577061,0.021280067,0.04054539,0.02749074,0.048636448,0.044825852,0.09033247,0.032495786,0.0216574,0.020936683,0.017908357,0.020218471,0.027784929,0.026897166,0.04282396,0.025651693,0.017606761,0.02427587,0.023069698,0.019166673,0.03209569,0.025171425,0.036079075,2024-04-04 13:34:00
0.030448167,0.0325764,0.03395489,0.013989299,0.025809,0.021871563,0.027113408,0.020509632,0.013648745,0.037936848,0.03707574,0.01751111,0.04761533,0.028447313,0.017867444,0.01860766,0.02383139,0.01177585,0.024142848,0.043577317,0.035939585,0.02082833,0.021525795,0.02372524,0.030352643,0.025157183,0.017611159,0.03955475,2024-04-04 13:35:00
0.029746985,0.05700115,0.03164117,0.014901658,0.023089038,0.021044234,0.023119891,0.023960061,0.014620715,0.048209284,0.03296596,0.025780817,0.054576404,0.021229539,0.012901158,0.014014699,0.026435746,0.032494817,0.02175501,0.052249804,0.025210992,0.017750287,0.011783819,0.01852335,0.027755247,0.033925783,0.01764604,0.040337414,2024-04-04 13:36:00
0.03606213,0.042169016,0.1224109,0.015205831,0.01947933,0.0256593,0.028112061,0.020832509,0.038888294,0.030688548,0.023582954,0.03303723,0.033379264,0.030311178,0.034863196,0.017237466,0.015684767,0.032484468,0.03296571,0.04442444,0.036062635,0.028306253,0.027217142,0.016402189,0.024003306,0.02720868,0.017545935,0.03896721,2024-04-04 13:37:00
0.042002704,0.03261226,0.0354957,0.023331022,0.026016215,0.016160235,0.032193642,0.02107223,0.021908833,0.051148076,0.026228916,0.038810026,0.02741593,0.040816598,0.021496559,0.028048206,0.02717153,0.03333015,0.028471872,0.044519845,0.026191378,0.028249567,0.019064011,0.024106795,0.015599802,0.036415327,0.01741729,0.034087673,2024-04-04 13:38:00
0.032972556,0.035988323,0.03746744,0.013685067,0.021344652,0.018477362,0.022764592,0.020631207,0.014299136,0.045493674,0.031442016,0.0134946015,0.029501414,0.029421812,0.017979247,0.025548745,0.043056045,0.0465473,0.044930402,0.04511278,0.024498954,0.024703475,0.021235019,0.033122197,0.023599036,0.032571323,0.022873767,0.038124584,2024-04-04 13:39:00
0.036806602,0.033800453,0.033710986,0.015597841,0.023780221,0.015401142,0.021593135,0.018683301,0.021492152,0.041986924,0.017849332,0.023235124,0.032863572,0.022032134,0.02952327,0.021577064,0.022209186,0.027625235,0.028789585,0.035515536,0.025065463,0.016576847,0.027062226,0.032759085,0.01646087,0.02149651,0.017611092,0.03697048,2024-04-04 13:40:00
0.03660473,0.0323031,0.031423774,0.021136697,0.035687402,0.018199425,0.017992109,0.018830262,0.019210521,0.045619816,0.031185985,0.015761252,0.0313279,0.02711394,0.015785472,0.02346703,0.014586675,0.036604647,0.045051318,0.044905137,0.025422636,0.013379301,0.029126402,0.034549456,0.01849946,0.04164158,0.021598727,0.03500736,2024-04-04 13:41:00
0.042125504,0.030596485,0.040258568,0.013343655,0.030135656,0.018008264,0.13478504,0.018927157,0.017494263,0.07578731,0.025044411,0.022773137,0.03305342,0.036648218,0.0155531885,0.020093722,0.015132897,0.037570402,0.03979408,0.041759178,0.028598478,0.016891206,0.021842444,0.03236057,0.030410588,0.02696885,0.020144163,0.038245823,2024-04-04 13:42:00
0.03667373,0.03362939,0.023890898,0.021343261,0.026529416,0.02138403,0.031582914,0.01997189,0.013981451,0.05785089,0.030370964,0.018436868,0.03148178,0.036534417,0.018386073,0.017694317,0.02060489,0.027831703,0.02226607,0.04478499,0.025808357,0.016775424,0.020743845,0.026451077,0.024366556,0.026362708,0.02308912,0.038924776,2024-04-04 13:43:00
0.028003655,0.03248398,0.04839602,0.016332855,0.021101175,0.017068643,0.026691264,0.022730086,0.021281952,0.056961667,0.030792138,0.040128578,0.041871816,0.042020366,0.03340002,0.019416476,0.013376669,0.038598947,0.032323238,0.04683297,0.026099583,0.02220546,0.018500006,0.019817442,0.020282699,0.029987521,0.01895176,0.038290486,2024-04-04 13:44:00
0.036481813,0.03608606,0.041159343,0.020842578,0.02420027,0.025059892,0.15796328,0.019674577,0.017522626,0.060864024,0.032234773,0.020031413,0.03394953,0.016272599,0.023699591,0.0147819035,0.023593388,0.036980197,0.037398137,0.045012698,0.025377411,0.028324315,0.02314253,0.025999691,0.05311589,0.021303637,0.024220813,0.035112195,2024-04-04 13:45:00
0.028752517,0.04222793,0.034463473,0.015608322,0.027023043,0.037307497,0.023100805,0.06304326,0.01597942,0.03672541,0.026922252,0.018522432,0.025204098,0.026549961,0.047193784,0.016079726,0.032153014,0.04235239,0.04780311,0.054042846,0.024659552,0.023347069,0.021558385,0.016959295,0.033558384,0.033218205,0.02494653,0.03914935,2024-04-04 13:46:00
0.034574002,0.025485981,0.040576972,0.018502101,0.015945667,0.017736886,0.028983401,0.029981643,0.04579883,0.059507746,0.030260669,0.022612715,0.03005507,0.035780407,0.020578848,0.07223711,0.023583004,0.04385405,0.043036647,0.044993572,0.025002813,0.0177447,0.019501979,0.011498777,0.02442783,0.02185332,0.042044036,0.038959943,2024-04-04 13:47:00
0.035323855,0.03608698,0.03129422,0.014282225,0.025538353,0.018928027,0.041652665,0.033570543,0.023804229,0.04588797,0.025861451,0.025228797,0.03227285,0.029153919,0.015239478,0.037714615,0.021266183,0.042239618,0.03151341,0.045120116,0.024588937,0.027098266,0.01682747,0.018645711,0.02135698,0.030604461,0.0293575,0.040645342,2024-04-04 13:48:00
0.032264434,0.048854508,0.03572595,0.017140124,0.024678743,0.014120781,0.02242859,0.019639997,0.014944322,0.0502553,0.047231857,0.022096086,0.024179883,0.039613646,0.017242922,0.01673893,0.018307472,0.019331556,0.028688064,0.03615671,0.025387475,0.01864155,0.02804675,0.03328809,0.023506938,0.03436158,0.022624467,0.022763468,2024-04-04 13:49:00
0.0429288,0.027882785,0.034290783,0.026280139,0.019399025,0.07905686,0.03269003,0.030210769,0.022796132,0.053828854,0.046069443,0.028866503,0.027928932,0.024432234,0.03538722,0.028317524,0.03793946,0.038427502,0.051708385,0.045160748,0.02524517,0.023969432,0.027343612,0.023358455,0.022895716,0.025445925,0.023831103,0.028889844,2024-04-04 13:50:00
0.029233124,0.04966192,0.035273947,0.022952078,0.015226769,0.02158546,0.028658258,0.018027065,0.02377016,0.05279945,0.04040936,0.03495493,0.032954197,0.025492739,0.014937062,0.020974044,0.03159219,0.037335988,0.046431027,0.04546349,0.025110614,0.016290775,0.016934648,0.02356608,0.01812388,0.024175806,0.024871277,0.020193052,2024-04-04 13:51:00
0.028750146,0.12970738,0.033360228,0.01515782,0.01803891,0.02115626,0.027063578,0.024752315,0.019193841,0.057146005,0.041318357,0.020759461,0.034546897,0.03750448,0.019951742,0.026253639,0.022797745,0.032666713,0.02170005,0.036148436,0.03077691,0.015649011,0.017401924,0.057246443,0.039739087,0.025802877,0.03077501,0.025699707,2024-04-04 13:52:00
0.029028224,0.041394927,0.030949771,0.015791807,0.027677808,0.013533041,0.030491648,0.01836999,0.015054899,0.045667443,0.05495251,0.029258853,0.026891874,0.016315736,0.045263033,0.021069918,0.02088438,0.03031694,0.020240447,0.04537216,0.02524451,0.03267098,0.025103992,0.72926867,0.02736918,0.03189082,0.023586327,0.037425343,2024-04-04 13:53:00
0.028735021,0.037583586,0.041800354,0.02272971,0.024953928,0.018213172,0.027061118,0.022800408,0.013087241,0.0654141,0.053408146,0.048915677,0.030348107,0.024147902,0.016927293,0.02572941,0.02734527,0.02345179,0.025623653,0.044874176,0.009658218,0.015832212,0.020957759,0.027795631,0.02038537,0.032746363,0.022597777,0.037726965,2024-04-04 13:54:00
0.027059255,0.03669193,0.04006663,0.017409991,0.025116509,0.017658433,0.037334196,0.02662404,0.014417501,0.050980426,0.02472484,0.03034768,0.025100881,0.04247757,0.021726184,0.027083915,0.037052773,0.036434676,0.049543947,0.045204416,0.027703097,0.029903788,0.027656777,0.023366936,0.036442105,0.02511535,0.025060382,0.034872636,2024-04-04 13:55:00
0.028516617,0.031324577,0.027745668,0.02411948,0.030300613,0.020974146,0.025500389,0.018875353,0.025597593,0.048904266,0.048011154,0.019960988,0.029981824,0.018914938,0.016368104,0.033796806,0.018126065,0.02696071,0.040291354,0.045192387,0.025597667,0.012400208,0.023172168,0.022087585,0.018552545,0.04345174,0.023605885,0.03872369,2024-04-04 13:56:00
0.031030778,0.04153478,0.03278941,0.02015227,0.02077573,0.018036773,0.015998373,0.019412912,0.022105902,0.05336706,0.032120693,0.022734838,0.027118145,0.023057725,0.017790802,0.018712709,0.014983386,0.029358374,0.027087247,0.03880113,0.025265576,0.025944283,0.01832791,0.017883293,0.023594184,0.028874958,0.0396478,0.04752698,2024-04-04 13:57:00
0.027453294,0.03309951,0.04377945,0.024382157,0.012807082,0.018994808,0.021797765,0.023374934,0.015148336,0.048045993,0.047163278,0.01272367,0.030470077,0.01276771,0.03349872,0.025063034,0.03517763,0.04518659,0.041254252,0.041341007,0.026681531,0.022785395,0.030847654,0.026768114,0.018240968,0.02307462,0.02318548,0.037531633,2024-04-04 13:58:00
0.029821105,0.03196435,0.03966055,0.023486827,0.012006647,0.025455946,0.025642103,0.01740873,0.024085056,0.030856702,0.039257593,0.053367514,0.035940155,0.022285154,0.021083744,0.01662329,0.041237198,0.040115047,0.048260715,0.04483756,0.023643466,0.030705122,0.030387009,0.016958082,0.023953967,0.02783656,0.024972549,0.035489857,2024-04-04 13:59:00
0.027827345,0.033452865,0.029788893,0.025893228,0.015459037,0.017018698,0.023646757,0.019705897,0.024117872,0.060750343,0.054688465,0.039598007,0.02979527,0.014334389,0.05042631,0.023381691,0.018518198,0.036079794,0.044955943,0.044884812,0.02497315,0.015544538,0.02737235,0.014553757,0.02472361,0.021830494,0.02152591,0.03880312,2024-04-04 14:00:00
0.035627708,0.044557128,0.038805746,0.015110919,0.015018863,0.015487835,0.024049874,0.018748792,0.021490889,0.045011938,0.047543775,0.02946432,0.03490688,0.023763422,0.015934616,0.026091639,0.01404904,0.03419473,0.037329085,0.044835716,0.02841342,0.015824566,0.021304956,0.014884692,0.018272216,0.029849246,0.025132958,0.036658116,2024-04-04 14:01:00
0.035631053,0.03647982,0.028984793,0.026607545,0.018422645,0.0188479,0.019339575,0.020067427,0.017804345,0.06238779,0.04145925,0.044690132,0.01855855,0.07091259,0.022658616,0.018194666,0.030571064,0.018403282,0.040023565,0.044872712,0.023895996,0.03299018,0.025367571,0.034602515,0.022409072,0.028423913,0.029169286,0.041934565,2024-04-04 14:02:00
0.028479366,0.03659487,0.029990274,0.037937403,0.015000765,0.018130045,0.023991402,0.022744982,0.012885877,0.0459493,0.043016475,0.015956374,0.028747683,0.023112098,0.018664032,0.023272501,0.02321971,0.03199586,0.03779673,0.040518593,0.02274003,0.011669028,0.025161121,0.023912558,0.022992996,0.034424372,0.024107391,0.042108897,2024-04-04 14:03:00
0.0431414,0.046521574,0.018441461,0.015329887,0.021828279,0.02051737,0.029561428,0.018424204,0.02358098,0.05059817,0.018214231,0.031052034,0.025033282,0.021625636,0.013657861,0.024545198,0.0135225365,0.039944302,0.042380955,0.04476139,0.025404818,0.016007837,0.024086054,0.050115053,0.028184842,0.02590733,0.024689786,0.034095712,2024-04-04 14:04:00
0.029357318,0.03768278,0.035914462,0.02604388,0.037630495,0.022116635,0.018526573,0.02320981,0.01892172,0.025553625,0.03744994,0.011676863,0.027425848,0.022936488,0.020921342,0.020149091,0.018626098,0.03465169,0.047811348,0.04481263,0.034921616,0.017330598,0.016454756,0.019868055,0.020547163,0.032865927,0.025070518,0.040560674,2024-04-04 14:05:00
0.051181808,0.038694263,0.036434397,0.03658788,0.026401289,0.021012895,0.016756497,0.016616939,0.015282,0.053884417,0.02832514,0.022479795,0.042639967,0.030233415,0.021720631,0.027722925,0.022788774,0.030777302,0.02997144,0.0400638,0.035914775,0.017413754,0.02002658,0.04289232,0.024305603,0.039198797,0.018087218,0.03922674,2024-04-04 14:06:00
0.030563349,0.023987764,0.023660058,0.13935857,0.022786586,0.017889135,0.018166292,0.028726103,0.010723907,0.053662427,0.028217362,0.031248018,0.07163976,0.046016157,0.021309393,0.021593262,0.02387378,0.02920814,0.028322859,0.045456443,0.030884694,0.029961595,0.014655232,0.021906622,0.015197293,0.028555235,0.024496013,0.035157062,2024-04-04 14:07:00
0.031772222,0.03657209,0.039360415,0.026503067,0.030822732,0.023640037,0.019980103,0.020975798,0.014273977,0.043361317,0.050897855,0.027363196,0.03184425,0.024288954,0.018402932,0.014873324,0.03944335,0.036221102,0.03618835,0.038964257,0.024519194,0.018584145,0.021682441,0.023592632,0.020517211,0.032637987,0.016003475,0.036384135,2024-04-04 14:08:00
0.03233852,0.04007873,0.042880725,0.026147904,0.024463693,0.022874052,0.023909453,0.117885895,0.020200219,0.05094271,0.04686272,0.034844108,0.028861199,0.02170928,0.04367454,0.058269575,0.044654805,0.034073055,0.018436844,0.04353463,0.026282558,0.02669714,0.017989125,0.020233557,0.015317336,0.037330125,0.02397862,0.040032074,2024-04-04 14:09:00
0.028876403,0.052757986,0.041567277,0.014577037,0.026054636,0.0112807825,0.023021715,0.020844607,0.01796252,0.01726774,0.020003049,0.03403978,0.04416596,0.026081195,0.04563011,0.0235968,0.026729386,0.029502226,0.0353514,0.03619239,0.025081797,0.02395019,0.024955895,0.025650846,0.015318518,0.030985534,0.024203427,0.04078598,2024-04-04 14:10:00
0.03064905,0.046867486,0.038278747,0.032503687,0.024217611,0.03061411,0.025303878,0.01605708,0.017514301,0.050730474,0.046817742,0.02296964,0.033846155,0.017127981,0.020972278,0.017861996,0.019343734,0.028282028,0.044739984,0.04597967,0.024759227,0.01785075,0.018401455,0.04911995,0.02339944,0.041663762,0.032017265,0.04183747,2024-04-04 14:11:00
0.029146211,0.025632435,0.030148473,0.028192386,0.029635418,0.023408975,0.033474684,0.021424605,0.022425894,0.052953284,0.04707298,0.0305756,0.031626042,0.043377507,0.038463484,0.02178566,0.024400385,0.029666215,0.09327809,0.04324516,0.023343502,0.028357405,0.015699718,0.023942165,0.015949378,0.030879261,0.033241507,0.037469577,2024-04-04 14:12:00
0.035103116,0.027698247,0.031135306,0.014830907,0.027869226,0.015790753,0.017650342,0.014881549,0.016651966,0.047321215,0.021982232,0.025451167,0.04373449,0.013230971,0.01703958,0.024613565,0.02604367,0.024909625,0.025269492,0.03567924,0.02604391,0.017983088,0.018163225,0.02305949,0.018520651,0.027653582,0.02089135,0.042682093,2024-04-04 14:13:00
0.036839437,0.035858173,0.025443047,0.017879598,0.01956662,0.01799314,0.018234573,0.013781531,0.022010943,0.048450097,0.018588487,0.014037253,0.038897716,0.026181389,0.030094437,0.020307956,0.017956657,0.029577442,0.01691438,0.03580775,0.025684578,0.010243293,0.024363417,0.022099089,0.01738004,0.036181763,0.028651554,0.02159231,2024-04-04 14:14:00
0.03215791,0.023591572,0.040210858,0.038517118,0.026487553,0.020804226,0.025852624,0.02426952,0.019743131,0.04438012,0.044234443,0.019122954,0.034339026,0.026979527,0.028096443,0.026939552,0.015228473,0.034182373,0.03091303,0.040280685,0.034140345,0.02456769,0.015492508,0.04847417,0.0217337,0.026054278,0.022706987,0.043815203,2024-04-04 14:15:00
0.033560134,0.03821398,0.030960128,0.01830275,0.018258233,0.019365408,0.02048865,0.018319143,0.021939253,0.05145732,0.04301351,0.016432684,0.034301758,0.016366523,0.020958435,0.028074492,0.032702334,0.03970285,0.04037315,0.04518196,0.02461592,0.02534841,0.017579354,0.01913759,0.022309132,0.022513282,0.021101447,0.039343964,2024-04-04 14:16:00
0.03812574,0.037842024,0.025560321,0.033603895,0.034981016,0.019323518,0.022866534,0.016688308,0.017251123,0.050920103,0.016137198,0.049519565,0.032086458,0.028634494,0.01977322,0.022963984,0.018727412,0.043954633,0.020920407,0.04490234,0.030017806,0.012992759,0.026684193,0.04405593,0.014228442,0.0251897,0.026347533,0.03906992,2024-04-04 14:17:00
0.028293796,0.04051264,0.036820628,0.023585653,0.017661544,0.020953562,0.021889292,0.026509142,0.016673809,0.045377497,0.05419996,0.018081212,0.036093026,0.026550818,0.02986897,0.018994164,0.012392449,0.041818693,0.028853381,0.047183096,0.024885044,0.026926955,0.025540417,0.036021385,0.015667753,0.021506894,0.024115343,0.038324945,2024-04-04 14:18:00
0.032920435,0.03797616,0.030115945,0.016034555,0.030492472,0.02547251,0.019190287,0.022683026,0.013558157,0.038390476,0.0533186,0.021387229,0.029152205,0.021037227,0.03709187,0.021870462,0.018086668,0.035053283,0.021806154,0.043597396,0.028100902,0.0289567,0.034286037,0.024690172,0.026452972,0.02551706,0.021792274,0.038254246,2024-04-04 14:19:00
0.03575968,0.039004125,0.035653703,0.03858961,0.027478952,0.024351541,0.032040983,0.12569074,0.021396335,0.046889395,0.01658127,0.026173852,0.048109353,0.0334191,0.019360503,0.029889187,0.024774117,0.042387933,0.030226484,0.04894396,0.036728915,0.033074066,0.018164104,0.01438102,0.025078785,0.023393363,0.017677378,0.035244327,2024-04-04 14:20:00
0.029829443,0.058481414,0.02857742,0.021264954,0.03303831,0.012648618,0.023992615,0.019665696,0.029520862,0.0587567,0.029175283,0.053859502,0.034268174,0.022018174,0.04112859,0.017122513,0.023299072,0.03323517,0.045126446,0.0451222,0.026386086,0.016015243,0.015136308,0.020932928,0.027790671,0.027590238,0.03310522,0.035277702,2024-04-04 14:21:00
0.029770667,0.0429486,0.034063477,0.023348859,0.020860061,0.016383786,0.016364666,0.02524934,0.022963103,0.0668059,0.022074299,0.039556265,0.037137825,0.10400783,0.027551599,0.023345318,0.011677932,0.03542374,0.0145278545,0.04525007,0.025085526,0.026940638,0.021992534,0.011943878,0.018147944,0.027996937,0.023388011,0.033832476,2024-04-04 14:22:00
0.030734137,0.045038357,0.035468552,0.015357141,0.021142317,0.019715864,0.024895176,0.09096045,0.03113792,0.040228393,0.038997456,0.023880038,0.06345027,0.029256973,0.016288625,0.028809855,0.012469722,0.035554733,0.043329477,0.041937917,0.026894346,0.019285122,0.020124845,0.017865112,0.02747316,0.02515006,0.022209572,0.039644115,2024-04-04 14:23:00
0.02865422,0.041499134,0.0424071,0.01738586,0.018867658,0.023281546,0.018726176,0.022812232,0.016067669,0.051669035,0.04424608,0.024512488,0.029748296,0.03296904,0.014903058,0.018269842,0.025336733,0.03872912,0.03343253,0.04638079,0.024205081,0.032962337,0.016414827,0.030964758,0.025730163,0.022838218,0.021410005,0.039815545,2024-04-04 14:24:00
0.030215327,0.05806192,0.04471871,0.018938493,0.020630473,0.02178491,0.013364127,0.025821041,0.013180546,0.05556487,0.022985902,0.012985392,0.027027352,0.027872333,0.02927031,0.030091617,0.037875567,0.040108014,0.037712242,0.04183349,0.024708433,0.027348915,0.026913505,0.018578935,0.0184285,0.034033123,0.024598155,0.04153996,2024-04-04 14:25:00
0.038770687,0.03595688,0.026552588,0.021006985,0.0295292,0.01423145,0.020082176,0.020060321,0.017363286,0.056085255,0.043990567,0.0126686115,0.029028442,0.034091704,0.020084416,0.014816552,0.028852116,0.029504089,0.05042155,0.036596745,0.024206484,0.020199442,0.019748654,0.031098712,0.023723723,0.024297535,0.021313306,0.03688038,2024-04-04 14:26:00
0.028142665,0.027584719,0.041567504,0.011521716,0.017448962,0.018115323,0.028900256,0.020950975,0.022150375,0.045300134,0.018633116,0.022218045,0.027369434,0.0177817,0.028559387,0.018382585,0.01966722,0.022671444,0.02956412,0.044881865,0.03652114,0.015292756,0.020446463,0.027565394,0.03574246,0.025925273,0.02369454,0.042717434,2024-04-04 14:27:00
0.04014382,0.054242082,0.039675966,0.024487905,0.030117622,0.03427023,0.020802386,0.024331093,0.016255345,0.04605183,0.025312725,0.022412399,0.03377835,0.0324272,0.03013402,0.018011255,0.018740881,0.036902416,0.038782164,0.04374566,0.023991168,0.022936605,0.02806327,0.015563468,0.021809239,0.02316362,0.02001809,0.032181874,2024-04-04 14:28:00
0.035112668,0.03497678,0.028876523,0.052866098,0.026424987,0.02027207,0.015863322,0.021855233,0.02057859,0.069353424,0.03426122,0.03625064,0.07873601,0.025788704,0.03191472,0.022868175,0.01770404,0.029314158,0.020138932,0.045108367,0.024865178,0.011911427,0.022640217,0.02572291,0.022586217,0.023931412,0.018110136,0.041658122,2024-04-04 14:29:00
0.032548513,0.03732124,0.028347738,0.023015913,0.018092163,0.021031175,0.021862596,0.01799034,0.023634963,0.06928105,0.042684432,0.03602009,0.03139062,0.032630704,0.024155648,0.02478512,0.027795937,0.03462796,0.03829066,0.046658088,0.024213923,0.015134116,0.022746693,0.0212712,0.024862537,0.02383289,0.02609843,0.03466259,2024-04-04 14:30:00
0.038745075,0.025907794,0.030798387,0.028153433,0.028157597,0.017137492,0.0253638,0.021843882,0.010828854,0.05706374,0.035206072,0.021246478,0.033026896,0.01934,0.043558322,0.028066942,0.024680093,0.021615049,0.025282862,0.044988446,0.025843218,0.017471101,0.01760311,0.0232399,0.020696038,0.0290716,0.0225989,0.040974498,2024-04-04 14:31:00
0.036417324,0.03579772,0.030120242,0.07405214,0.022582838,0.022744432,0.023770845,0.028654981,0.015286862,0.03558305,0.028150754,0.018427327,0.03103324,0.02508555,0.016911937,0.0195302,0.012255554,0.027909337,0.03237315,0.03576412,0.028164553,0.01857628,0.011786687,0.019107215,0.014659859,0.028844254,0.037902128,0.021077307,2024-04-04 14:32:00
0.038228616,0.04612699,0.03538739,0.025340702,0.02495545,0.018274337,0.050898027,0.019564923,0.04178386,0.05819063,0.04093107,0.021576935,0.03254528,0.018763117,0.020865183,0.022052625,0.022381334,0.031204026,0.030983798,0.037792277,0.026745,0.018456493,0.018034358,0.011478397,0.019732013,0.023346292,0.02238099,0.039354652,2024-04-04 14:33:00
0.026116084,0.035893958,0.02663009,0.01872472,0.02446201,0.015400224,0.029346358,0.01838812,0.011764045,0.06038369,0.035631664,0.05025815,0.034556426,0.021232694,0.02397324,0.019990219,0.018565511,0.028744282,0.017923912,0.041368026,0.01841657,0.026555356,0.021853672,0.022780783,0.024889095,0.025151348,0.017098289,0.035582136,2024-04-04 14:34:00
0.029948466,0.038794126,0.045843095,0.021406103,0.019855483,0.015604985,0.026570035,0.022594396,0.02139836,0.04141957,0.025294175,0.031434573,0.042170726,0.01482642,0.036417518,0.026622083,0.02182639,0.034628585,0.028327826,0.03720295,0.036494143,0.02130861,0.0174707,0.028370647,0.020939825,0.02410636,0.02248985,0.03452912,2024-04-04 14:35:00
0.029954717,0.033611257,0.02818554,0.013987335,0.024089418,0.014306571,0.020223865,0.020020299,0.021036822,0.0354306,0.041117374,0.030674381,0.024335496,0.026857557,0.018677771,0.016975071,0.022243725,0.032794654,0.03498996,0.044863675,0.0254958,0.016810104,0.012665086,0.016103022,0.010845731,0.028236499,0.044374812,0.037230425,2024-04-04 14:36:00
0.027409323,0.06865134,0.03657542,0.023788258,0.02949543,0.020584997,0.02091145,0.018364023,0.01930443,0.038793538,0.02233646,0.032293305,0.023778483,0.033721678,0.012927692,0.03150958,0.044505056,0.0415341,0.05221619,0.04511043,0.025192086,0.019550107,0.01598315,0.017385492,0.020012347,0.028540822,0.019573208,0.04244959,2024-04-04 14:37:00
0.027176177,0.044964295,0.046416126,0.020702556,0.028261462,0.026195502,0.020834781,0.017435713,0.012668809,0.0567233,0.037848525,0.03363159,0.04584133,0.015991438,0.025087453,0.024400355,0.0155911865,0.040181585,0.049917035,0.04481895,0.025412096,0.024173321,0.026350534,0.018476522,0.013339851,0.033229824,0.02449093,0.047435917,2024-04-04 14:38:00
0.042232204,0.05399217,0.034155592,0.01616055,0.024645796,0.022475269,0.027793858,0.018903479,0.025252167,0.051038112,0.0374816,0.021473883,0.036127158,0.031926867,0.021039534,0.026877137,0.020557415,0.03260742,0.03204252,0.03630286,0.025412349,0.01848223,0.012713154,0.034658402,0.020567091,0.02156461,0.026240256,0.044974383,2024-04-04 14:39:00
0.026994318,0.052126452,0.03205879,0.018406596,0.020247566,0.029983569,0.035001494,0.018481864,0.021786606,0.059267372,0.04504771,0.02583329,0.03339061,0.024963655,0.03324306,0.019065026,0.027228987,0.031229567,0.030249935,0.05246525,0.03801344,0.025425205,0.022451019,0.035937045,0.018360114,0.028689377,0.029374838,0.031670917,2024-04-04 14:40:00
0.046419103,0.034206305,0.030502573,0.019193778,0.028149478,0.021107173,0.021157445,0.022472428,0.056535307,0.06208626,0.021625886,0.055917453,0.03961524,0.031565875,0.04517669,0.02708827,0.026083216,0.023774574,0.09141498,0.040997833,0.030661665,0.023206621,0.025497463,0.024534285,0.016283369,0.028357133,0.041546162,0.038587917,2024-04-04 14:41:00
0.039196264,0.017678607,0.024869066,0.016752936,0.019410051,0.020657174,0.014822422,0.017599477,0.027415328,0.050316263,0.036878914,0.027147483,0.028946556,0.034449287,0.019088019,0.022869142,0.025491469,0.028739817,0.028752564,0.03557276,0.028444992,0.019353913,0.021534627,0.0208119,0.016963147,0.030194266,0.022128303,0.036655124,2024-04-04 14:42:00
0.031111805,0.036075134,0.044053093,0.021955246,0.017246438,0.020157713,0.12974985,0.02221015,0.016861657,0.048394434,0.0378689,0.024983143,0.030036956,0.026711682,0.013610277,0.024284648,0.020465808,0.032462373,0.032032542,0.04475542,0.026804563,0.0279021,0.026027793,0.025253396,0.021333449,0.03528959,0.02889021,0.03380273,2024-04-04 14:43:00
0.02428083,0.028840825,0.041645933,0.01680998,0.025799505,0.029153978,0.022958346,0.022444008,0.0217462,0.04254527,0.041543618,0.035624914,0.032923978,0.029385272,0.018878845,0.018103587,0.020091506,0.041393224,0.029225368,0.06777318,0.02614579,0.025480941,0.030245656,0.017087797,0.030204743,0.02884645,0.040703893,0.036938168,2024-04-04 14:44:00
0.031810675,0.037597034,0.043452073,0.014278967,0.023916554,0.016255472,0.01853953,0.014033918,0.012465049,0.04244159,0.021423452,0.031894576,0.03456531,0.01872529,0.015489746,0.020352537,0.024941683,0.028559336,0.030621719,0.03669382,0.03425379,0.025413321,0.020307189,0.025824202,0.01929933,0.027526924,0.024743948,0.04380232,2024-04-04 14:45:00
0.02666908,0.045491867,0.035617888,0.01268079,0.030374771,0.021136569,0.027523024,0.02298223,0.02641099,0.035172265,0.041891806,0.019068317,0.049725547,0.024491252,0.055786192,0.022256685,0.029173836,0.03122411,0.034640808,0.035867464,0.023015251,0.02296362,0.016460959,0.050192818,0.016937545,0.032324202,0.023787912,0.03733076,2024-04-04 14:46:00
0.035159364,0.03791012,0.02195551,0.021064574,0.023434568,0.019132745,0.03285067,0.016853988,0.013454669,0.05619756,0.04673697,0.015916824,0.04032695,0.032845818,0.021959854,0.026029797,0.013277988,0.029010223,0.023765637,0.04547096,0.027301408,0.01695183,0.022069244,0.021342823,0.008532871,0.032391943,0.024085306,0.04009345,2024-04-04 14:47:00
0.033323597,0.030667344,0.023445042,0.07148065,0.021833675,0.02317299,0.023573056,0.028161876,0.014664282,0.06043767,0.032556422,0.018684445,0.027577847,0.019703567,0.019248132,0.015129614,0.027857834,0.025982691,0.028161388,0.039464984,0.025176348,0.023757327,0.019294538,0.044168714,0.017844623,0.024499252,0.033099115,0.016511993,2024-04-04 14:48:00
0.028260648,0.036604717,0.02204321,0.019514855,0.022214795,0.019576833,0.032348793,0.021769961,0.013258051,0.05519959,0.041860864,0.013646999,0.04225819,0.027202208,0.016133446,0.021315334,0.012647343,0.03292436,0.032421786,0.04498538,0.025279794,0.020133546,0.0218311,0.019961739,0.023325766,0.025685156,0.02379418,0.027370265,2024-04-04 14:49:00
0.041069467,0.03769221,0.030674785,0.024411341,0.026324604,0.019760972,0.068244405,0.017105155,0.017522724,0.05094037,0.05203419,0.025572672,0.055138525,0.0242493,0.033017695,0.019291589,0.023561845,0.035593115,0.03151819,0.037486438,0.025332531,0.019420061,0.020618048,0.021694863,0.019411188,0.026467789,0.030601207,0.037707046,2024-04-04 14:50:00
0.029799711,0.04104323,0.033869002,0.019060839,0.025190854,0.015833868,0.028662618,0.039474003,0.02579812,0.046178833,0.025197946,0.01511512,0.044238884,0.03157574,0.01825865,0.022537805,0.023838468,0.02803286,0.050902046,0.11420806,0.02645134,0.015606295,0.013000656,0.024153156,0.019812942,0.019194888,0.02142506,0.030031538,2024-04-04 14:51:00
0.038623292,0.03513013,0.07918927,0.022423936,0.018178342,0.051274143,0.01807629,0.023614414,0.0131588,0.05054188,0.03862918,0.030054526,0.036715895,0.021674648,0.015066593,0.031141443,0.01800392,0.027098404,0.04060612,0.044177223,0.027564459,0.018279202,0.021155544,0.024656458,0.03853919,0.022094212,0.023162121,0.038360927,2024-04-04 14:52:00
0.026379239,0.034693267,0.033313494,0.016845273,0.025337119,0.0130687645,0.027952101,0.021568332,0.017425485,0.036864184,0.034097146,0.021156924,0.035920765,0.018182103,0.025575247,0.028331948,0.025966687,0.026765252,0.036077533,0.04744835,0.026263157,0.019437155,0.025722696,0.025831,0.021488175,0.026254522,0.02311155,0.040486462,2024-04-04 14:53:00
0.023712909,0.039821595,0.026459035,0.016691476,0.026159426,0.015003756,0.029681044,0.02113463,0.051370908,0.061041698,0.04979879,0.02860816,0.07071912,0.028059833,0.01919479,0.028759578,0.02223997,0.029324187,0.028586745,0.04138377,0.019584576,0.02280048,0.018777821,0.026933348,0.039347485,0.021970456,0.022133028,0.037944205,2024-04-04 14:54:00
0.028521547,0.03261898,0.028293239,0.015628055,0.07355957,0.0131625235,0.020313988,0.023139166,0.018750213,0.06419177,0.029326154,0.021311654,0.030389082,0.027335469,0.024970496,0.022279628,0.03055376,0.043538064,0.049969975,0.04626166,0.01811247,0.023341062,0.01867967,0.019553961,0.020628674,0.035305798,0.019093778,0.035674263,2024-04-04 14:55:00
0.027736016,0.032684088,0.018602578,0.024304679,0.024775276,0.01811223,0.022516983,0.021319266,0.019482814,0.049797058,0.031671163,0.03150785,0.029724866,0.02499854,0.020100433,0.018011857,0.012140697,0.05073738,0.042546745,0.045945484,0.0323083,0.027899455,0.024235655,0.021742012,0.03594031,0.027680334,0.022809764,0.0142608695,2024-04-04 14:56:00
0.03946257,0.032536123,0.031076992,0.047438584,0.020367883,0.01711536,0.023579504,0.021647181,0.017559115,0.04843891,0.022318706,0.019774858,0.032012258,0.016078822,0.0446578,0.017759142,0.021468678,0.025609737,0.022662375,0.0442162,0.021736253,0.031009097,0.02934893,0.025760368,0.014274008,0.038198438,0.01849837,0.03797031,2024-04-04 14:57:00
0.04164947,0.04166541,0.03299855,0.016791197,0.042024303,0.01858181,0.10870023,0.042423148,0.02094098,0.03137877,0.055210646,0.021965226,0.03457237,0.03111428,0.026620593,0.024012465,0.030528259,0.024535872,0.03848675,0.04378212,0.026451264,0.015749594,0.020264853,0.039107446,0.015935712,0.037783846,0.026670525,0.05112629,2024-04-04 14:58:00
0.039659522,0.036146235,0.020335833,0.026100095,0.024350008,0.02099271,0.05211071,0.024059001,0.015958088,0.051348653,0.031428233,0.04431089,0.03828439,0.03332992,0.02336181,0.024227157,0.026438823,0.031185566,0.057580948,0.0461897,0.024290424,0.020148134,0.033483464,0.027018176,0.014394437,0.029750029,0.026566183,0.04063986,2024-04-04 14:59:00
0.031502258,0.030760266,0.03390019,0.013372815,0.022157408,0.032350156,0.02609306,0.025432792,0.04485763,0.044807818,0.036568668,0.04801382,0.027883349,0.021596067,0.0214499,0.019487498,0.024397083,0.030930206,0.033897802,0.036339324,0.025041146,0.02292255,0.033840716,0.021606013,0.017346205,0.033556864,0.02440124,0.035411686,2024-04-04 15:00:00
0.06728401,0.035644896,0.031187711,0.03237192,0.025336651,0.024495015,0.0212266,0.023012789,0.02615927,0.039820302,0.031489007,0.017147815,0.03492527,0.028414898,0.017714128,0.030290091,0.023688165,0.032730903,0.025726942,0.04499116,0.023643075,0.014723759,0.028700832,0.025150934,0.01695494,0.042821713,0.019203681,0.0389196,2024-04-04 15:01:00
0.046548195,0.05240991,0.03237756,0.02807392,0.02273813,0.020483116,0.01992387,0.030888159,0.029258283,0.050535295,0.024244893,0.031159751,0.031914096,0.018556325,0.018000923,0.020153942,0.026788117,0.031035578,0.027425552,0.03660176,0.0384233,0.022595238,0.015114623,0.029619016,0.019713387,0.02528209,0.023931965,0.040148504,2024-04-04 15:02:00
0.061270747,0.0339511,0.016340861,0.021116689,0.021028807,0.017852686,0.024261333,0.022298163,0.024621146,0.066198766,0.026475608,0.020301148,0.039978966,0.03153494,0.016129894,0.024596363,0.024387313,0.025106816,0.01790659,0.04495627,0.025484335,0.017598659,0.032732964,0.025544202,0.013325838,0.027925458,0.030699218,0.035426773,2024-04-04 15:03:00
0.049825996,0.031284485,0.04045351,0.02337334,0.02707952,0.018692624,0.019293467,0.021884136,0.022671614,0.035892155,0.022464791,0.016254116,0.0509642,0.020157197,0.029628515,0.015074843,0.023009535,0.031201674,0.026667202,0.049887728,0.023852793,0.028478114,0.005862509,0.052259948,0.014588374,0.032280426,0.022748178,0.03850497,2024-04-04 15:04:00
0.0683903,0.037298027,0.03957698,0.025732342,0.0253499,0.017848877,0.020848475,0.021595705,0.014335487,0.034822084,0.033534944,0.028436473,0.022972917,0.02639897,0.016174018,0.021435134,0.02603594,0.03054763,0.037580993,0.044883538,0.031433783,0.019573603,0.026373968,0.022845324,0.02524422,0.030628266,0.02387015,0.037252672,2024-04-04 15:05:00
0.06667536,0.037417155,0.022876829,0.022729235,0.015837772,0.015082244,0.075072356,0.01973755,0.023840481,0.043136515,0.03647292,0.029891798,0.02719766,0.027098415,0.024287354,0.020586187,0.01997705,0.019843252,0.04096895,0.04527242,0.027060501,0.011684475,0.046701647,0.02023148,0.020752452,0.020070214,0.027044617,0.036659762,2024-04-04 15:06:00
0.04651183,0.054320443,0.033898223,0.015529284,0.026564427,0.022393158,0.021657495,0.013790866,0.020864075,0.048782974,0.03136145,0.022831762,0.022997543,0.02343105,0.018272458,0.024986824,0.023035599,0.040726293,0.04653075,0.045164593,0.025077406,0.01556182,0.030195236,0.027280943,0.019461751,0.029517036,0.024104126,0.03457183,2024-04-04 15:07:00
0.038341172,0.04224237,0.036678314,0.022379125,0.022956833,0.019532466,0.03308147,0.022540456,0.02374416,0.060618408,0.0390792,0.018777167,0.031284105,0.03146783,0.02363491,0.029138073,0.016353145,0.019575277,0.047460765,0.045092426,0.023436591,0.022673856,0.012976492,0.017169096,0.019343756,0.02625793,0.025145361,0.036531005,2024-04-04 15:08:00
0.051814914,0.04973097,0.042691626,0.22430141,0.025321336,0.016723273,0.021189025,0.021757057,0.013452202,0.10590658,0.034812927,0.03359124,0.021484295,0.033269845,0.021702778,0.026466329,0.020617863,0.060296044,0.029284049,0.03918393,0.022977652,0.023023268,0.021957623,0.042422604,0.019942736,0.025996558,0.022718066,0.05931895,2024-04-04 15:09:00
0.06755676,0.041868385,0.04103277,0.019092355,0.027137337,0.014832703,0.023442578,0.021275578,0.013183833,0.067834735,0.026452517,0.02532261,0.022506932,0.019198105,0.03987928,0.024527729,0.023297187,0.023624133,0.04505057,0.044828944,0.023473898,0.02431964,0.024924712,0.023274196,0.024375515,0.021987999,0.018648822,0.03791821,2024-04-04 15:10:00
0.052497108,0.032625202,0.035581186,0.024376778,0.021691533,0.019968761,0.02471957,0.023385162,0.023132663,0.060347553,0.031826105,0.038626455,0.028720431,0.033512544,0.020658629,0.022338687,0.044803757,0.030091742,0.032458827,0.045950986,0.026306652,0.01972008,0.029994285,0.015739525,0.020684365,0.02286179,0.027282268,0.03944029,2024-04-04 15:11:00
0.03670288,0.03782059,0.04142155,0.017083421,0.031819317,0.035815284,0.026637759,0.020737452,0.019043233,0.047417548,0.040710405,0.019964913,0.036826264,0.033797987,0.024593756,0.11823068,0.018707827,0.035809364,0.0374191,0.038331,0.024257626,0.018999953,0.027184127,0.019939648,0.012662988,0.027301628,0.018919364,0.03912524,2024-04-04 15:12:00
0.013983212,0.03249357,0.033081785,0.04062365,0.020030748,0.022044942,0.019065758,0.021288216,0.023520341,0.051478818,0.02296601,0.023821875,0.035633657,0.017174222,0.014246526,0.019690802,0.023608087,0.031451847,0.024801204,0.044856995,0.026245631,0.022124419,0.027902994,0.019464498,0.018607117,0.027997723,0.017702976,0.014142185,2024-04-04 15:13:00
0.036601733,0.044984654,0.014721823,0.018845329,0.023288183,0.022048056,0.031345613,0.0480909,0.015593714,0.046308435,0.049436234,0.019501476,0.033559762,0.02499733,0.017437147,0.022138512,0.021573078,0.019748336,0.029042464,0.039370533,0.023944952,0.025704188,0.02719224,0.019802436,0.020889292,0.030543763,0.021571921,0.0372024,2024-04-04 15:14:00
0.07699606,0.038655058,0.119446896,0.017611617,0.025344476,0.012399246,0.020046208,0.021876957,0.019842468,0.06417584,0.049649406,0.020212471,0.035098135,0.017544426,0.028261932,0.027295714,0.02365401,0.028129831,0.029291946,0.048365343,0.031764388,0.027715025,0.030756086,0.029523496,0.019586744,0.025423337,0.01654274,0.039465364,2024-04-04 15:15:00
0.06286317,0.030992895,0.03292244,0.013695109,0.0196875,0.014867551,0.029999347,0.013964335,0.023154372,0.052974395,0.029548153,0.047204774,0.05115789,0.021877274,0.01393185,0.017331488,0.02346842,0.029196586,0.023426717,0.040162586,0.034271546,0.014671072,0.022502994,0.03371699,0.022905,0.030187653,0.027612276,0.039757196,2024-04-04 15:16:00
0.030043757,0.037100356,0.035129927,0.013323165,0.022698946,0.021491738,0.023654917,0.022617282,0.015101473,0.050397184,0.02057983,0.01161332,0.034637418,0.027390998,0.024866035,0.021881301,0.013977692,0.03021988,0.032717478,0.039310627,0.030159792,0.018716602,0.018137818,0.021635003,0.018051587,0.03040083,0.021756247,0.040308096,2024-04-04 15:17:00
0.028842319,0.016390545,0.041554954,0.015668407,0.06377792,0.022533493,0.0245683,0.018605001,0.018983426,0.054599546,0.032500215,0.040894136,0.028657636,0.029018078,0.022091385,0.030385356,0.013563247,0.031589825,0.040718604,0.04491182,0.025109269,0.019838922,0.030001558,0.018961791,0.017166214,0.035108134,0.021498755,0.0367488,2024-04-04 15:18:00
0.07299081,0.052492436,0.032643188,0.021728663,0.026253214,0.015713777,0.02424097,0.022275813,0.018907694,0.06305981,0.03804724,0.041909523,0.034536712,0.02454357,0.04025414,0.015458004,0.026199264,0.021730637,0.08102579,0.041298904,0.036640413,0.015272686,0.022741746,0.025312107,0.027180212,0.026696732,0.05415747,0.038660303,2024-04-04 15:19:00
0.037742686,0.028160729,0.039086413,0.017631399,0.031380266,0.018474557,0.02342191,0.02243713,0.019125195,0.043146778,0.028204286,0.026276322,0.03973839,0.034703627,0.015147207,0.02072549,0.04030371,0.035541285,0.033273328,0.044905536,0.024602244,0.01833467,0.026020665,0.030541433,0.033461295,0.02690162,0.03797045,0.03867085,2024-04-04 15:20:00
0.03479506,0.04343226,0.023991868,0.02306493,0.02518909,0.013445247,0.031070668,0.021475062,0.03387854,0.057159793,0.035126783,0.035122383,0.022422481,0.020167569,0.03972746,0.023448726,0.02088824,0.030133301,0.024708876,0.03683005,0.02859399,0.015846245,0.016595138,0.030204238,0.021586535,0.030719185,0.028503194,0.029105833,2024-04-04 15:21:00
0.04462694,0.03808642,0.036812387,0.022849677,0.021179127,0.016396869,0.02660661,0.01787443,0.01930683,0.05712797,0.037629336,0.030130642,0.026845992,0.026348265,0.023104541,0.046181474,0.011524804,0.034342412,0.032271855,0.035998803,0.025496991,0.019554278,0.018983098,0.022040155,0.032305468,0.031939268,0.021826204,0.040203508,2024-04-04 15:22:00
0.044137068,0.037786715,0.028883826,0.016209345,0.027958127,0.02183165,0.024268035,0.021662122,0.011447388,0.055575866,0.045235053,0.021859994,0.028128447,0.027739769,0.05074522,0.025124084,0.020822586,0.03584056,0.03816103,0.044828467,0.025966201,0.01948895,0.016298775,0.0271364,0.017941562,0.023694146,0.02302607,0.038863372,2024-04-04 15:23:00
0.06955803,0.03598569,0.039070725,0.025690785,0.02503635,0.015551667,0.024991201,0.02110691,0.024578426,0.047225367,0.03132259,0.015636614,0.030338474,0.029635124,0.02953829,0.023225928,0.016447963,0.03650158,0.028429143,0.036012184,0.025562117,0.020402605,0.016990306,0.024656218,0.03016878,0.022210266,0.0224913,0.042163428,2024-04-04 15:24:00
0.04846108,0.030238112,0.042617224,0.017623132,0.037995365,0.023172146,0.025341472,0.023525871,0.022625338,0.05196678,0.021753082,0.03198648,0.03126277,0.021183379,0.019545395,0.018543331,0.026053282,0.04844176,0.04269225,0.04489539,0.02499612,0.034933377,0.02867237,0.027837656,0.026609344,0.038913324,0.043678,0.048845332,2024-04-04 15:25:00
0.033085868,0.045170702,0.030093422,0.015737213,0.02073789,0.019547815,0.021740051,0.022710517,0.022029992,0.0664648,0.024618285,0.041595116,0.03885358,0.018064238,0.022109723,0.018585224,0.026279077,0.02930921,0.025851088,0.036361597,0.026982931,0.020452995,0.022834616,0.020710954,0.023389423,0.025361568,0.028244536,0.041989993,2024-04-04 15:26:00
0.031053938,0.025421014,0.03545221,0.017180638,0.02591906,0.018980877,0.022026446,0.022564981,0.019034524,0.054641392,0.028937409,0.048345737,0.02941835,0.024403913,0.04367943,0.015203296,0.017577441,0.03310896,0.024431175,0.040653363,0.023395887,0.025278348,0.019316224,0.02061534,0.021737408,0.032878228,0.021822501,0.028382227,2024-04-04 15:27:00
0.031039113,0.030872136,0.026549168,0.02083574,0.022114633,0.02209367,0.25210664,0.027466377,0.034180183,0.059079263,0.03140106,0.059191905,0.028474938,0.03182595,0.012882719,0.01700003,0.014358653,0.036637157,0.03189691,0.042760205,0.02327253,0.026783183,0.013559672,0.020434635,0.020755576,0.030040955,0.022804536,0.03911721,2024-04-04 15:28:00
0.029819721,0.02767085,0.03606514,0.014913603,0.02297072,0.019305572,0.020146687,0.019465126,0.015537457,0.047541853,0.020281121,0.024832748,0.057970557,0.023965912,0.015794998,0.02346517,0.019408252,0.033208862,0.030194988,0.035546783,0.025629157,0.034712445,0.027385144,0.020949295,0.017119544,0.028534539,0.018920094,0.039234713,2024-04-04 15:29:00
0.02864677,0.033370294,0.043562144,0.020105796,0.020440314,0.019197077,0.020710062,0.020031387,0.028213467,0.04742144,0.049310725,0.046835933,0.05307924,0.02062288,0.049900856,0.023153417,0.013804449,0.03994526,0.04343337,0.044939645,0.024563937,0.01958576,0.0128740985,0.016406514,0.028106853,0.03007498,0.05492933,0.036781706,2024-04-04 15:30:00
0.04305901,0.029717214,0.034950353,0.028793458,0.021916017,0.012731782,0.077839635,0.023706194,0.019579109,0.0508062,0.027398488,0.028373595,0.03294781,0.0337244,0.022017693,0.014542595,0.017408585,0.02957471,0.026621055,0.035762172,0.012701311,0.015879072,0.020695219,0.022380777,0.018694742,0.027318127,0.034401365,0.036875304,2024-04-04 15:31:00
0.03650539,0.034822818,0.01532719,0.021988211,0.02962847,0.013161247,0.020413525,0.026377652,0.019677233,0.05564338,0.03387258,0.019831583,0.031151727,0.024090216,0.04423446,0.020163987,0.018915994,0.027517542,0.070326924,0.044849504,0.02534361,0.036487434,0.042869613,0.035434287,0.02499111,0.022974351,0.02223783,0.034416743,2024-04-04 15:32:00
0.028848594,0.040579338,0.029940879,0.013390695,0.02418677,0.0195442,0.021785337,0.0360964,0.018008403,0.043506123,0.042569533,0.028101468,0.04759752,0.0750727,0.021295717,0.022477424,0.016492985,0.03358204,0.028172031,0.0400084,0.02352332,0.022140063,0.009343619,0.020712823,0.013746263,0.03914243,0.02351745,0.038830355,2024-04-04 15:33:00
0.027836755,0.03828584,0.020011604,0.020497695,0.026592733,0.022092005,0.021561906,0.021634111,0.023537368,0.051873952,0.037928086,0.019865323,0.031759508,0.030761668,0.018963542,0.024378164,0.015828213,0.03315893,0.033563606,0.0397859,0.024640318,0.02265365,0.02135707,0.019723056,0.014201283,0.022180388,0.023832995,0.040560454,2024-04-04 15:34:00
0.030896777,0.0390353,0.035800897,0.013356295,0.017235994,0.01804056,0.01951911,0.026153987,0.05458325,0.05721802,0.03869956,0.018217169,0.04025143,0.06342361,0.023360867,0.03243923,0.013517804,0.030670637,0.022890713,0.047594175,0.02479393,0.013014202,0.08634994,0.018594468,0.030567996,0.028306734,0.05411599,0.036393937,2024-04-04 15:35:00
0.03425934,0.0328102,0.020885993,0.013101929,0.018732388,0.023721702,0.02467199,0.030374736,0.026477523,0.0557526,0.036956467,0.024371399,0.05302887,0.018241322,0.028649602,0.014144856,0.01614164,0.033742107,0.022684654,0.03852109,0.02694461,0.02684024,0.023827303,0.021341436,0.025338732,0.021539632,0.023437962,0.034187585,2024-04-04 15:36:00
0.02960395,0.040998396,0.039213467,0.020019747,0.016774766,0.021181798,0.024626022,0.037376978,0.023367276,0.047389075,0.025148375,0.036812905,0.034560658,0.024139123,0.022168089,0.017819816,0.03488716,0.018165575,0.03757586,0.036283035,0.02571227,0.021891499,0.023024522,0.019367045,0.019063983,0.021462798,0.019970207,0.0394708,2024-04-04 15:37:00
0.030672627,0.044847537,0.03725615,0.019735875,0.028466592,0.01897405,0.024250994,0.022319855,0.016850011,0.039881784,0.03898554,0.056600116,0.031425107,0.042793557,0.04084826,0.027284961,0.022924507,0.03827009,0.043884374,0.035559848,0.02587379,0.030458916,0.019006684,0.019960262,0.028107474,0.022443334,0.023180693,0.032300852,2024-04-04 15:38:00
0.03039686,0.038273755,0.1213445,0.02608898,0.02247239,0.024469377,0.026515298,0.017816897,0.026888777,0.056656577,0.031428173,0.04491,0.02678332,0.031230642,0.026024804,0.016826313,0.020249145,0.035555165,0.032960687,0.036262188,0.034134574,0.018701738,0.030308401,0.02278369,0.026949199,0.026098019,0.02059029,0.03996498,2024-04-04 15:39:00
0.03657751,0.029953264,0.035210967,0.06045491,0.021120818,0.023339627,0.021542776,0.020154204,0.020011382,0.049194742,0.044057857,0.041640535,0.034320675,0.029293401,0.01545113,0.022265825,0.016665721,0.04016402,0.045563515,0.044795334,0.026609734,0.013925106,0.07266987,0.021152942,0.018813152,0.020619763,0.029430402,0.038795996,2024-04-04 15:40:00
0.029357666,0.034287322,0.021002911,0.026961995,0.021502338,0.020325102,0.029443342,0.023902535,0.024603078,0.036852032,0.041708075,0.022072839,0.049217075,0.021846883,0.015033646,0.026960246,0.020288048,0.03166114,0.027715497,0.04324294,0.025887076,0.017394822,0.02359707,0.022708656,0.018094901,0.020082192,0.033418473,0.039014462,2024-04-04 15:41:00
0.033475652,0.030381663,0.03247159,0.016305095,0.02289948,0.018225282,0.021746479,0.023725541,0.023467818,0.05630019,0.029074349,0.035277728,0.03168156,0.03969593,0.015551193,0.02122479,0.023776965,0.028922455,0.0442137,0.039503098,0.024837006,0.019727027,0.08011791,0.024766799,0.021103418,0.021176951,0.024706779,0.040500637,2024-04-04 15:42:00
0.031331837,0.054424156,0.04041519,0.027377348,0.015901033,0.020159846,0.020912375,0.024459425,0.020270512,0.054647487,0.03343644,0.024766477,0.027436906,0.03764279,0.03736666,0.029695109,0.03960193,0.0396401,0.048694976,0.044789534,0.024417195,0.03764203,0.030078594,0.03149291,0.036061928,0.029829247,0.025256567,0.049342107,2024-04-04 15:43:00
0.028892267,0.03333875,0.03984602,0.026450504,0.022138951,0.012810735,0.027387746,0.02190398,0.01582066,0.045540225,0.037290506,0.027466184,0.029442532,0.020390084,0.035018217,0.021399826,0.013712204,0.015387976,0.03951092,0.050555058,0.026127605,0.024223097,0.015001181,0.020303506,0.021593176,0.032337014,0.016819261,0.046506785,2024-04-04 15:44:00
0.051118348,0.039993126,0.031325307,0.029114146,0.019161755,0.015490353,0.019714922,0.033022214,0.019758843,0.041449558,0.044112884,0.04841865,0.036080655,0.025755974,0.029524162,0.019374767,0.024960639,0.024622552,0.04096649,0.040984068,0.027548214,0.025714952,0.019897783,0.035656963,0.028011242,0.024790375,0.04545319,0.036868457,2024-04-04 15:45:00
0.028476931,0.037632417,0.037124425,0.024305535,0.04379648,0.018919474,0.026847605,0.020165784,0.02491232,0.05258978,0.030640895,0.025926106,0.046443395,0.034879327,0.015249205,0.023296671,0.04442593,0.043461923,0.041250978,0.045161128,0.026720982,0.0275605,0.023318518,0.026489396,0.016806373,0.022737088,0.027876759,0.03866361,2024-04-04 15:46:00
0.03296654,0.029743629,0.034468245,0.03153408,0.02462683,0.019921029,0.023683272,0.036572423,0.023103448,0.055428986,0.032100778,0.016872669,0.03309291,0.039081834,0.015291012,0.012619383,0.018499855,0.029664714,0.03655701,0.035504054,0.02685381,0.020183878,0.026238095,0.038733367,0.024107445,0.024450367,0.021862565,0.031484533,2024-04-04 15:47:00
0.031221336,0.031284377,0.028845679,0.022096021,0.028177451,0.018273653,0.029963506,0.016838603,0.04270203,0.054685608,0.037340157,0.11667031,0.027826352,0.021237338,0.015449667,0.026761174,0.020891983,0.041795146,0.028473027,0.045147065,0.028448958,0.016095225,0.021351596,0.022752756,0.029415041,0.018268535,0.024832448,0.046446577,2024-04-04 15:48:00
0.03464665,0.0337275,0.0358923,0.013557197,0.026057165,0.01524357,0.035518162,0.019033141,0.013416377,0.034211457,0.03511406,0.026154779,0.027652504,0.03558009,0.014566038,0.027019083,0.014644757,0.038982857,0.039998908,0.035881978,0.045698263,0.018531905,0.019785622,0.018209465,0.031687852,0.022253338,0.025997967,0.036914773,2024-04-04 15:49:00
0.06631278,0.03851433,0.03113247,0.020719139,0.02228872,0.021677908,0.023031104,0.018610941,0.019293807,0.037413746,0.035321414,0.022126744,0.03297801,0.02670886,0.019133199,0.019782899,0.02318668,0.03553717,0.022958882,0.04531312,0.026252052,0.01811232,0.023205403,0.021357078,0.023321638,0.027923267,0.020495718,0.037171356,2024-04-04 15:50:00
0.04151997,0.038109932,0.08661688,0.017415658,0.021973584,0.029201742,0.02399106,0.021877868,0.020466374,0.035949025,0.039413586,0.01722549,0.029257147,0.025772635,0.037430808,0.019157413,0.018802166,0.034612477,0.023401797,0.04626237,0.036498208,0.02146573,0.024357157,0.02509756,0.018455697,0.026505709,0.04838364,0.03680047,2024-04-04 15:51:00
0.04261983,0.019193195,0.024618927,0.021041324,0.022059586,0.022786709,0.02714245,0.021116378,0.018492937,0.0439543,0.040695187,0.020209327,0.044509083,0.026279306,0.016633475,0.024240548,0.02452522,0.03251685,0.045261346,0.041836664,0.03802636,0.019902628,0.027858056,0.018228695,0.021277448,0.036014877,0.02355195,0.03933687,2024-04-04 15:52:00
0.03176078,0.04478181,0.022904048,0.020209126,0.032611977,0.016183954,0.032883614,0.024271889,0.01683806,0.05002367,0.037692744,0.046953857,0.024647195,0.03540386,0.013293453,0.026069783,0.023249332,0.03147731,0.04079412,0.035927966,0.027139591,0.018413028,0.033764426,0.03036303,0.017073296,0.029538574,0.023465509,0.038103573,2024-04-04 15:53:00
0.03055446,0.036727656,0.011877121,0.02122965,0.017545486,0.023220511,0.031400666,0.024088642,0.02646065,0.049562305,0.04194113,0.033681795,0.033132534,0.020031309,0.013226912,0.017152151,0.021823889,0.025331559,0.03680793,0.05403596,0.028757187,0.014847464,0.021243853,0.019861579,0.011884854,0.03017343,0.023156725,0.034997083,2024-04-04 15:54:00
0.029402984,0.03814936,0.03177553,0.028267564,0.03740964,0.013768451,0.028628185,0.019552857,0.02471642,0.050582852,0.047225945,0.025481766,0.028840674,0.018739434,0.014616699,0.027771007,0.013335736,0.03775533,0.026694251,0.044903636,0.022772262,0.032155834,0.026470514,0.016362833,0.025231177,0.024737936,0.02465707,0.03579277,2024-04-04 15:55:00
0.032975674,0.023676448,0.03355521,0.04405364,0.02503742,0.018210076,0.041768506,0.027435817,0.01847529,0.043347266,0.05040376,0.07127157,0.02839771,0.030881688,0.020926388,0.015035252,0.02066075,0.034990083,0.035790578,0.040111765,0.040170312,0.01989916,0.017040359,0.019111766,0.011128082,0.02911424,0.023162156,0.03376036,2024-04-04 15:56:00
0.031196808,0.048572876,0.02518477,0.027742093,0.014412252,0.016484186,0.020664899,0.021897087,0.018285824,0.04056475,0.031947043,0.01597537,0.0305746,0.026406435,0.01621359,0.019723717,0.02386718,0.036903076,0.05321414,0.04503363,0.026047727,0.015215915,0.023348402,0.024524571,0.0281914,0.021221103,0.023822142,0.035915554,2024-04-04 15:57:00
0.029821638,0.03366082,0.035947695,0.044389736,0.021395346,0.024107615,0.021400297,0.019661218,0.020713598,0.06659581,0.03667727,0.024104217,0.050585814,0.026188888,0.013445345,0.024362314,0.01317118,0.03063024,0.035397958,0.03943123,0.022288587,0.024727631,0.029476976,0.01940209,0.026528029,0.021885682,0.022881575,0.035932794,2024-04-04 15:58:00
0.029319733,0.042527918,0.030818386,0.021035848,0.022237655,0.018196154,0.026651185,0.019540604,0.016793463,0.051192787,0.046438705,0.02298902,0.047994647,0.030497197,0.018601354,0.032089505,0.02300471,0.02740803,0.028433109,0.044911873,0.031048281,0.019520132,0.028844735,0.018801192,0.01962271,0.024914568,0.019361386,0.03923997,2024-04-04 15:59:00
0.04496236,0.04743379,0.02601,0.023621567,0.026708659,0.01516594,0.019643288,0.02214138,0.02528218,0.041522443,0.039053496,0.018019326,0.056559276,0.030485617,0.01813389,0.019528443,0.036461312,0.03751312,0.03870129,0.045089554,0.024047073,0.018796984,0.027633613,0.0205671,0.031279676,0.02534564,0.02297163,0.034687992,2024-04-04 16:00:00
0.04441261,0.044791207,0.02117556,0.031397168,0.029111948,0.023688437,0.13107407,0.023993041,0.017504565,0.06437236,0.03702292,0.019657245,0.035969194,0.039078154,0.014033364,0.0188141,0.015694702,0.020263476,0.03915922,0.035630353,0.02491054,0.017190797,0.023069976,0.020522997,0.025918726,0.019658154,0.023710782,0.04166263,2024-04-04 16:01:00
0.025213432,0.042780474,0.034236774,0.03211055,0.021653494,0.020543532,0.02931253,0.022930266,0.013448324,0.05396294,0.039942373,0.0155483885,0.031834174,0.018689597,0.023157584,0.014645415,0.019715924,0.035637196,0.044207733,0.039891522,0.02739361,0.025915856,0.016348664,0.019913368,0.018002657,0.025764119,0.021041235,0.038347065,2024-04-04 16:02:00
0.033507578,0.03834544,0.030889438,0.023523115,0.024773406,0.019163731,0.022015346,0.022906706,0.022954812,0.04416847,0.034270767,0.02196505,0.028577732,0.04189369,0.018100793,0.027363833,0.025860697,0.03421572,0.0418707,0.05005729,0.025842989,0.014519487,0.015813995,0.02056281,0.01718603,0.026524138,0.014800672,0.03631545,2024-04-04 16:03:00
0.03757925,0.03165762,0.02616225,0.02143816,0.023751028,0.017125575,0.022180542,0.019829117,0.018129794,0.05875408,0.030509518,0.017568575,0.032137927,0.04487716,0.031707257,0.018646425,0.024724685,0.042159777,0.04231525,0.044924848,0.024845531,0.10903238,0.07953249,0.014622849,0.017188882,0.027561972,0.026856452,0.0414522,2024-04-04 16:04:00
0.034816194,0.041960392,0.01999671,0.021867046,0.023245974,0.013419258,0.022785136,0.030909091,0.015409587,0.070157476,0.036397267,0.042683657,0.03151337,0.019551475,0.022608181,0.014457789,0.026171187,0.035783295,0.04535945,0.04943267,0.02581479,0.027577898,0.01512422,0.01843582,0.01518956,0.038463444,0.023774795,0.047152597,2024-04-04 16:05:00
0.034354948,0.022814654,0.028927665,0.018202094,0.019884324,0.023245638,0.026489763,0.14446224,0.018826947,0.060337637,0.039120484,0.0164018,0.047417317,0.036196392,0.037694756,0.015892364,0.02268687,0.032399528,0.045348853,0.050296724,0.025633799,0.018971857,0.011942283,0.048339546,0.023535093,0.025349986,0.021284394,0.029875739,2024-04-04 16:06:00
0.06453653,0.035939984,0.033566084,0.02257965,0.029949186,0.02063062,0.02627546,0.02338585,0.01676012,0.045540057,0.038593125,0.018212395,0.03686568,0.016783232,0.027768042,0.017417997,0.025585696,0.022663238,0.040403448,0.03595039,0.02439978,0.018758953,0.037007555,0.031662,0.03855162,0.025976693,0.019351497,0.023568127,2024-04-04 16:07:00
0.029708238,0.019834658,0.03280009,0.022389913,0.020911997,0.018307125,0.18936457,0.02279314,0.018210998,0.043699726,0.034361243,0.022455445,0.03347214,0.023156706,0.014763129,0.021922605,0.025127867,0.040366657,0.048364405,0.04497122,0.025714394,0.016587857,0.054565653,0.015780337,0.013239814,0.023702776,0.051515646,0.018689513,2024-04-04 16:08:00
0.03192682,0.042434666,0.018158063,0.016171545,0.023408428,0.01706879,0.028807007,0.020434627,0.020520307,0.043237295,0.028732166,0.010273094,0.029192733,0.0382238,0.025897944,0.021252088,0.013701655,0.03824898,0.04431871,0.044903345,0.024857085,0.029917689,0.02729423,0.01806012,0.020375839,0.025787747,0.021639908,0.042474695,2024-04-04 16:09:00
0.036988415,0.057135787,0.040740922,0.025464254,0.013143436,0.023099666,0.022718083,0.023781382,0.05223196,0.14484619,0.025734676,0.029577132,0.038116295,0.02451901,0.021799024,0.033482708,0.013940174,0.046207182,0.050402574,0.045787122,0.027410876,0.020642499,0.026902525,0.025712654,0.026948316,0.02435907,0.038556896,0.040697224,2024-04-04 16:10:00
0.030364608,0.03436899,0.020285172,0.013050665,0.029273592,0.017224453,0.02645676,0.021863265,0.023694968,0.046609607,0.033148434,0.021988308,0.039160475,0.03809916,0.014235132,0.023675807,0.023220876,0.02178127,0.04435588,0.044876616,0.024197917,0.012895748,0.017999856,0.024203353,0.021919593,0.026847102,0.023226595,0.05472998,2024-04-04 16:11:00
0.032981724,0.03662423,0.033526536,0.029121961,0.024680534,0.022707146,0.021527847,0.020920571,0.024117438,0.07147874,0.03126611,0.02126458,0.033755735,0.0291711,0.012556453,0.02086724,0.014061609,0.03739582,0.047731657,0.04538257,0.026571168,0.009805905,0.022506086,0.035063207,0.012150024,0.030798258,0.027943442,0.036568824,2024-04-04 16:12:00
0.033779934,0.035323128,0.02834655,0.020180661,0.022161031,0.020499881,0.020686373,0.023334771,0.02354413,0.07020183,0.03092917,0.02448343,0.038982555,0.0349799,0.024265604,0.026858935,0.013439739,0.037603203,0.051487863,0.044855874,0.027119525,0.017966935,0.028083837,0.019563675,0.033752017,0.024249652,0.025071407,0.031136906,2024-04-04 16:13:00
0.032765895,0.036482956,0.020867087,0.024174478,0.020165559,0.017226031,0.021136401,0.012272439,0.027640672,0.057916865,0.027092697,0.01664439,0.036094077,0.0426032,0.024412228,0.022929864,0.01205346,0.016696787,0.040403176,0.03952555,0.0255139,0.014528904,0.017537316,0.015015875,0.01991832,0.0215471,0.027958358,0.03990819,2024-04-04 16:14:00
0.03523157,0.03986606,0.033866726,0.01397089,0.022721816,0.03118209,0.028102797,0.025588764,0.03330234,0.057773203,0.035749663,0.032652892,0.026045848,0.02506104,0.01984511,0.025023373,0.051710594,0.022938114,0.040196173,0.044941507,0.03984817,0.020990742,0.020552725,0.01664313,0.031001657,0.0225372,0.020085515,0.038256556,2024-04-04 16:15:00
0.03487552,0.037144378,0.038956955,0.050651494,0.024504315,0.021569218,0.023595612,0.02969579,0.026425734,0.045435347,0.019757848,0.023315826,0.02343086,0.029821662,0.050188057,0.019835742,0.014409619,0.03377852,0.039959867,0.04485824,0.023391841,0.021841414,0.020548096,0.022443768,0.020322694,0.020923596,0.021314634,0.03996569,2024-04-04 16:16:00
0.025585435,0.042943962,0.03055972,0.014977653,0.021324672,0.017080238,0.021562003,0.01919257,0.019676538,0.043437015,0.025522027,0.028313518,0.037942365,0.022054274,0.028550882,0.011940523,0.03763876,0.037184425,0.04827589,0.044815507,0.02276576,0.015661724,0.027228106,0.017906655,0.06766309,0.023038317,0.019756338,0.039774,2024-04-04 16:17:00
0.033813417,0.041523937,0.03922642,0.019019451,0.0271357,0.016322808,0.02131533,0.028489975,0.024313536,0.044080354,0.026920099,0.026706347,0.028689574,0.03218289,0.018437136,0.025288481,0.021843418,0.037332576,0.04074498,0.04483094,0.021366032,0.02048266,0.027770067,0.019200256,0.023919672,0.025571307,0.022277983,0.036776613,2024-04-04 16:18:00
0.035111982,0.026819631,0.04342712,0.021443082,0.025634153,0.018806936,0.025980534,0.020374015,0.019101433,0.04118971,0.039695144,0.03642281,0.026918031,0.04814025,0.036010463,0.016837403,0.020577246,0.038218282,0.03761716,0.03575563,0.022636145,0.018974137,0.026006348,0.022776663,0.044757042,0.022320004,0.020093244,0.038445327,2024-04-04 16:19:00
0.03487295,0.044841662,0.035840336,0.02306586,0.028447824,0.02128047,0.020899478,0.018772483,0.020109754,0.057024863,0.031104345,0.036116354,0.016043939,0.02479579,0.028207,0.01809748,0.0139768645,0.035358556,0.044117816,0.052535933,0.035699073,0.02114732,0.057827774,0.03661166,0.01333303,0.027113244,0.021791568,0.052216362,2024-04-04 16:20:00
0.0415049,0.019925613,0.02188912,0.012515592,0.021706635,0.023309285,0.15270108,0.021055453,0.04683978,0.049451448,0.022593375,0.019473622,0.030218,0.017174756,0.01833044,0.025807187,0.027238013,0.027612146,0.039492432,0.059820674,0.023350518,0.015607887,0.028373774,0.017557066,0.019464338,0.028614955,0.021056253,0.036051434,2024-04-04 16:21:00
0.029947266,0.045001864,0.036670357,0.019754622,0.023264263,0.01641609,0.023186108,0.020362489,0.018997487,0.046368495,0.0454085,0.041871447,0.028627349,0.0339284,0.05010531,0.011672564,0.021357728,0.046246458,0.03719694,0.045196522,0.023281164,0.019121137,0.022812378,0.024256459,0.019062232,0.01867391,0.022243999,0.040195815,2024-04-04 16:22:00
0.047745332,0.038793337,0.024429014,0.027586412,0.021217955,0.109405845,0.019526256,0.019214436,0.022807978,0.039465245,0.034582928,0.02061315,0.026216563,0.020523071,0.020153824,0.016128728,0.013072989,0.03770237,0.046584006,0.03562429,0.024609445,0.018277504,0.029896801,0.019780679,0.015531455,0.025560228,0.021835525,0.039130747,2024-04-04 16:23:00
0.04724642,0.0420035,0.04015212,0.015119515,0.02699595,0.018604828,0.02179403,0.018430497,0.02279647,0.05756838,0.032248117,0.03087051,0.030408233,0.027577668,0.013315241,0.027016114,0.017629368,0.03617749,0.03468277,0.045049272,0.026262172,0.018501326,0.027442265,0.023196325,0.027601449,0.034572355,0.02738696,0.03538914,2024-04-04 16:24:00
0.047612146,0.025988415,0.020132776,0.024254154,0.020939363,0.016996201,0.029920513,0.023688372,0.027890721,0.049686324,0.048539355,0.022781346,0.027734201,0.027940031,0.035779122,0.028775867,0.043077778,0.03665471,0.047355466,0.046098843,0.024932502,0.019287964,0.02989332,0.02604426,0.033785637,0.029804867,0.021716138,0.051071838,2024-04-04 16:25:00
0.04417607,0.037601486,0.033723798,0.017505886,0.020101763,0.019110942,0.1463351,0.022521036,0.024172598,0.055089258,0.027730562,0.026343577,0.032714255,0.0352555,0.047541603,0.037152946,0.011144464,0.03994278,0.0485007,0.045173977,0.02462388,0.031869162,0.017883668,0.022318805,0.017361566,0.020235239,0.028570697,0.03432104,2024-04-04 16:26:00
0.037589766,0.037226684,0.035887513,0.012417243,0.022869647,0.018256838,0.022159101,0.018037615,0.027929664,0.048884355,0.03688115,0.018881142,0.033650775,0.024664182,0.016910728,0.02583625,0.0192741,0.04550796,0.04555758,0.045148417,0.03519712,0.03128263,0.030405091,0.017809976,0.019465065,0.030405713,0.022677088,0.04279386,2024-04-04 16:27:00
0.040682904,0.039875172,0.030089952,0.016808275,0.02966752,0.018973378,0.024310093,0.026182443,0.01394395,0.061217844,0.04300879,0.017213417,0.032401256,0.027332889,0.03170344,0.023129787,0.025639145,0.02376158,0.042683605,0.03606529,0.02540051,0.12403449,0.02504127,0.020718196,0.0237511,0.032806467,0.022432297,0.038659118,2024-04-04 16:28:00
0.036076207,0.029770287,0.03453455,0.024220502,0.02316711,0.021293253,0.029238408,0.022267917,0.016375653,0.04403005,0.03936307,0.043111563,0.032254033,0.048943814,0.018257888,0.027029308,0.033506073,0.035248764,0.048915945,0.035791907,0.042079795,0.021020506,0.014280673,0.020311467,0.0317772,0.023262419,0.050924845,0.06778907,2024-04-04 16:29:00
0.027008243,0.030282298,0.12339364,0.01842349,0.03476425,0.022614194,0.16941674,0.022717487,0.021486612,0.06624029,0.044304047,0.017994083,0.032568943,0.029241212,0.027027057,0.021840872,0.02494454,0.02366264,0.03567401,0.04897333,0.025275426,0.014149557,0.01646031,0.032368183,0.016876366,0.029006733,0.021679575,0.03707454,2024-04-04 16:30:00
0.037829842,0.03255455,0.03518609,0.032553133,0.032558005,0.020013085,0.02244079,0.03015805,0.022595564,0.04323677,0.044261053,0.028397154,0.03317356,0.024928024,0.030724077,0.018734183,0.044183914,0.038862403,0.04781244,0.03603692,0.023239184,0.02497697,0.025014548,0.018263139,0.03054765,0.028953306,0.022113021,0.036953013,2024-04-04 16:31:00
0.031661898,0.033084083,0.02426521,0.016317341,0.019346256,0.014110497,0.023068754,0.022800276,0.009207369,0.051744055,0.037808504,0.024002835,0.016942399,0.0337259,0.045404017,0.013765316,0.027516264,0.016783329,0.045508407,0.036009535,0.027436292,0.019277085,0.016043238,0.019167516,0.016992271,0.02555004,0.025824351,0.03765268,2024-04-04 16:32:00
0.032148954,0.037544385,0.039745316,0.02118189,0.028010432,0.023513537,0.021262072,0.021112286,0.014158316,0.045366935,0.04153885,0.031888943,0.037943263,0.04414482,0.036375783,0.026221134,0.02014917,0.036354676,0.0428572,0.040107615,0.024338014,0.028522996,0.01686594,0.020906884,0.023605444,0.024538012,0.021747105,0.03982126,2024-04-04 16:33:00
0.031208029,0.039764732,0.036041357,0.14382961,0.017572913,0.018398104,0.01895404,0.020322373,0.025758056,0.03721919,0.046221465,0.035690285,0.03291792,0.02452291,0.02046838,0.024335522,0.03613829,0.048944674,0.053427484,0.04485278,0.026428305,0.035606578,0.0209177,0.014442429,0.014589837,0.024978336,0.020717531,0.04202891,2024-04-04 16:34:00
0.035788536,0.03207152,0.0419557,0.01927654,0.022349196,0.021214778,0.09346439,0.018555367,0.047674738,0.049468216,0.045650885,0.059314787,0.028641654,0.023385197,0.031506434,0.022717688,0.024566777,0.046472706,0.04276979,0.041937765,0.019526457,0.033249754,0.013471363,0.021815391,0.024372471,0.02263496,0.022032063,0.0378885,2024-04-04 16:35:00
0.039432522,0.04898474,0.026474854,0.019720305,0.026013922,0.020737752,0.023722894,0.021509351,0.017932832,0.05838114,0.03851474,0.027796509,0.034743253,0.04067234,0.03871483,0.019465039,0.024458418,0.03440861,0.040938996,0.045790374,0.026610553,0.021301482,0.022524042,0.02832316,0.025175529,0.026743267,0.0267824,0.039410297,2024-04-04 16:36:00
0.037741058,0.043450877,0.034715272,0.01581723,0.019357946,0.021539561,0.06300895,0.034857288,0.02230352,0.047646765,0.041514337,0.041335534,0.030017762,0.040742848,0.044662897,0.01834932,0.024222234,0.02917318,0.04002054,0.041408338,0.028741485,0.024249515,0.016159797,0.02109374,0.022299476,0.027172465,0.018163398,0.038422544,2024-04-04 16:37:00
0.032099638,0.07953204,0.0135265235,0.01795379,0.021395264,0.0138310585,0.019381829,0.023591354,0.028852751,0.060761075,0.03121548,0.01747527,0.035116363,0.035708457,0.024414975,0.020180006,0.013580796,0.036665004,0.040603977,0.036523845,0.027751127,0.015783241,0.027166195,0.020881042,0.01565694,0.021916686,0.03155827,0.03472733,2024-04-04 16:38:00
0.030180512,0.05793205,0.050182506,0.038403615,0.017693786,0.021639649,0.026903821,0.026919683,0.020791953,0.044384833,0.04011275,0.034994464,0.036266427,0.027780863,0.0193609,0.026990252,0.025388151,0.037925053,0.039277136,0.03591123,0.039376467,0.023746377,0.020492468,0.02251589,0.027878564,0.023459826,0.018461972,0.052982114,2024-04-04 16:39:00
0.031061137,0.043500002,0.036885906,0.018927684,0.027492488,0.021925718,0.03248809,0.020276826,0.020816663,0.0506562,0.02822556,0.017295584,0.044716913,0.0464479,0.052284602,0.02062749,0.013732092,0.039046176,0.047658548,0.044788156,0.025407515,0.019704996,0.019539233,0.018280482,0.019867543,0.026040787,0.02290024,0.039175354,2024-04-04 16:40:00
0.041975766,0.038462546,0.038460456,0.014852424,0.011672589,0.01943592,0.028725974,0.01656745,0.009386858,0.052814286,0.027679907,0.028761772,0.033236884,0.029963922,0.01880444,0.0201883,0.026290743,0.03736189,0.048452657,0.045196433,0.02552671,0.049008835,0.031614654,0.013614972,0.017501848,0.03210216,0.018154146,0.047670186,2024-04-04 16:41:00
0.034495756,0.018780887,0.045373376,0.021417052,0.02162961,0.022725312,0.023865001,0.01586191,0.024706753,0.056724712,0.032122195,0.019214338,0.035385456,0.027236853,0.014288471,0.026599819,0.033503372,0.04467026,0.04535589,0.04543897,0.027235614,0.033409804,0.0260347,0.076098405,0.02464131,0.028712124,0.021851411,0.03686486,2024-04-04 16:42:00
0.054222725,0.03965457,0.020549957,0.030977132,0.017864725,0.014639048,0.01951779,0.026763245,0.014561287,0.06777596,0.037648577,0.021155784,0.045378923,0.02841149,0.019076576,0.019971848,0.019151397,0.028449614,0.037197277,0.06957818,0.026808351,0.026553953,0.034679595,0.020711668,0.0117718745,0.030206174,0.02199817,0.033861615,2024-04-04 16:43:00
0.029967312,0.042118724,0.018995397,0.020023871,0.018700209,0.014558416,0.032438662,0.026336055,0.023617838,0.056268215,0.05916028,0.024842612,0.0268397,0.043445017,0.018396577,0.025330005,0.017661167,0.038622823,0.049746085,0.045251966,0.02565911,0.013888982,0.023754288,0.03142283,0.026889347,0.023962796,0.023649871,0.040578004,2024-04-04 16:44:00
0.036753044,0.0388194,0.02810926,0.058453225,0.021425199,0.02174763,0.022885252,0.023138769,0.020167008,0.050333057,0.043559108,0.015494409,0.03170125,0.026583292,0.01848521,0.015379163,0.028385306,0.016751919,0.047077466,0.03608036,0.03155351,0.01856921,0.023625152,0.022616586,0.019850763,0.023212602,0.022173982,0.040375724,2024-04-04 16:45:00
0.030413985,0.0333393,0.04895007,0.022967508,0.023851255,0.019094517,0.028421665,0.020885969,0.011427699,0.05369263,0.026234964,0.018625457,0.02751795,0.026311623,0.019765364,0.046891455,0.02407894,0.03283983,0.030335788,0.03558294,0.024013747,0.10041264,0.0133276675,0.010785345,0.010385022,0.035886813,0.024115298,0.030919492,2024-04-04 16:46:00
0.030425536,0.028622914,0.03473247,0.021803457,0.023419792,0.02293823,0.019227123,0.020958643,0.02489044,0.051339697,0.0352139,0.023934195,0.03084077,0.027741076,0.02102749,0.020155916,0.014933711,0.023705093,0.04528236,0.04682916,0.027467886,0.020406017,0.018719338,0.018628623,0.018019905,0.032055218,0.045559257,0.04046753,2024-04-04 16:47:00
0.035539538,0.036937416,0.04745098,0.02396373,0.034738395,0.024703488,0.0194697,0.019302174,0.016135674,0.047708474,0.036757756,0.034904093,0.02683423,0.040201448,0.032341827,0.030139606,0.024375957,0.30594888,0.05293625,0.04784124,0.028203344,0.022141501,0.022231799,0.022672392,0.019681174,0.026452294,0.023499198,0.022906693,2024-04-04 16:48:00
0.030980907,0.019421589,0.042186525,0.016879808,0.018854763,0.021929046,0.021434208,0.022491004,0.011586105,0.0648532,0.043283384,0.01317918,0.021191962,0.035650637,0.018808601,0.028035436,0.015315723,0.04148037,0.04104744,0.04831118,0.034025207,0.024061657,0.008172276,0.025828606,0.028377542,0.022757653,0.02357088,0.03780246,2024-04-04 16:49:00
0.031151822,0.045337804,0.039536193,0.028772803,0.036970895,0.018827861,0.029197942,0.019268824,0.019810403,0.056909822,0.033661153,0.05890417,0.035241697,0.041284256,0.020984175,0.023907809,0.021651061,0.038198534,0.052529745,0.04625961,0.028040312,0.02076994,0.018492896,0.019915158,0.015958643,0.022013843,0.02329239,0.036870398,2024-04-04 16:50:00
0.030067375,0.033402264,0.02142842,0.0149162905,0.021777196,0.023204874,0.019628417,0.035549544,0.026138233,0.0553615,0.02591574,0.03362431,0.028569674,0.043260887,0.024602843,0.02201128,0.02187939,0.035496157,0.03283452,0.04525336,0.0256448,0.020199992,0.02982484,0.020580018,0.02290568,0.023633266,0.050121535,0.039069116,2024-04-04 16:51:00
0.040472507,0.052791182,0.0340567,0.1715481,0.04014164,0.020430872,0.01740746,0.022790696,0.01334346,0.056715127,0.04172677,0.018946588,0.037734393,0.044342004,0.02516389,0.015630692,0.016381055,0.037299685,0.03592482,0.06656298,0.026854016,0.017551681,0.03244365,0.012589973,0.018173205,0.028537156,0.018611386,0.039396822,2024-04-04 16:52:00
0.029350968,0.031481452,0.033948913,0.019510072,0.034924682,0.018690625,0.018273856,0.021402337,0.016734073,0.061516132,0.03603254,0.019817974,0.015717393,0.031690314,0.012955969,0.020896317,0.02277186,0.03429024,0.046361767,0.04482468,0.025742335,0.015529038,0.026412126,0.022482801,0.022069218,0.026284808,0.017987158,0.034216665,2024-04-04 16:53:00
0.02919689,0.016456435,0.027868008,0.020964928,0.026716642,0.01779537,0.030775534,0.023909781,0.03198238,0.06670322,0.04361819,0.030854018,0.031927563,0.041373305,0.040535077,0.024330262,0.013406342,0.02031268,0.042786933,0.04934469,0.026901893,0.030880336,0.020742403,0.03298375,0.033190943,0.023308221,0.035374977,0.035260893,2024-04-04 16:54:00
0.038267042,0.03584767,0.026816366,0.039982423,0.04164126,0.019579107,0.023085888,0.025135068,0.014735637,0.052391075,0.033442892,0.018769486,0.028280104,0.03275061,0.01745964,0.037382852,0.023790913,0.035184857,0.049472295,0.044907708,0.017720941,0.012376591,0.022912752,0.019017322,0.03320938,0.029158777,0.022225907,0.0390219,2024-04-04 16:55:00
0.031766642,0.05557818,0.025989097,0.038950134,0.017213218,0.021659438,0.02520414,0.035174772,0.021002797,0.0579945,0.03908008,0.034590967,0.035289634,0.06638486,0.014008475,0.023909146,0.013101402,0.039061755,0.05100706,0.04521433,0.02469409,0.013913967,0.03027738,0.01870205,0.01591179,0.023676006,0.020814408,0.03590108,2024-04-04 16:57:00
0.034877688,0.03313549,0.033796676,0.02349794,0.026690982,0.021717718,0.024644865,0.019766338,0.0171272,0.03864387,0.028279256,0.046130944,0.033370405,0.034948744,0.021707453,0.028078863,0.011946825,0.04341837,0.050525695,0.047445998,0.024537254,0.023223732,0.019388689,0.01964347,0.019943127,0.037354402,0.022173299,0.03746758,2024-04-04 16:58:00
0.030731957,0.018579826,0.041934565,0.029535096,0.027883632,0.020528147,0.023079878,0.025232727,0.025526779,0.05545651,0.035975292,0.019742846,0.026405083,0.013921939,0.016802981,0.018831152,0.018720007,0.04353697,0.052341852,0.035857864,0.026169375,0.027068697,0.024223082,0.025680982,0.018277422,0.022320533,0.021944445,0.041798566,2024-04-04 16:59:00
0.041315258,0.04321081,0.039091647,0.024814116,0.01889382,0.015600543,0.01921273,0.021746408,0.019653415,0.04920013,0.031878408,0.02322038,0.030224063,0.023343744,0.011216139,0.028809927,0.011444201,0.041547455,0.04404202,0.045162953,0.026433764,0.020173974,0.016103562,0.018461596,0.021722045,0.026155451,0.021380754,0.035172652,2024-04-04 17:00:00
0.037704926,0.038126133,0.036348455,0.015840167,0.026916225,0.021434769,0.025026932,0.02480788,0.0216676,0.064706765,0.035871845,0.017492916,0.027498368,0.025126442,0.01347767,0.025770366,0.018414697,0.029610455,0.03821592,0.040688377,0.027861865,0.018800125,0.012082679,0.022613639,0.027264357,0.03381359,0.022393256,0.037509777,2024-04-04 17:01:00
0.032037295,0.03900915,0.04343694,0.014473002,0.018294308,0.023997355,0.03849542,0.021847203,0.016196951,0.0477708,0.03469518,0.0260405,0.030915832,0.024151191,0.025236858,0.019293724,0.04184879,0.035037443,0.040331088,0.042581853,0.023494367,0.027443372,0.023310063,0.026324794,0.02290404,0.025211904,0.023924729,0.039640512,2024-04-04 17:02:00
0.036809444,0.037181363,0.03725807,0.013636721,0.021593569,0.02552476,0.01887395,0.0197154,0.009762827,0.057354316,0.04325693,0.019392867,0.05067098,0.036993224,0.01302342,0.01737795,0.039970018,0.035718128,0.0493879,0.03963008,0.02370823,0.024856912,0.029747032,0.020651968,0.03479619,0.03451283,0.020509042,0.035470158,2024-04-04 17:03:00
0.034258604,0.05643574,0.018692013,0.019328535,0.024966544,0.075428165,0.017598867,0.01992752,0.022978824,0.040676914,0.032735303,0.017000683,0.033599943,0.018889507,0.01766098,0.025787488,0.02843204,0.04213396,0.038200222,0.05154211,0.03547964,0.031483013,0.019969184,0.009351905,0.017613858,0.024302399,0.022059139,0.051006433,2024-04-04 17:04:00
0.03525597,0.045206882,0.04260624,0.021983935,0.029993262,0.024667019,0.020512482,0.022238314,0.018526953,0.052157037,0.028315138,0.03185703,0.017863464,0.016849916,0.013838463,0.027103093,0.020490825,0.033291064,0.043196537,0.03729198,0.024690976,0.026823891,0.026762372,0.01863444,0.018869221,0.027927281,0.032370135,0.037588693,2024-04-04 17:05:00
0.029583283,0.02475217,0.030317906,0.026020573,0.021837687,0.027719773,0.022731487,0.022643633,0.0111332,0.05842248,0.03023182,0.014042227,0.037499133,0.070542075,0.016831236,0.01302139,0.019832814,0.031567425,0.038255084,0.052817553,0.031157687,0.026899755,0.012364006,0.020058922,0.012903826,0.031299006,0.022401711,0.043164443,2024-04-04 17:06:00
0.040621255,0.031497486,0.03222502,0.12707874,0.021734811,0.021602178,0.027325781,0.025003606,0.01574377,0.037907135,0.043195695,0.02107375,0.036073215,0.03352161,0.019326275,0.016102921,0.023448978,0.019492451,0.04367203,0.04489207,0.026512992,0.014882871,0.016436262,0.022469318,0.0155957,0.023677666,0.02186606,0.041577347,2024-04-04 17:07:00
0.033948954,0.061372634,0.020712022,0.02307976,0.020115213,0.026269764,0.027113138,0.023872389,0.017197559,0.05475131,0.03142707,0.021686943,0.034709368,0.03869611,0.026011178,0.042826083,0.016722014,0.03184351,0.047973182,0.04514705,0.027404318,0.02907788,0.025463793,0.024914313,0.011334157,0.031913612,0.048187673,0.051832963,2024-04-04 17:08:00
0.038414948,0.04473058,0.026147151,0.018177992,0.026650688,0.017710704,0.019483728,0.019373441,0.016023908,0.047848277,0.044133827,0.030931026,0.030393364,0.01717632,0.04381869,0.021943115,0.02506617,0.034600634,0.04683318,0.044047493,0.027741803,0.015279501,0.020760965,0.023835141,0.04068132,0.021225723,0.024785502,0.035912585,2024-04-04 17:09:00
0.030145364,0.04028405,0.036756687,0.026938666,0.014277168,0.021864051,0.021073524,0.024991302,0.010770541,0.054899495,0.028538939,0.019409431,0.033900935,0.038693074,0.020398969,0.024033826,0.014509617,0.036267735,0.045188908,0.04341382,0.030047124,0.025829444,0.065059274,0.018076729,0.012288009,0.031999566,0.023348598,0.03581632,2024-04-04 17:10:00
0.12626539,0.04260206,0.030498343,0.017008025,0.02196653,0.019241042,0.02243423,0.03633219,0.024660658,0.05082782,0.05387876,0.019080432,0.03550471,0.030423524,0.013841677,0.030063724,0.023422724,0.038058054,0.038854003,0.036439233,0.025277738,0.018149098,0.028159617,0.028791185,0.01673088,0.021726634,0.021904618,0.024823207,2024-04-04 17:11:00
0.0334954,0.019498505,0.02231946,0.19982207,0.024364123,0.022267109,0.02063476,0.016407201,0.01980465,0.041182935,0.033380166,0.020709349,0.034092784,0.030397827,0.021610409,0.053269997,0.014889536,0.034638215,0.045743253,0.0358134,0.030014489,0.019578483,0.008633895,0.01924879,0.016621072,0.03284954,0.04047487,0.025351567,2024-04-04 17:12:00
0.034736525,0.03849879,0.03219619,0.025540162,0.022339983,0.022329338,0.0317901,0.021228814,0.02625335,0.057590406,0.03452971,0.028844522,0.03054122,0.043974668,0.015943686,0.02464417,0.02257768,0.020560175,0.040862523,0.0465227,0.027086155,0.013552045,0.020449819,0.018323086,0.024598438,0.030086067,0.02715518,0.038385347,2024-04-04 17:13:00
0.031079726,0.018365322,0.03997784,0.02162252,0.012464635,0.038852632,0.018339243,0.016409898,0.0137591725,0.072036244,0.038661517,0.02012791,0.030710086,0.027437532,0.017740196,0.025814604,0.012051038,0.03886218,0.040482603,0.0362038,0.026867624,0.03660689,0.024748063,0.018829485,0.022077344,0.03146857,0.018381307,0.03831938,2024-04-04 17:14:00
0.034756705,0.04748597,0.031378914,0.0451824,0.01980403,0.02214579,0.021581998,0.01945469,0.0057908264,0.057517245,0.040446226,0.024199197,0.034060102,0.029257024,0.046129905,0.015827661,0.02211775,0.041399535,0.047601085,0.040171135,0.031410675,0.023424247,0.019974293,0.017780509,0.0313195,0.032685988,0.028479144,0.022706898,2024-04-04 17:15:00
0.03248132,0.040737934,0.036231704,0.02193133,0.030016532,0.018723251,0.01903119,0.019288266,0.022617875,0.048579354,0.02046713,0.038077183,0.045856133,0.0409242,0.022365738,0.022045186,0.019324915,0.03980802,0.043802585,0.036383864,0.026683588,0.02271709,0.02241286,0.0219206,0.012517757,0.02528652,0.021073336,0.029858574,2024-04-04 17:16:00
0.03048883,0.046469394,0.031028984,0.0260014,0.017703943,0.020797513,0.02223493,0.02719721,0.015469798,0.04267566,0.04633648,0.02172251,0.031478852,0.019235674,0.018206203,0.023639778,0.017676655,0.033197936,0.046227805,0.040654663,0.029058507,0.01901387,0.024100203,0.020482121,0.00967121,0.019391915,0.023516158,0.02513055,2024-04-04 17:17:00
0.0289985,0.029526344,0.037449896,0.018840773,0.020977622,0.013784585,0.020538636,0.016785102,0.025755418,0.05059458,0.0339844,0.018795962,0.03213784,0.029727492,0.028396964,0.026427079,0.04069997,0.045758963,0.046612266,0.044870883,0.026145687,0.09521711,0.02392208,0.017803296,0.022105107,0.02496448,0.020280307,0.011551091,2024-04-04 17:18:00
0.02949379,0.037198137,0.038022593,0.012848375,0.024648856,0.01748987,0.031989276,0.0184154,0.029050402,0.040852062,0.044305697,0.042869702,0.057890534,0.042552948,0.016240738,0.021898178,0.02070256,0.039854728,0.051503,0.04502464,0.029308211,0.017379066,0.019176725,0.028730558,0.021211768,0.032350454,0.021972321,0.039057177,2024-04-04 17:19:00
0.035833087,0.039413307,0.02790621,0.02437827,0.033464603,0.023240507,0.021546597,0.022188073,0.018545177,0.04856963,0.043816403,0.011443193,0.053255484,0.039959848,0.017008744,0.017324984,0.01867087,0.029588683,0.044343263,0.043125212,0.026664121,0.02267815,0.03152116,0.044844564,0.016250355,0.023522975,0.022521637,0.0464972,2024-04-04 17:20:00
0.029950932,0.04026768,0.020434197,0.02156097,0.019979134,0.022276001,0.014738144,0.02419359,0.018079348,0.060543295,0.027548607,0.019325033,0.028131722,0.046413984,0.01655336,0.025898803,0.021791382,0.029875292,0.0402555,0.039397474,0.030204292,0.018291323,0.0125969,0.015793486,0.04024985,0.032740563,0.0223883,0.038330596,2024-04-04 17:21:00
0.030917035,0.03826171,0.032901958,0.031766895,0.028441349,0.019330371,0.017277878,0.019530173,0.016496798,0.064376734,0.031142218,0.0278679,0.030734697,0.040363245,0.018186988,0.016693937,0.028977439,0.02868085,0.040520176,0.03665559,0.036070436,0.018643744,0.015965337,0.02148047,0.020559993,0.02696877,0.032091722,0.039201777,2024-04-04 17:22:00
0.033202503,0.03712386,0.01666868,0.02420728,0.022272274,0.026229596,0.022497002,0.02275317,0.01575679,0.06323671,0.0526136,0.017199222,0.051107395,0.023117943,0.024963928,0.028906304,0.025167815,0.03464995,0.038114537,0.04110974,0.0261466,0.021143228,0.015240665,0.019097894,0.009744599,0.024650471,0.020919813,0.034257255,2024-04-04 17:23:00
0.03197851,0.037198704,0.022076676,0.020219432,0.05980281,0.020366568,0.022451932,0.023600642,0.02452539,0.057068758,0.02919099,0.020728238,0.029959427,0.026374463,0.01725893,0.025876956,0.032176252,0.039302394,0.04420199,0.04489284,0.02529072,0.0301642,0.020395568,0.019135991,0.029131435,0.03717846,0.0241776,0.037727278,2024-04-04 17:24:00
0.056805354,0.03746206,0.031281363,0.02439507,0.027647588,0.03472646,0.02779088,0.018429268,0.016356962,0.04840521,0.02730746,0.017605547,0.047353428,0.02666546,0.028079666,0.017979153,0.02447869,0.034186862,0.046302997,0.0362267,0.024888441,0.023257786,0.023922037,0.018766293,0.0109592555,0.02372286,0.020183332,0.03642267,2024-04-04 17:25:00
0.032217704,0.040366005,0.029626299,0.017978393,0.026783342,0.018231038,0.026392302,0.022386359,0.021852667,0.053966217,0.04641601,0.029810647,0.056834668,0.024228226,0.023389032,0.04469895,0.018484455,0.030785806,0.038680263,0.03609132,0.028104722,0.022092994,0.018898718,0.032049574,0.026422862,0.030515788,0.045572482,0.039537385,2024-04-04 17:26:00
0.04625182,0.037852738,0.026159748,0.013100539,0.018867506,0.018990416,0.24836852,0.02317811,0.018110517,0.0521834,0.04056669,0.04639763,0.034845993,0.0224702,0.013595876,0.028256455,0.025203299,0.021636466,0.03712036,0.04492811,0.026228776,0.021146415,0.01984222,0.020307917,0.014456408,0.019799322,0.02226515,0.033428643,2024-04-04 17:27:00
0.028619826,0.03724665,0.018133646,0.014032321,0.019883886,0.021343485,0.13637483,0.022104645,0.018147446,0.05625863,0.029001188,0.0251895,0.027981872,0.037516706,0.02207746,0.019548878,0.020382265,0.032449026,0.03837563,0.035890214,0.027520964,0.019605687,0.018827764,0.024212074,0.018938743,0.020627942,0.017838841,0.039519496,2024-04-04 17:28:00
0.02894446,0.04977625,0.08093104,0.020276224,0.026380256,0.021393009,0.019523906,0.023837265,0.020717187,0.043770522,0.020628912,0.024812311,0.03321465,0.033379696,0.019590091,0.019536573,0.028701525,0.034796108,0.035651997,0.045131654,0.026472695,0.019175865,0.020780176,0.02295554,0.009803228,0.027525567,0.022632848,0.047244947,2024-04-04 17:29:00
0.032014888,0.040100057,0.023941174,0.02130647,0.02067018,0.019992547,0.02447568,0.021491705,0.025106814,0.05270244,0.042958196,0.01776271,0.029026123,0.030486645,0.012968707,0.026500553,0.011858415,0.025842126,0.040106006,0.044860657,0.023278575,0.022500837,0.020724202,0.019712184,0.025647694,0.027892524,0.03989358,0.03719966,2024-04-04 17:30:00
0.03071595,0.03804932,0.03849338,0.020877585,0.025199708,0.018410686,0.034445703,0.023261534,0.016864305,0.04843384,0.03861528,0.022243557,0.027780313,0.046136856,0.014665717,0.028356506,0.015927793,0.033130918,0.044244096,0.036533132,0.018598258,0.024085302,0.0354408,0.021893153,0.018229103,0.02772844,0.019914519,0.042886693,2024-04-04 17:31:00
0.030674234,0.04346196,0.03557019,0.14129291,0.021140106,0.024963053,0.02447751,0.021639517,0.02069287,0.04761396,0.024349991,0.024378298,0.029400082,0.038233835,0.04777499,0.01359139,0.018699735,0.037013996,0.03753168,0.03599631,0.022317646,0.024574583,0.017452592,0.020149332,0.02117811,0.025377106,0.023795737,0.04471392,2024-04-04 17:32:00
0.037152823,0.04387455,0.030597607,0.02458313,0.030614423,0.028346987,0.019146118,0.02026186,0.016466632,0.047878623,0.04055454,0.023127649,0.03022499,0.030448565,0.031070778,0.024844073,0.025415817,0.03511999,0.03333287,0.044929616,0.01867748,0.019438237,0.011191949,0.015120824,0.009969241,0.025517235,0.02324056,0.047275018,2024-04-04 17:33:00
0.032817375,0.022429211,0.034116887,0.029545067,0.022306375,0.021620585,0.02289487,0.027261473,0.014707342,0.06000148,0.045189515,0.02599834,0.029217452,0.046551686,0.01194418,0.018834874,0.03234184,0.03039258,0.052069113,0.044509295,0.03570303,0.015532575,0.024252404,0.022677945,0.015291026,0.025490612,0.024797566,0.03528489,2024-04-04 17:34:00
0.028761737,0.042554688,0.033513535,0.019870924,0.028311433,0.019794488,0.2552936,0.020904418,0.019402677,0.06370005,0.0431248,0.02768701,0.032317203,0.038536124,0.01620247,0.018571625,0.029058633,0.03108724,0.03214425,0.06765642,0.03705222,0.02099952,0.024391538,0.02124338,0.015451061,0.02753688,0.046676584,0.013721547,2024-04-04 17:35:00
0.033139933,0.034312468,0.034801345,0.030473858,0.024501959,0.021240665,0.020223545,0.019440403,0.019735932,0.042630162,0.021026453,0.05069124,0.029118354,0.059439674,0.016195215,0.027336596,0.02430257,0.04126313,0.044408675,0.035867754,0.028752986,0.01702742,0.027100844,0.03244719,0.023705473,0.024517631,0.01977596,0.0386776,2024-04-04 17:36:00
0.03318527,0.017399874,0.03898604,0.025269898,0.022281624,0.023910731,0.022279589,0.014582545,0.019806692,0.050011948,0.053658433,0.053486936,0.024856588,0.024013849,0.15426822,0.019652376,0.024257487,0.03713404,0.041198343,0.041481037,0.02366904,0.019355437,0.012738192,0.024782484,0.012365946,0.042274393,0.025798868,0.03426681,2024-04-04 17:37:00
0.035273723,0.03504929,0.03556594,0.045034323,0.022907037,0.032199763,0.15146625,0.021208009,0.0151322065,0.05756352,0.0348134,0.057672385,0.026255976,0.03838336,0.021312293,0.030027177,0.025950648,0.036031857,0.04933898,0.04075363,0.030069657,0.018921075,0.010515587,0.025209192,0.017910186,0.04130091,0.02262173,0.042825684,2024-04-04 17:38:00
0.034533914,0.039364748,0.03900078,0.03434074,0.02504896,0.019404128,0.026536364,0.022901721,0.01184495,0.03695646,0.024269065,0.029764993,0.0317091,0.040312093,0.017512072,0.016961778,0.028713228,0.02557996,0.051954813,0.04622605,0.027634732,0.028936688,0.023769105,0.023406316,0.019663164,0.021663072,0.023024188,0.03914091,2024-04-04 17:39:00
0.034566224,0.039251506,0.038391214,0.026210189,0.02317714,0.02083053,0.035426725,0.01736861,0.022944618,0.0447584,0.040472563,0.02620172,0.035808954,0.024702426,0.027608857,0.017373461,0.025324693,0.039175976,0.027945593,0.04067692,0.03440117,0.02079903,0.016783379,0.022165926,0.023392014,0.026316537,0.019697746,0.03960303,2024-04-04 17:40:00
0.034003783,0.034619443,0.03801634,0.013344551,0.019888265,0.021232508,0.014786957,0.023374392,0.023709767,0.040920723,0.04270901,0.017256636,0.026397215,0.024224034,0.017264884,0.025436563,0.012915744,0.037434384,0.044749115,0.045001287,0.026982956,0.0166885,0.01412314,0.02792948,0.02181111,0.027164435,0.02550783,0.040673647,2024-04-04 17:41:00
0.027414693,0.078846104,0.038196146,0.024667611,0.02259928,0.02270255,0.04978282,0.02258649,0.020119604,0.04782212,0.023211004,0.0270933,0.048422094,0.0655418,0.01466938,0.022703579,0.024042886,0.025548385,0.034323774,0.04024445,0.026994359,0.027800372,0.023225546,0.019323826,0.01617413,0.021156656,0.02168024,0.037339393,2024-04-04 17:42:00
0.032790817,0.024202287,0.03608713,0.016795542,0.033605784,0.016973881,0.023474699,0.013423561,0.012943169,0.043997686,0.023990946,0.028322838,0.040978312,0.04491694,0.015556397,0.018067895,0.01871869,0.026055606,0.04539869,0.0452446,0.027485255,0.018231243,0.022783797,0.021802768,0.027200188,0.02033398,0.022831181,0.036412563,2024-04-04 17:43:00
0.036614526,0.04192852,0.03505138,0.014450918,0.016598208,0.02634364,0.022041665,0.016282437,0.016168036,0.044029746,0.034104567,0.019031124,0.031453867,0.024190051,0.014173353,0.025835551,0.021373995,0.026454626,0.03732635,0.04179915,0.025126876,0.028724173,0.020084098,0.017446375,0.015833773,0.018918047,0.02512565,0.039984286,2024-04-04 17:44:00
0.03225854,0.024068015,0.014047858,0.020251203,0.024056531,0.016239444,0.020623315,0.022712592,0.027455501,0.06371445,0.041211773,0.021591825,0.025269283,0.02644495,0.032220677,0.023916326,0.022737041,0.029233791,0.04380854,0.044817947,0.027721245,0.024050415,0.021116894,0.02131512,0.01612645,0.026168708,0.028840868,0.05591066,2024-04-04 17:45:00
0.033287577,0.066465616,0.027990883,0.021026267,0.01592381,0.017624456,0.03302586,0.022781093,0.013901459,0.047734063,0.02738925,0.023060458,0.041392,0.030101031,0.023374464,0.017275484,0.025221935,0.019796431,0.040988192,0.045058347,0.034442656,0.017677179,0.019829543,0.017817669,0.019275542,0.023468534,0.022573292,0.041570086,2024-04-04 17:46:00
0.029636528,0.034265198,0.032192893,0.013463229,0.015213741,0.029847315,0.027338402,0.021715762,0.015568713,0.055216536,0.03724574,0.02904453,0.033699498,0.03407685,0.015387892,0.030760111,0.042789835,0.029069005,0.033968523,0.03682457,0.03060011,0.020700626,0.021575138,0.02195417,0.025431015,0.024769323,0.021104261,0.037542604,2024-04-04 17:47:00
0.03270679,0.04034868,0.0341821,0.026486585,0.018943096,0.026802558,0.033064827,0.020910576,0.017967049,0.0550983,0.0158909,0.027319016,0.014858559,0.04877639,0.014845591,0.026592005,0.017899621,0.031913605,0.04149093,0.039414078,0.027192662,0.014782807,0.0137239965,0.019948937,0.02660382,0.030647235,0.019871859,0.03527767,2024-04-04 17:48:00
0.03240256,0.042503774,0.034135744,0.018656552,0.11882736,0.02065505,0.018266864,0.026026364,0.022949085,0.049189493,0.040819615,0.05836221,0.032831144,0.039271273,0.020638268,0.025753057,0.015244405,0.037630137,0.039669596,0.045206726,0.029153204,0.026142959,0.021583399,0.030253505,0.009165072,0.020695046,0.020110138,0.040576205,2024-04-04 17:49:00
0.034183536,0.042540614,0.039404694,0.020446043,0.023281902,0.043449942,0.034112535,0.018264325,0.009451493,0.046164997,0.035850305,0.03479694,0.042665493,0.030845879,0.025764734,0.019086646,0.022803735,0.038545456,0.03864046,0.040532175,0.017407859,0.023411106,0.014872599,0.021894356,0.0153741,0.030719617,0.022054706,0.03975176,2024-04-04 17:50:00
0.03269204,0.019504754,0.024666997,0.03526315,0.022659251,0.021358022,0.018992525,0.023153905,0.018013805,0.03961543,0.029645735,0.015355409,0.040253993,0.02378111,0.024465304,0.029146284,0.02305099,0.03488613,0.042945743,0.040145583,0.029749643,0.02234748,0.03275077,0.035791297,0.024558924,0.023814917,0.024360642,0.040754825,2024-04-04 17:51:00
0.03293127,0.03965201,0.018199962,0.052707825,0.018135993,0.01743855,0.019353641,0.0179941,0.02170165,0.04452297,0.03342997,0.022883136,0.0751118,0.019954782,0.018033287,0.024431545,0.057383247,0.03442364,0.040945888,0.045330834,0.03383705,0.021514134,0.019498484,0.020823646,0.011762586,0.025490643,0.022139737,0.038122214,2024-04-04 17:52:00
0.040162284,0.038119394,0.08701584,0.025456505,0.022452582,0.02008298,0.024914298,0.020938713,0.018213892,0.056175668,0.051460113,0.028561452,0.0361587,0.02002815,0.015675256,0.019766385,0.023247233,0.020368047,0.044439353,0.036127955,0.032058153,0.015074469,0.02396478,0.022736154,0.016541395,0.022104327,0.022546478,0.035569694,2024-04-04 17:53:00
0.03141367,0.031150497,0.029978843,0.038802955,0.018846257,0.025738513,0.025555879,0.022433812,0.022642141,0.03629931,0.021663822,0.02119758,0.046024654,0.026678443,0.015443473,0.027538035,0.025771307,0.031216798,0.038637187,0.04233058,0.02840062,0.024635913,0.019937793,0.016290968,0.016137639,0.025583884,0.02052225,0.03457575,2024-04-04 17:54:00
0.02994435,0.037453122,0.015718868,0.0133548025,0.022127682,0.021823453,0.025507368,0.022340486,0.027130712,0.046271343,0.023345713,0.021598244,0.035826825,0.02000926,0.025877997,0.022822097,0.026058596,0.037904825,0.046829633,0.044858295,0.030705508,0.13774021,0.023031091,0.032066185,0.010602195,0.02562717,0.025219232,0.036923934,2024-04-04 17:55:00
0.032864843,0.03995423,0.027583722,0.02766108,0.020346073,0.023263752,0.01443771,0.019110387,0.020541666,0.045301292,0.032040853,0.0184696,0.05100926,0.028794777,0.014933186,0.022552118,0.022037344,0.038029335,0.04185753,0.036245182,0.028131383,0.012023574,0.02773278,0.02000048,0.020403948,0.019465188,0.022125632,0.03753219,2024-04-04 17:56:00
0.039417565,0.04261948,0.033620983,0.035120416,0.05660855,0.01972795,0.16485348,0.023654375,0.019506041,0.045990936,0.035200298,0.031290755,0.026758116,0.026348572,0.028520769,0.020099254,0.020424347,0.03866443,0.04072664,0.04491486,0.027803868,0.015412085,0.01833173,0.019083967,0.011132584,0.026268464,0.023385627,0.036711276,2024-04-04 17:57:00
0.039700635,0.026287833,0.042862702,0.023929587,0.015242567,0.022386035,0.0259743,0.019151822,0.019101027,0.049236383,0.03281048,0.027829126,0.030707797,0.02624458,0.048289023,0.05149164,0.022632943,0.034306128,0.04099202,0.04524603,0.026418898,0.026628999,0.027578548,0.02415768,0.020766722,0.024444189,0.021978527,0.039128825,2024-04-04 17:58:00
0.040182184,0.03526707,0.023180597,0.029893043,0.024646303,0.026206695,0.032226358,0.021308653,0.0274183,0.06287342,0.030958345,0.024579376,0.021703782,0.03215378,0.01665548,0.025551248,0.013623133,0.02214146,0.038080074,0.044936683,0.027372103,0.01985964,0.025492817,0.019034188,0.01712433,0.0280082,0.025467858,0.037347887,2024-04-04 17:59:00
0.02771172,0.027342247,0.038474552,0.018386161,0.02615648,0.022359842,0.019494606,0.023371663,0.016859837,0.06219035,0.037094545,0.04539635,0.0325704,0.0751326,0.033127476,0.019667983,0.020015113,0.037911452,0.042765684,0.049169455,0.037750065,0.017918278,0.034124654,0.030012684,0.022474803,0.025859099,0.02211441,0.03304429,2024-04-04 18:00:00
0.028731015,0.020905111,0.019467263,0.014836151,0.021102436,0.020255443,0.07788457,0.023867331,0.027018975,0.059664648,0.039303053,0.02146992,0.02722489,0.042262707,0.021055253,0.02418152,0.019005759,0.016305227,0.03725552,0.04489128,0.028816126,0.019402135,0.02448699,0.01975145,0.012616371,0.025346316,0.022850554,0.038562566,2024-04-04 18:01:00
0.03396085,0.03484934,0.012431124,0.020312406,0.028354742,0.022095,0.03101391,0.022368291,0.012337756,0.05412031,0.029051598,0.01619022,0.032398418,0.044825997,0.017383607,0.02274556,0.030763261,0.019356702,0.03756157,0.03949133,0.028786652,0.018038284,0.031037552,0.031418778,0.013461503,0.025604812,0.02320549,0.035783563,2024-04-04 18:02:00
0.028063571,0.038165256,0.037443724,0.020512613,0.012792275,0.020292377,0.023769509,0.024138343,0.018267889,0.04863133,0.04076666,0.024779117,0.025325872,0.021088645,0.021888243,0.021528793,0.018250482,0.0071750535,0.045714002,0.045100085,0.027985657,0.015984176,0.01942829,0.018786931,0.01166116,0.02633996,0.027588738,0.039480805,2024-04-04 18:03:00
0.061337635,0.025650995,0.04207807,0.15106185,0.023589186,0.023464749,0.0347075,0.019298421,0.020855658,0.06716989,0.04823804,0.026026247,0.034622595,0.02214521,0.018722072,0.023088587,0.020797908,0.036889523,0.038221125,0.038744207,0.032529827,0.029343177,0.021430938,0.024365587,0.019416103,0.027993124,0.023541436,0.037473608,2024-04-04 18:04:00
0.03301693,0.039505895,0.031690698,0.027348194,0.016769312,0.017767439,0.018530842,0.019630507,0.015320132,0.0543257,0.04739146,0.021942234,0.028044268,0.02102976,0.04293383,0.014122563,0.026461504,0.03156295,0.03431075,0.056356315,0.026673317,0.02180397,0.030754002,0.021569958,0.019866794,0.027903149,0.019769216,0.036611192,2024-04-04 18:05:00
0.039012834,0.037208244,0.033579465,0.015835831,0.02313315,0.021169959,0.01775785,0.019914854,0.019809872,0.05814809,0.040539563,0.031204829,0.033294365,0.03968218,0.01725797,0.011864427,0.023914404,0.03338729,0.039005123,0.045181196,0.039350554,0.16204247,0.018562324,0.046513874,0.017142395,0.0290766,0.02511099,0.037001945,2024-04-04 18:06:00
0.040601715,0.042832047,0.027784426,0.02198734,0.018779108,0.014152259,0.019498786,0.02236819,0.016007323,0.063689716,0.024906041,0.028344747,0.031132488,0.02535322,0.014115052,0.017768769,0.025677156,0.043671224,0.050644346,0.037266154,0.028730383,0.01710533,0.019705713,0.02491092,0.010517123,0.02994473,0.023111744,0.041626185,2024-04-04 18:07:00
0.034109525,0.03323601,0.037373926,0.054605737,0.01407775,0.07351635,0.017195294,0.020278703,0.019257816,0.044853967,0.037819657,0.018742362,0.03141229,0.022710487,0.014881211,0.021252673,0.03838791,0.051263746,0.03928541,0.03853737,0.024723506,0.029071521,0.02034624,0.028261099,0.031027801,0.028605532,0.02592288,0.04150362,2024-04-04 18:08:00
0.030187825,0.02237594,0.032424472,0.019636543,0.017979398,0.01837803,0.024185076,0.021409823,0.025060708,0.052299738,0.03277926,0.022455223,0.039110735,0.017778128,0.01487118,0.017823944,0.032487642,0.036785167,0.039677605,0.045197003,0.028136302,0.016583102,0.025119448,0.06585391,0.019195644,0.025954137,0.025268095,0.033416912,2024-04-04 18:09:00
0.029909773,0.04353675,0.017009046,0.013148061,0.024117464,0.019425865,0.024292931,0.023067871,0.020376038,0.060448367,0.025696332,0.008833495,0.029834175,0.024460325,0.020344762,0.020609073,0.032826193,0.035173893,0.03811182,0.048929106,0.029929597,0.018443218,0.020447975,0.02330642,0.010307603,0.027346063,0.026104556,0.038595643,2024-04-04 18:10:00
0.033095524,0.03806379,0.030610971,0.02028663,0.019324396,0.0204735,0.019297676,0.025121002,0.024909306,0.040689476,0.039931078,0.02541275,0.038730927,0.03908076,0.030874887,0.02185075,0.023478441,0.037151966,0.03871527,0.04883521,0.015832396,0.019966668,0.024690488,0.022888474,0.010566784,0.025733417,0.020838508,0.036167108,2024-04-04 18:11:00
0.029408198,0.03972292,0.038786996,0.021848105,0.015961275,0.018464603,0.2686441,0.019503934,0.018078566,0.051220767,0.022945656,0.029706063,0.030905338,0.03865069,0.044146903,0.021899134,0.023255624,0.021955747,0.041922763,0.04493093,0.029683182,0.026529144,0.027159842,0.020710843,0.010188175,0.055474825,0.026098836,0.037467837,2024-04-04 18:12:00
0.03204949,0.041432966,0.014470949,0.016687771,0.022871055,0.017763808,0.02603372,0.025728704,0.019448934,0.04590242,0.036484875,0.028605644,0.024353663,0.037079856,0.020428319,0.02899277,0.019111417,0.04657334,0.041769464,0.046613775,0.024634123,0.016957358,0.013763519,0.020365618,0.012256429,0.027695777,0.024470363,0.03933922,2024-04-04 18:13:00
0.02824757,0.030545417,0.029426984,0.026444573,0.02399523,0.023008682,0.02992673,0.02530003,0.018542567,0.03792478,0.02761873,0.03573814,0.054680612,0.039733052,0.03216416,0.021329764,0.017075246,0.04299888,0.036690183,0.04513718,0.026132867,0.015354846,0.02179288,0.02362884,0.009439043,0.023675898,0.024731673,0.038925257,2024-04-04 18:14:00
0.029064097,0.03344442,0.038747746,0.017016018,0.020252349,0.022426674,0.032848302,0.021152584,0.02451305,0.04811962,0.046228338,0.052805375,0.03474019,0.029261261,0.011804364,0.044788525,0.0148820225,0.041220203,0.047573876,0.046624366,0.028153392,0.02495689,0.019168478,0.014372214,0.021981545,0.025674315,0.025699466,0.037611727,2024-04-04 18:15:00
0.02961402,0.032970633,0.036909312,0.023423865,0.022780906,0.016147962,0.035859805,0.023270184,0.02338927,0.048316844,0.037720747,0.03806792,0.033885922,0.021445686,0.01584152,0.027779069,0.02627857,0.03640435,0.0468494,0.03956414,0.025666703,0.017873049,0.018490711,0.019861653,0.010792655,0.023077607,0.044374824,0.03392405,2024-04-04 18:16:00
0.033783514,0.027844073,0.038255744,0.015397172,0.04866534,0.024237243,0.020012636,0.020532824,0.04785141,0.057751823,0.017844766,0.018664569,0.028118659,0.015088763,0.010231982,0.01763549,0.018535327,0.034704484,0.040609755,0.040006645,0.027175805,0.016505886,0.02519012,0.0270473,0.009616343,0.027134676,0.026419507,0.022402775,2024-04-04 18:17:00
0.030330557,0.02815848,0.038203444,0.018755835,0.019467061,0.024534663,0.026503531,0.021801444,0.020334385,0.030684996,0.021025022,0.02445728,0.028153414,0.021004975,0.020746885,0.017096031,0.021690113,0.020532258,0.033637445,0.044027783,0.037152126,0.01673935,0.02143603,0.01858194,0.019082299,0.029774735,0.019981828,0.023135094,2024-04-04 18:18:00
0.033952184,0.03388644,0.03809279,0.020740962,0.025831483,0.012917412,0.025664125,0.03158022,0.021903798,0.060570356,0.03210854,0.028605467,0.060191877,0.021645878,0.018936371,0.02692693,0.023797138,0.04508171,0.040374134,0.039453823,0.0399906,0.022411382,0.02742059,0.022187827,0.021347411,0.025393559,0.022824226,0.060630094,2024-04-04 18:19:00
0.030290049,0.03265,0.027394293,0.0150784,0.037336286,0.021553967,0.024755208,0.02231303,0.019947669,0.04304542,0.026040167,0.02244147,0.040882528,0.040726323,0.03966317,0.026697986,0.014210309,0.022154348,0.04124667,0.035848577,0.027725544,0.023713103,0.01952332,0.023653934,0.010075273,0.03642274,0.022999354,0.0245772,2024-04-04 18:20:00
0.02846659,0.030550085,0.034893624,0.021244304,0.023438089,0.01611227,0.0167949,0.02939519,0.02979806,0.04217724,0.024218675,0.019478042,0.057319418,0.043303475,0.0408647,0.029908812,0.012748184,0.02615116,0.044736598,0.044922095,0.025823358,0.025304629,0.022702022,0.017928636,0.009677938,0.023543704,0.024553515,0.03905234,2024-04-04 18:21:00
0.029273981,0.019032115,0.124646336,0.025695048,0.0207695,0.01811704,0.022574497,0.02183452,0.02643896,0.029507292,0.031992007,0.026081692,0.026618106,0.035942312,0.014244273,0.022328056,0.017428033,0.031135364,0.04642044,0.044905577,0.027944354,0.028728556,0.015531973,0.04399183,0.015014639,0.03267654,0.015473231,0.037357975,2024-04-04 18:22:00
0.14249115,0.039153155,0.04329321,0.024296861,0.020345077,0.041846063,0.024998745,0.018843953,0.021096151,0.046290264,0.032825574,0.043397598,0.035489265,0.022288254,0.017067363,0.025624463,0.050004303,0.042264782,0.037535552,0.03689365,0.03853653,0.018317748,0.019544916,0.034438245,0.015450143,0.046043087,0.021491492,0.036292173,2024-04-04 18:23:00
0.041480675,0.074299455,0.029679071,0.028342502,0.02452977,0.02092787,0.023685172,0.021369895,0.017725175,0.03243229,0.033722434,0.024771051,0.03322622,0.028155237,0.027436238,0.017004648,0.023658846,0.030543927,0.039797384,0.048258826,0.025818596,0.04193081,0.028522272,0.022971164,0.017596802,0.03220168,0.02831275,0.036949445,2024-04-04 18:24:00
0.029132394,0.038488563,0.03341833,0.026866075,0.021985004,0.022082297,0.022051062,0.020966308,0.0372574,0.04410463,0.030636737,0.0910621,0.037408415,0.038520303,0.014351757,0.020038594,0.026101852,0.030766433,0.03708812,0.04113915,0.03836143,0.03118677,0.03101164,0.019343402,0.018155223,0.023924243,0.020434795,0.03507232,2024-04-04 18:25:00
0.038490243,0.033490684,0.032678716,0.017728299,0.01663695,0.020142565,0.03086707,0.021589393,0.026228452,0.068809636,0.030411838,0.009780009,0.03283324,0.018938905,0.02828181,0.026276415,0.02587292,0.017221676,0.055304825,0.04550459,0.02751312,0.014725202,0.0260536,0.023365045,0.01205725,0.030982917,0.021258457,0.0495399,2024-04-04 18:26:00
0.03340806,0.03836648,0.1230138,0.016796157,0.02179408,0.020069225,0.026558615,0.019613707,0.02106004,0.07016812,0.03234096,0.02112382,0.03598001,0.01675339,0.029608106,0.014881493,0.023925167,0.022426264,0.03282224,0.036581274,0.024899138,0.021003723,0.022627952,0.021804836,0.015189901,0.024446992,0.024035688,0.039695553,2024-04-04 18:27:00
0.028855229,0.034981653,0.031774346,0.03539864,0.034804676,0.04643729,0.049600337,0.02539595,0.01959811,0.057489965,0.03512483,0.021056293,0.035534803,0.020765787,0.026905876,0.018436564,0.02741548,0.017274953,0.04044036,0.035825435,0.027478414,0.020458655,0.026098566,0.027521089,0.012557397,0.02648596,0.06394704,0.04036768,2024-04-04 18:28:00
0.029755676,0.03604022,0.13021196,0.017297931,0.023308847,0.02048791,0.01970914,0.023201212,0.019428274,0.04714909,0.045896992,0.020940946,0.032879934,0.028925924,0.033510473,0.025743635,0.015268255,0.0311103,0.032248333,0.04483812,0.026048085,0.020036267,0.022359278,0.016109169,0.011103132,0.02263958,0.02122158,0.05023858,2024-04-04 18:29:00
0.032243185,0.03672675,0.023766406,0.05855958,0.018624721,0.015497597,0.033428114,0.019677104,0.012963955,0.11335448,0.02879865,0.030201446,0.054519016,0.021993624,0.046203125,0.026710289,0.019805184,0.042274967,0.03160939,0.042335212,0.021852197,0.037484583,0.023202144,0.018263958,0.014534868,0.048739836,0.024149053,0.041762818,2024-04-04 18:30:00
0.033521444,0.048453785,0.020790854,0.015438228,0.023722535,0.021006932,0.029259983,0.01523582,0.019557066,0.05011555,0.029092366,0.05514043,0.026223209,0.01971957,0.02921565,0.01991766,0.014602309,0.032595497,0.05067523,0.044784136,0.026663821,0.01866206,0.023896,0.016471716,0.01436316,0.027779143,0.022599654,0.03993597,2024-04-04 18:31:00
0.032491077,0.039049704,0.037927583,0.018510494,0.018721486,0.034887336,0.10059368,0.020969642,0.021638524,0.04609421,0.03307108,0.023228122,0.037971247,0.015797999,0.037139747,0.023353986,0.020654904,0.040636882,0.043414135,0.039839342,0.02631376,0.023266073,0.030298717,0.016148407,0.07154805,0.02606743,0.020056387,0.03827489,2024-04-04 18:32:00
0.031234667,0.0418399,0.039017506,0.018287674,0.021435019,0.0190208,0.026058525,0.021771252,0.02015394,0.06297478,0.03990697,0.02242078,0.036450006,0.025585132,0.016996982,0.022224473,0.04794064,0.04174993,0.03482599,0.040967077,0.03978132,0.024494004,0.036626697,0.031686865,0.01782804,0.025481448,0.019752165,0.0353994,2024-04-04 18:33:00
0.03285679,0.04280398,0.038740627,0.015184113,0.020347454,0.020113736,0.027064955,0.022254562,0.019993119,0.06096457,0.033685844,0.021354003,0.03742793,0.02603262,0.012943219,0.020344742,0.02824667,0.030729871,0.036565892,0.053373735,0.028145121,0.023490958,0.030182943,0.03202184,0.017477538,0.03149865,0.020702435,0.038929548,2024-04-04 18:34:00
0.02836998,0.042379037,0.036417067,0.013890549,0.023623751,0.021951938,0.029817088,0.018215949,0.020216871,0.061802477,0.034580324,0.027810238,0.02803573,0.026190065,0.017183047,0.030436302,0.04908692,0.03778639,0.03411274,0.04631359,0.029194312,0.024220087,0.006652987,0.025405783,0.02122584,0.027784206,0.023027904,0.03479367,2024-04-04 18:35:00
0.048774846,0.031307165,0.036359403,0.012830569,0.02324159,0.01881327,0.02838608,0.021170823,0.017451594,0.052347198,0.041228857,0.036647607,0.03257956,0.029608352,0.024366576,0.016103016,0.028270038,0.01713309,0.03493482,0.041376602,0.040888,0.025977612,0.03268077,0.046853703,0.013085525,0.027081868,0.022619326,0.039246757,2024-04-04 18:36:00
0.02898543,0.03523803,0.035772614,0.017770797,0.01818065,0.02299849,0.0266661,0.020268371,0.016550342,0.060728464,0.06265455,0.023430474,0.027768468,0.029837051,0.034799505,0.017496863,0.02078641,0.018265473,0.031674106,0.044820808,0.031660933,0.018431371,0.023662277,0.02119006,0.0068395096,0.025837025,0.01782554,0.037721265,2024-04-04 18:37:00
0.03302969,0.027890537,0.028267093,0.017184619,0.016140392,0.020631865,0.026317727,0.02369185,0.022456255,0.045750912,0.031288706,0.02020887,0.026953977,0.018791998,0.015832111,0.026682336,0.049408074,0.040984157,0.051180128,0.045187496,0.02579825,0.009860077,0.021436857,0.018277641,0.016764885,0.022301933,0.026930077,0.034850266,2024-04-04 18:38:00
0.029208573,0.04487048,0.038357876,0.020593146,0.047939993,0.0219335,0.02821886,0.02333721,0.021130746,0.0549791,0.027377477,0.026028289,0.018709013,0.016309699,0.021265842,0.02393365,0.017036177,0.032171782,0.045602687,0.04514968,0.025072336,0.03085784,0.028445594,0.031185014,0.010661457,0.023042088,0.018108988,0.030979475,2024-04-04 18:39:00
0.029763263,0.041057136,0.025810234,0.15716755,0.02060859,0.018965853,0.027763173,0.019988103,0.017644515,0.0449072,0.0254531,0.029432656,0.03331409,0.02622123,0.03652316,0.010892255,0.023047833,0.016611187,0.036445454,0.036307987,0.026054021,0.017007712,0.106648974,0.055241454,0.0066329045,0.037085634,0.03857129,0.03230535,2024-04-04 18:40:00
0.08699264,0.039237168,0.036533516,0.026397953,0.026148528,0.03164146,0.02636851,0.019596621,0.014588628,0.06913205,0.03781478,0.049956117,0.036427043,0.026800273,0.030331828,0.018167578,0.017814972,0.032167103,0.026864748,0.049380306,0.025059234,0.014343468,0.027283132,0.035352536,0.013917769,0.021979682,0.023361843,0.0317047,2024-04-04 18:41:00
0.032705907,0.03494455,0.025918955,0.016124263,0.023631401,0.01953426,0.027645336,0.02939193,0.025734233,0.05881303,0.030643966,0.01707041,0.06081114,0.020315282,0.024716353,0.019518131,0.020217692,0.032865297,0.023825834,0.053273253,0.026978634,0.017691663,0.022664754,0.0230506,0.01052678,0.023810407,0.022866732,0.036262788,2024-04-04 18:42:00
0.03304422,0.04697835,0.041284613,0.028692309,0.03301591,0.018945236,0.025832465,0.014744975,0.02469976,0.041629925,0.025063932,0.019784695,0.03319176,0.021857236,0.015029913,0.017977778,0.02295163,0.04658908,0.04920722,0.035780117,0.028560363,0.014536939,0.026174253,0.018848237,0.019385133,0.023098284,0.020593641,0.034081545,2024-04-04 18:43:00
0.030616377,0.032407463,0.041191287,0.053448662,0.028047284,0.013718893,0.02861991,0.018807635,0.023169374,0.043487307,0.03081405,0.027025383,0.030954232,0.020075766,0.016081396,0.02416243,0.016438175,0.043812435,0.04317148,0.04482174,0.026526866,0.0318692,0.024257306,0.01940222,0.022279881,0.023632132,0.022079637,0.0424236,2024-04-04 18:44:00
0.03236242,0.03443345,0.043281425,0.012759263,0.02572086,0.017768377,0.026637953,0.023475107,0.024320096,0.047859244,0.034199134,0.03070801,0.030289594,0.023929242,0.018649995,0.032643307,0.012292368,0.041201007,0.04145754,0.044950306,0.02783968,0.02188761,0.028790675,0.018240064,0.012815519,0.03734251,0.024407942,0.02848457,2024-04-04 18:45:00
0.038377546,0.041697018,0.023004385,0.020407895,0.018032122,0.025992535,0.028245872,0.018064452,0.018008366,0.052709118,0.034041166,0.056122527,0.0325084,0.02703248,0.017215023,0.027555626,0.016949393,0.028054,0.046830546,0.038635407,0.03085283,0.03619149,0.028238306,0.020188345,0.010197613,0.032671977,0.02134171,0.037289657,2024-04-04 18:46:00
0.040237006,0.047084905,0.015898298,0.014572505,0.023014644,0.02491616,0.023424972,0.019834422,0.019061092,0.061863102,0.04088179,0.027792472,0.038914185,0.020267366,0.015270194,0.025932617,0.018808767,0.037100893,0.054237425,0.03855654,0.031470317,0.02957318,0.021295737,0.022017619,0.016833998,0.025604686,0.023418337,0.039938692,2024-04-04 18:47:00
0.031825133,0.028726742,0.042208247,0.037012342,0.018491372,0.05895336,0.029093545,0.019276207,0.013202021,0.06184015,0.0323955,0.01815769,0.023534905,0.023614775,0.015284544,0.017502958,0.021203319,0.043598786,0.03943093,0.036376666,0.030701682,0.026213072,0.03867095,0.024458544,0.020705273,0.0138130095,0.024310349,0.034343515,2024-04-04 18:48:00
0.030384623,0.04332715,0.025977833,0.021974914,0.024825871,0.022191916,0.028837541,0.018994987,0.022327024,0.06450994,0.030284898,0.105359815,0.029716128,0.028478775,0.030457087,0.018277448,0.028281419,0.031443316,0.021303078,0.04922021,0.036419313,0.020166831,0.010908058,0.053780857,0.017812379,0.024714777,0.017615072,0.038381603,2024-04-04 18:49:00
0.034430392,0.043840833,0.033425916,0.02467524,0.018476542,0.021738011,0.030815383,0.025188183,0.017743416,0.066652805,0.038050894,0.0227775,0.040127277,0.033522356,0.018975783,0.021460127,0.013121163,0.043437824,0.03072926,0.04615226,0.029785287,0.022575455,0.019982476,0.019544795,0.011539654,0.027417196,0.018714238,0.038467284,2024-04-04 18:50:00
0.036886245,0.039708577,0.039841447,0.018940814,0.025040003,0.021261137,0.0272979,0.02727612,0.015942283,0.04989631,0.0419938,0.025419014,0.03169723,0.027135482,0.034729093,0.02135363,0.01823864,0.03938035,0.03607083,0.035499115,0.026512196,0.020129377,0.028996268,0.03546251,0.028311804,0.026317576,0.028373318,0.040428035,2024-04-04 18:51:00
0.032221615,0.036878437,0.08375463,0.1459794,0.02565615,0.026593413,0.030300668,0.023398438,0.022150973,0.054174922,0.03172946,0.015490649,0.037539452,0.023607733,0.022968289,0.018642308,0.02263318,0.038441718,0.042825706,0.03955344,0.029238677,0.028824959,0.015535584,0.019681662,0.02597803,0.024847196,0.022523915,0.04679291,2024-04-04 18:52:00
0.042416725,0.041251127,0.019952964,0.022865644,0.020591626,0.02084364,0.029132346,0.024560425,0.021290788,0.056215793,0.023802375,0.02277223,0.042894855,0.018297696,0.013106321,0.016567564,0.01776522,0.024123592,0.027829146,0.035902314,0.03107614,0.01576959,0.026388397,0.027120408,0.007789812,0.028455531,0.022707863,0.03938017,2024-04-04 18:53:00
0.042800907,0.048627734,0.038049888,0.1308102,0.018677142,0.02229596,0.027494797,0.021086408,0.020677933,0.06204942,0.026797447,0.043163143,0.03802835,0.017441003,0.01790613,0.025417197,0.012245939,0.040629018,0.0451643,0.044944223,0.027741497,0.043357674,0.027863266,0.033649515,0.018187728,0.027846122,0.024925722,0.039345186,2024-04-04 18:54:00
0.03804654,0.04479512,0.04094146,0.021659704,0.012985585,0.014569282,0.02721446,0.027254283,0.022873288,0.07168215,0.039999973,0.028687516,0.029707452,0.030985897,0.019156175,0.021242227,0.032553025,0.042476907,0.052401338,0.044736434,0.02609855,0.019488154,0.019746948,0.022130009,0.02742963,0.023238085,0.03219705,0.03390561,2024-04-04 18:55:00
0.042396836,0.029114626,0.031017799,0.0205302,0.024460908,0.020801608,0.030595006,0.022480033,0.021056116,0.041346706,0.038941074,0.036563642,0.03908435,0.022284083,0.013847579,0.024910541,0.022773562,0.048861746,0.040937167,0.04479502,0.030646263,0.03670842,0.026571866,0.031938303,0.02790561,0.031082539,0.026465766,0.03169505,2024-04-04 18:56:00
0.03793443,0.12675516,0.039139677,0.036524247,0.018748159,0.024436131,0.022674132,0.020589406,0.018442318,0.040443406,0.041504778,0.025039475,0.029130483,0.01889812,0.033882905,0.024337104,0.025351793,0.023328912,0.04724318,0.04478175,0.028747143,0.021542674,0.035979282,0.023733119,0.008970742,0.02706791,0.021349596,0.041577496,2024-04-04 18:57:00
0.04272405,0.033513974,0.036517657,0.11610997,0.036288083,0.024178524,0.02673128,0.029801108,0.012962791,0.045321222,0.04231734,0.02433301,0.028367374,0.024124196,0.020371476,0.011966012,0.025696808,0.037254784,0.039558947,0.035839524,0.013272314,0.022576395,0.032609373,0.01923206,0.02342834,0.019893264,0.02352881,0.04109231,2024-04-04 18:58:00
0.08060434,0.04217335,0.041161247,0.016931,0.023279209,0.021776447,0.027815469,0.029996034,0.023759324,0.06535288,0.027339207,0.015152122,0.03353287,0.016968498,0.015906714,0.015629001,0.011979511,0.036180206,0.028630247,0.03600557,0.030340984,0.01838693,0.020200793,0.0224426,0.025120618,0.024667758,0.022431346,0.04019126,2024-04-04 18:59:00
0.046676256,0.047368042,0.026345607,0.020235669,0.02392619,0.021288496,0.021902278,0.021262297,0.017775556,0.039795674,0.036875036,0.03742062,0.035464335,0.017063389,0.0358748,0.025886294,0.013878267,0.039917435,0.03801169,0.046157014,0.030215103,0.018211232,0.019583864,0.02018121,0.01845312,0.027437866,0.02462636,0.038900536,2024-04-04 19:00:00
0.036685474,0.040394317,0.030718593,0.024633363,0.041306973,0.017001132,0.029577632,0.020176232,0.02467429,0.045714017,0.036006935,0.02202568,0.053297613,0.062512726,0.047554146,0.034566253,0.019021245,0.037058074,0.02204661,0.035655156,0.031421613,0.018867813,0.014034263,0.017329425,0.008809065,0.027406983,0.023415675,0.046878316,2024-04-04 19:01:00
0.03854344,0.022694146,0.031386286,0.018100252,0.027198808,0.020873636,0.03510613,0.026827939,0.015287826,0.05159262,0.030258529,0.018203918,0.0544533,0.022579333,0.028057765,0.05508388,0.017174724,0.03456207,0.031181466,0.049825102,0.025303096,0.018353872,0.008374959,0.024941124,0.019720115,0.019905943,0.019495497,0.041145872,2024-04-04 19:02:00
0.046821408,0.0426847,0.034196228,0.024207162,0.022574281,0.018956522,0.030008463,0.011612388,0.02360683,0.05477712,0.026822446,0.019615674,0.025171077,0.03111921,0.014352704,0.021313297,0.022606786,0.028301978,0.046545748,0.047034793,0.026659645,0.0221859,0.027817547,0.014881314,0.03889731,0.026040368,0.02784337,0.046951063,2024-04-04 19:03:00
0.0462601,0.041036546,0.022413386,0.02334709,0.015514908,0.024299208,0.0294974,0.023142913,0.026213307,0.05657913,0.036741056,0.020830456,0.03668306,0.016817026,0.02413203,0.020316144,0.014090756,0.047155753,0.023399528,0.045001075,0.02665655,0.022042546,0.016621815,0.10134106,0.022077445,0.025535647,0.022597115,0.03423037,2024-04-04 19:04:00
0.03510045,0.025310753,0.03498632,0.012829555,0.029720461,0.020618096,0.028463589,0.022521418,0.015591952,0.053568363,0.033102207,0.035673313,0.02644646,0.060383126,0.022870576,0.029681932,0.025461031,0.04342265,0.03683702,0.035731163,0.07890791,0.006088002,0.017801266,0.022151824,0.030607576,0.029488783,0.022435032,0.0434591,2024-04-04 19:05:00
0.06902448,0.03374652,0.02433203,0.017206524,0.02819746,0.01849199,0.041926403,0.038823925,0.017255008,0.062128503,0.031864095,0.01912855,0.026930053,0.027080923,0.016846173,0.025405254,0.02657523,0.0421433,0.03544286,0.049043015,0.038317394,0.028266279,0.026820596,0.02086909,0.021005835,0.021063782,0.025608014,0.040855724,2024-04-04 19:06:00
0.059635215,0.033210948,0.030941943,0.020429984,0.022180313,0.02326041,0.029518887,0.033713758,0.015335961,0.055488493,0.03582804,0.06951711,0.048834417,0.018349918,0.022664923,0.020044059,0.031754624,0.030238386,0.020412913,0.050958224,0.025852036,0.02911574,0.020939415,0.020451294,0.014613672,0.022254447,0.022386989,0.046598792,2024-04-04 19:07:00
0.029522166,0.05526897,0.03353505,0.014327051,0.031661868,0.099174246,0.029232115,0.013421498,0.022560894,0.035714168,0.027374739,0.027896766,0.017253954,0.021480968,0.02412665,0.0216783,0.023833822,0.04198802,0.036613848,0.04520639,0.028304812,0.030749321,0.027519152,0.02274138,0.018527327,0.027068859,0.022794096,0.049506407,2024-04-04 19:08:00
0.029288948,0.04232276,0.028333073,0.019121796,0.023690492,0.017830363,0.030122448,0.022490984,0.020858536,0.035827536,0.0241198,0.037919443,0.033188768,0.022875914,0.039488565,0.01765866,0.021716034,0.02482775,0.058663208,0.06547458,0.029163709,0.023281507,0.026718363,0.019967165,0.015029897,0.021165488,0.017478637,0.038262267,2024-04-04 19:09:00
0.031012673,0.046481647,0.03766336,0.023641398,0.024108961,0.026994249,0.029679863,0.020300329,0.026782934,0.042818516,0.028307576,0.023879098,0.030038178,0.020351745,0.02737379,0.018962795,0.034805257,0.05122673,0.030975059,0.044845372,0.0292028,0.018311925,0.02594826,0.016547225,0.022960829,0.029525233,0.03241866,0.03517384,2024-04-04 19:10:00
0.02959108,0.033620324,0.047235936,0.023923425,0.021704756,0.02530269,0.028764695,0.02240958,0.016274856,0.041540846,0.032627657,0.011149616,0.02522324,0.023729876,0.01262722,0.016314147,0.03656414,0.044044785,0.028700322,0.03576935,0.026989168,0.018271731,0.012819186,0.01992107,0.014759986,0.02431328,0.02840273,0.0363379,2024-04-04 19:11:00
0.034323588,0.02858157,0.03817133,0.015232374,0.017814023,0.020983161,0.033314444,0.017253416,0.014790362,0.058700416,0.057492837,0.017235925,0.029193124,0.02085023,0.02216206,0.019337563,0.023603732,0.026783876,0.035762347,0.03556745,0.02992604,0.023706509,0.05768219,0.0231232,0.01657913,0.019702882,0.031745456,0.03686969,2024-04-04 19:12:00
0.042072956,0.0351608,0.018988935,0.020711616,0.020877615,0.019253533,0.031575613,0.021119423,0.022837557,0.041741572,0.041136216,0.02584095,0.031039832,0.01724775,0.03300341,0.021775896,0.03351883,0.041363142,0.044859678,0.044944108,0.03053986,0.028814962,0.025148667,0.0203224,0.02276026,0.026719265,0.02932415,0.032945376,2024-04-04 19:13:00
0.048849877,0.037456624,0.03510008,0.035086114,0.019195149,0.01667264,0.021569422,0.07854032,0.01978039,0.048702434,0.03463557,0.05128306,0.034215726,0.0213073,0.014579538,0.026428057,0.017972393,0.0403719,0.01390006,0.044973876,0.028593102,0.033024866,0.015984142,0.020517854,0.015619277,0.028051801,0.024350444,0.038102616,2024-04-04 19:14:00
0.049059562,0.04110791,0.047164813,0.14871855,0.019999813,0.023947434,0.028563896,0.020912996,0.02202471,0.050587364,0.041656785,0.033027124,0.03314633,0.11118599,0.040858418,0.01594513,0.015597119,0.027445367,0.04214628,0.042564254,0.03970952,0.022760775,0.019069912,0.021523738,0.023094654,0.01979895,0.030376175,0.04157235,2024-04-04 19:15:00
0.038829587,0.029706087,0.033246387,0.02203084,0.021371443,0.016302384,0.01630872,0.018181438,0.022979464,0.056384742,0.03851913,0.013729716,0.04138395,0.023741601,0.01614317,0.024813205,0.012863333,0.029871615,0.043539226,0.045198005,0.027387388,0.026302287,0.02179418,0.03346131,0.028631328,0.03019745,0.021896014,0.045764573,2024-04-04 19:16:00
0.049516723,0.045412645,0.038657933,0.013999381,0.019195415,0.021304693,0.02319678,0.018060591,0.012763673,0.045564495,0.030887803,0.019429835,0.024729185,0.020913266,0.017028125,0.020354962,0.008120442,0.039172553,0.028255774,0.036477443,0.027026324,0.015135669,0.020305375,0.01492916,0.026312476,0.042823043,0.028269008,0.029999513,2024-04-04 19:17:00
0.03233576,0.040296707,0.03325178,0.017433142,0.025470749,0.023501452,0.022459036,0.013929783,0.020360636,0.03900312,0.035444334,0.02471125,0.026467415,0.060800828,0.041200597,0.034176856,0.025582587,0.0362103,0.030131103,0.039620344,0.027002966,0.14680335,0.029038642,0.020813942,0.01535043,0.021604314,0.020740874,0.03841422,2024-04-04 19:18:00
0.041529,0.0410552,0.029333975,0.036457006,0.03171492,0.023246361,0.025531236,0.025697315,0.017084206,0.05372863,0.04092434,0.025534563,0.01791624,0.017263642,0.017439092,0.018288538,0.018269973,0.027850967,0.030980356,0.035678316,0.028469143,0.022053394,0.015512369,0.014979082,0.01924644,0.02910558,0.024788577,0.03420285,2024-04-04 19:19:00
0.031778898,0.04455079,0.03931702,0.020984687,0.01592667,0.01745692,0.029600335,0.021830875,0.017891483,0.04892481,0.042717483,0.028478295,0.030181296,0.025521949,0.038394574,0.016550533,0.024012232,0.036634155,0.038673252,0.041575335,0.026047867,0.016659452,0.020933118,0.020433495,0.013287277,0.023658581,0.022839976,0.035286617,2024-04-04 19:20:00
0.030274013,0.036665674,0.03952936,0.018953912,0.023617864,0.015452146,0.027294097,0.021124445,0.034383886,0.1281317,0.034369312,0.019710574,0.042152043,0.01827136,0.017521659,0.028319938,0.029829556,0.034842152,0.0366434,0.05051576,0.020698061,0.03188018,0.02482927,0.031996734,0.026073283,0.02446336,0.040786114,0.037302505,2024-04-04 19:21:00
0.027053496,0.03515209,0.032956466,0.023136582,0.038870834,0.017621452,0.025158554,0.028088367,0.017376898,0.06957304,0.040199842,0.020660996,0.032850087,0.024199486,0.036800414,0.020345494,0.017027989,0.041167084,0.042283457,0.049936645,0.026280142,0.05900819,0.014397676,0.02112908,0.026008649,0.026612777,0.023903765,0.038765766,2024-04-04 19:22:00
0.032471992,0.06067014,0.016269151,0.028483782,0.022594215,0.022056237,0.032616343,0.024027394,0.027285222,0.051643074,0.03146124,0.019708037,0.031286582,0.027335903,0.023222039,0.02208749,0.013334077,0.03746969,0.019229943,0.047704626,0.030031238,0.03350257,0.025764674,0.02473151,0.014525881,0.036279026,0.022639276,0.025483008,2024-04-04 19:23:00
0.028574843,0.03833419,0.025443288,0.022405114,0.020967895,0.027519258,0.028233564,0.025927024,0.021406962,0.053924337,0.04541512,0.016749522,0.035956945,0.015061766,0.06717831,0.023525413,0.026207736,0.035362847,0.014824403,0.035711817,0.026520992,0.022329282,0.017864484,0.015118521,0.019408487,0.025973069,0.02193678,0.03815648,2024-04-04 19:24:00
0.035911284,0.048240434,0.027216613,0.022276651,0.025412673,0.024817577,0.026320808,0.025771076,0.01634709,0.050334934,0.042688806,0.037797183,0.033752907,0.035983104,0.020786304,0.02223567,0.020097481,0.02288183,0.035890494,0.03571838,0.03693072,0.019239834,0.03109286,0.021779325,0.0154142575,0.023100344,0.020582572,0.035147723,2024-04-04 19:25:00
0.032288652,0.023054162,0.029393911,0.014053872,0.02155349,0.023247786,0.029506594,0.02196983,0.02306703,0.064873494,0.034798954,0.033512354,0.05272858,0.019804109,0.0169415,0.019976374,0.028351575,0.03435301,0.036595553,0.036022916,0.019972099,0.01957657,0.016325757,0.019539844,0.035970803,0.03344316,0.02221293,0.036388673,2024-04-04 19:26:00
0.03628886,0.02731921,0.020961743,0.013967362,0.021492336,0.019174874,0.022804825,0.018900137,0.015836503,0.04751854,0.037146848,0.019605171,0.03467043,0.021244137,0.03838826,0.023794435,0.029557465,0.03899033,0.037938364,0.0418065,0.03051338,0.030354839,0.075861074,0.02259439,0.015147822,0.028109415,0.050095465,0.039381232,2024-04-04 19:27:00
0.041908883,0.037987284,0.036872357,0.013959082,0.025426487,0.022476597,0.029725337,0.027383136,0.015348487,0.060962934,0.037006766,0.02051367,0.036964662,0.018164443,0.01928858,0.023547338,0.027043644,0.024797762,0.04089828,0.05334421,0.024915777,0.019051885,0.023696106,0.020542946,0.022013776,0.019577468,0.02256977,0.036613874,2024-04-04 19:28:00
0.0386337,0.033867106,0.03204363,0.023828488,0.020549713,0.023248388,0.023748992,0.024027595,0.013193968,0.058247,0.038945038,0.0314354,0.03403661,0.06586269,0.013076011,0.019827921,0.026088767,0.03153007,0.032853443,0.04682754,0.032783154,0.017588895,0.025144095,0.016824298,0.021642068,0.027024888,0.019983059,0.032809198,2024-04-04 19:29:00
0.030325398,0.041092627,0.019822797,0.018402888,0.019370776,0.022234026,0.02271186,0.0194956,0.02355361,0.048507355,0.025485497,0.043445624,0.033475883,0.021438962,0.027352305,0.02494053,0.021896124,0.02343599,0.041342,0.045056537,0.037464038,0.018152311,0.029431317,0.023884786,0.01329267,0.025354812,0.019544233,0.036199678,2024-04-04 19:30:00
0.03943199,0.035520524,0.015752971,0.038087625,0.02231102,0.016798789,0.020686734,0.020804685,0.026142862,0.0566902,0.033980314,0.015680633,0.052134696,0.014014378,0.020208586,0.009946889,0.015430166,0.025481233,0.04853997,0.043344613,0.028182825,0.020600123,0.008944057,0.017425269,0.026052587,0.028648172,0.023091607,0.039678868,2024-04-04 19:31:00
0.03628953,0.03703385,0.042741258,0.02543717,0.026545588,0.019042823,0.022119863,0.05716373,0.01854953,0.05799484,0.030336812,0.01353424,0.036455538,0.029025521,0.017637305,0.017391713,0.022008494,0.033422966,0.03545733,0.036507722,0.027609417,0.01549267,0.021471502,0.019658102,0.03679891,0.021938076,0.017061971,0.038956076,2024-04-04 19:32:00
0.03785146,0.04469124,0.033186182,0.027086813,0.020798968,0.021232767,0.023571257,0.022230728,0.021413231,0.08825551,0.042972818,0.024682362,0.037175253,0.020018252,0.016631654,0.028853798,0.029793017,0.03191105,0.062145203,0.043759823,0.026003646,0.034557242,0.01362294,0.021775315,0.025748506,0.022800205,0.021372017,0.0437002,2024-04-04 19:33:00
0.02501835,0.038693547,0.032175533,0.02691724,0.026403958,0.028051447,0.015077607,0.02170197,0.027014198,0.06533949,0.03460149,0.048744258,0.031492732,0.033520743,0.033144493,0.017685343,0.026719494,0.025284335,0.037386283,0.0407634,0.028504932,0.024349328,0.022811346,0.054274462,0.022476973,0.026272152,0.022413328,0.037191343,2024-04-04 19:34:00
0.041449603,0.03999531,0.020681025,0.014498082,0.020565405,0.023019725,0.023922507,0.022311633,0.01868768,0.04509422,0.043182835,0.02331811,0.058450263,0.030070858,0.04469556,0.017056288,0.02669286,0.029069785,0.040194824,0.036492087,0.029016975,0.024394842,0.023482135,0.019704945,0.034441784,0.028050728,0.03238975,0.037736837,2024-04-04 19:35:00
0.0341195,0.03680781,0.034216207,0.027534472,0.02647846,0.014416031,0.022248222,0.024407458,0.014810398,0.04697494,0.030414049,0.020510297,0.031079328,0.021991808,0.035752647,0.013449977,0.02307623,0.027205706,0.02100891,0.036548145,0.028439451,0.018095428,0.018908557,0.023743017,0.019529479,0.02747576,0.024119828,0.03575371,2024-04-04 19:36:00
0.038451962,0.039258692,0.028951092,0.03158908,0.01612999,0.035626538,0.016375285,0.024332318,0.019774608,0.05378528,0.040354937,0.027078586,0.06737058,0.01656557,0.020569095,0.025729079,0.0267023,0.040924463,0.035284575,0.044657204,0.02077994,0.10777373,0.02409285,0.02976041,0.01809505,0.024954975,0.020808043,0.04075664,2024-04-04 19:37:00
0.039388373,0.040683553,0.030316554,0.024956288,0.02386874,0.023231396,0.02230734,0.02116576,0.01631547,0.0520992,0.03584143,0.021317694,0.044532795,0.030775715,0.031083107,0.026099835,0.018189726,0.031266216,0.035924703,0.044935606,0.028389236,0.029641785,0.08263753,0.01907064,0.02158104,0.02305428,0.0216615,0.03601398,2024-04-04 19:38:00
0.031348504,0.040987708,0.040947404,0.10724251,0.027601711,0.021005154,0.012871408,0.018399479,0.02026913,0.070796445,0.041659646,0.018753216,0.022400321,0.01345009,0.017864566,0.03338483,0.019628417,0.027003173,0.05175425,0.04510101,0.029888041,0.028369583,0.025658347,0.016409434,0.019265478,0.024671637,0.036234695,0.043605037,2024-04-04 19:39:00
0.03491401,0.038621973,0.029552506,0.015980618,0.02019752,0.023244536,0.021391548,0.018128179,0.030619178,0.04338347,0.033986617,0.025537115,0.031619404,0.028385827,0.053281527,0.015850844,0.027805476,0.02932624,0.04447724,0.036243133,0.029380118,0.014869503,0.021181583,0.021880923,0.02031054,0.025282294,0.042466015,0.034992255,2024-04-04 19:40:00
0.040758908,0.040139895,0.020780057,0.01592879,0.023488995,0.025590787,0.15902822,0.022459969,0.04984351,0.047750838,0.045382783,0.029420177,0.022927321,0.029923595,0.020911504,0.018215423,0.02556142,0.022936849,0.029620795,0.04489462,0.026629213,0.019856775,0.008752673,0.020443778,0.020494353,0.020443412,0.025694536,0.034081988,2024-04-04 19:41:00
0.06061659,0.027709704,0.036472958,0.026453609,0.017240044,0.02067786,0.018887194,0.040059365,0.014806759,0.035929922,0.028582338,0.028785937,0.03118716,0.019903729,0.025557157,0.013836099,0.030067775,0.018280728,0.040143743,0.05301634,0.026779667,0.018620405,0.020987762,0.019927522,0.016276546,0.024984092,0.021528399,0.028257985,2024-04-04 19:42:00
0.039215773,0.033076376,0.035799373,0.024982575,0.018902982,0.020285247,0.017255265,0.017393155,0.012291744,0.047251914,0.030230982,0.02086545,0.0361067,0.029476829,0.0919643,0.024706673,0.01510573,0.027579274,0.043323405,0.036288075,0.029186778,0.020937629,0.019878548,0.019566566,0.03584643,0.020968197,0.024441598,0.036228344,2024-04-04 19:43:00
0.04691566,0.017859736,0.03441326,0.016745152,0.025880793,0.03212708,0.024971325,0.023238337,0.011697586,0.05126014,0.046520706,0.010164681,0.03539098,0.023379935,0.027062232,0.016213084,0.02151253,0.077024974,0.06303288,0.04650271,0.026195459,0.025775043,0.0029826097,0.025107278,0.021249812,0.025519185,0.021989077,0.03364961,2024-04-04 19:44:00
0.04044978,0.038863335,0.036431193,0.027099503,0.020528872,0.024842214,0.139736,0.02437483,0.02125061,0.04255616,0.03441289,0.029334221,0.05561934,0.025955483,0.021522708,0.023330886,0.030362403,0.02966097,0.036463503,0.04445934,0.026756683,0.028215168,0.013042187,0.020954195,0.028754443,0.026558958,0.029333234,0.041496422,2024-04-04 19:45:00
0.039112296,0.032000158,0.03026488,0.024857061,0.022029722,0.023471158,0.030816277,0.023008363,0.042743642,0.05599316,0.04415931,0.037708748,0.02848041,0.01879504,0.02801115,0.02350188,0.020486714,0.037605263,0.039730426,0.046145856,0.03038287,0.021097755,0.014372956,0.019674558,0.020716982,0.024680167,0.02364675,0.033451185,2024-04-04 19:46:00
0.035523456,0.041477297,0.03683066,0.01874732,0.027616104,0.018457146,0.01504594,0.020833561,0.009969542,0.030276518,0.024406418,0.046124324,0.031966485,0.018458888,0.018959355,0.0278743,0.022498392,0.042233765,0.04968462,0.045112673,0.025669428,0.012873724,0.020220496,0.020502103,0.015361128,0.018866876,0.026008219,0.034848366,2024-04-04 19:47:00
0.03606463,0.03967145,0.041281573,0.019443976,0.022104466,0.018007647,0.02104492,0.021143274,0.026681988,0.051823534,0.037530802,0.034764245,0.03917662,0.035492145,0.014686086,0.0217363,0.014128204,0.038700957,0.04576043,0.045047216,0.026534952,0.0800866,0.030945461,0.034688007,0.026350802,0.019037109,0.029763848,0.04124306,2024-04-04 19:48:00
0.030185983,0.032946993,0.028806841,0.036321573,0.024754746,0.021202665,0.10916913,0.01841362,0.015657777,0.056995727,0.04102212,0.01887769,0.029665887,0.02463997,0.016271321,0.025925284,0.021418575,0.029499618,0.04199601,0.04513834,0.027926717,0.023491887,0.022513155,0.01948634,0.022538403,0.021810794,0.023862582,0.03770049,2024-04-04 19:49:00
0.04686145,0.034353502,0.032689493,0.023345929,0.018566927,0.034721896,0.22119142,0.022696394,0.020367596,0.04334532,0.034205977,0.016064854,0.07351395,0.023366665,0.021925122,0.024732383,0.023108583,0.04079424,0.03420164,0.040121272,0.041876074,0.021300057,0.052153096,0.02111704,0.027878992,0.017609263,0.022709781,0.03174154,2024-04-04 19:50:00
0.03563249,0.04276627,0.03249879,0.024084277,0.023616616,0.022433693,0.022373848,0.036723904,0.012927544,0.054074124,0.08999472,0.02723143,0.02934987,0.017590659,0.028786235,0.028566662,0.016492767,0.035819393,0.045157768,0.04501778,0.026429668,0.016184058,0.020827757,0.020686142,0.02106921,0.030786783,0.02228065,0.0379061,2024-04-04 19:51:00
0.032179058,0.03438449,0.035212442,0.014171456,0.022007903,0.022747809,0.031839956,0.026833145,0.014872287,0.060373005,0.045157008,0.013860436,0.032592453,0.021625469,0.028896684,0.022711046,0.011022326,0.044668928,0.042604677,0.040495057,0.0270213,0.017097522,0.009046269,0.023147086,0.02494155,0.022907903,0.018524727,0.039012864,2024-04-04 19:52:00
0.052516222,0.030836185,0.037901264,0.018773455,0.02124884,0.0414945,0.16344921,0.023435146,0.020408092,0.055020116,0.0802225,0.03856916,0.033778068,0.02166447,0.027257958,0.02305139,0.02122991,0.03656602,0.040832695,0.035705578,0.029943917,0.025303451,0.017755209,0.020761345,0.023502916,0.04092955,0.05981322,0.0386372,2024-04-04 19:53:00
0.050637186,0.039949678,0.038669366,0.021453576,0.028959414,0.01520641,0.037179485,0.02245143,0.036428597,0.08059916,0.043821312,0.033050574,0.034546565,0.023010658,0.032245208,0.02080726,0.030021314,0.03829514,0.08294184,0.03811259,0.03466216,0.033714738,0.025019305,0.022031406,0.01989454,0.028241368,0.018778529,0.037206963,2024-04-04 19:54:00
0.038559012,0.034943476,0.040832866,0.028089961,0.01726448,0.02459366,0.16082384,0.019545471,0.01924398,0.04404986,0.032775097,0.023201237,0.0401111,0.030441219,0.02153843,0.0191204,0.018735502,0.026591387,0.039591752,0.044837166,0.027125146,0.020499405,0.019250143,0.017725475,0.025197808,0.028689165,0.021346852,0.038262874,2024-04-04 19:55:00
0.038641855,0.013629145,0.037779782,0.024925696,0.014574748,0.02561901,0.024285292,0.026807813,0.027898027,0.050521053,0.033439692,0.010749187,0.05151266,0.03604178,0.011481425,0.017438391,0.023584906,0.040041577,0.041578535,0.040514033,0.028675351,0.025236178,0.014707358,0.020939926,0.03985271,0.03686118,0.022180118,0.03232505,2024-04-04 19:56:00
0.031806994,0.040747292,0.035616305,0.018947996,0.024450531,0.021635616,0.024239756,0.023083862,0.017648032,0.04678491,0.025586268,0.024202647,0.03336609,0.033405673,0.015190194,0.02085741,0.015190456,0.034961287,0.044521835,0.039510276,0.043410413,0.018072726,0.0126468325,0.021129888,0.023426572,0.025541607,0.022300448,0.037417326,2024-04-04 19:57:00
0.031688478,0.05419255,0.041141707,0.016316392,0.022327328,0.02065128,0.0223568,0.022994416,0.025962325,0.05697673,0.040015254,0.02406387,0.029526873,0.026557637,0.016337138,0.018927308,0.020015681,0.035847418,0.03828636,0.03572584,0.0096168015,0.028317431,0.019221257,0.02680094,0.032296766,0.02603827,0.020345768,0.022322366,2024-04-04 19:58:00
0.041051254,0.031594764,0.032100722,0.014226432,0.020437676,0.039791018,0.020426035,0.024218878,0.017698005,0.05454947,0.026219096,0.036996607,0.02150261,0.03926228,0.024016418,0.018493379,0.022820015,0.02908229,0.035844877,0.036287125,0.04350494,0.021948319,0.023835143,0.0159765,0.025204223,0.027812017,0.020261101,0.03310312,2024-04-04 19:59:00
0.0328868,0.027402189,0.03418106,0.017479671,0.02523797,0.025591467,0.022275489,0.014176006,0.014258165,0.04960438,0.04193044,0.019327419,0.034841046,0.02591624,0.01422179,0.01523586,0.02503497,0.042296745,0.034748416,0.043820743,0.024756536,0.02386544,0.04461607,0.022629153,0.024271984,0.021604456,0.0244356,0.033851244,2024-04-04 20:00:00
0.030848905,0.0324585,0.037103362,0.017431509,0.030990528,0.109319516,0.022766028,0.021292951,0.02297132,0.04532775,0.0274556,0.047150612,0.02972513,0.0331,0.024320457,0.024950074,0.02340215,0.03864074,0.040345162,0.035586633,0.027893849,0.026539996,0.022305125,0.026075486,0.023088086,0.020271374,0.026736367,0.043100398,2024-04-04 20:01:00
0.037118956,0.033932537,0.038212795,0.019553207,0.035561297,0.023905117,0.026391918,0.023986472,0.009604154,0.07060959,0.034040786,0.02438864,0.029144509,0.030158948,0.02935206,0.047578778,0.038850583,0.033304904,0.036105126,0.035771456,0.029134832,0.016309718,0.026564023,0.035696775,0.03089,0.022742895,0.024523195,0.03375793,2024-04-04 20:02:00
0.029909793,0.030850787,0.03132515,0.018689737,0.022530012,0.018399827,0.030630486,0.02358797,0.017817017,0.058365863,0.0422205,0.060780503,0.035525624,0.061679244,0.038585536,0.014625321,0.022011422,0.027904423,0.023157695,0.039396808,0.026207298,0.018967383,0.0035612672,0.023103867,0.028639605,0.02805127,0.026069598,0.037138265,2024-04-04 20:03:00
0.03409144,0.034500137,0.032286663,0.025714027,0.025614152,0.024601938,0.021349963,0.02014775,0.022318915,0.0444305,0.030595686,0.018047588,0.035953812,0.036219336,0.019628117,0.020088809,0.013549179,0.040996607,0.034489244,0.035698358,0.03419992,0.022010729,0.024201546,0.025124576,0.01551183,0.021913875,0.02390409,0.04227767,2024-04-04 20:04:00
0.033579927,0.027123755,0.036739144,0.023871478,0.018442092,0.023412263,0.032148186,0.017963948,0.035018448,0.046721492,0.03479696,0.029835649,0.033351153,0.032564294,0.02132299,0.018105138,0.021428106,0.036637966,0.07749662,0.04099821,0.040790908,0.111997776,0.024798647,0.020516304,0.026755417,0.019751152,0.023849301,0.03165136,2024-04-04 20:05:00
0.03704674,0.0368097,0.031095985,0.017527658,0.021136168,0.056820597,0.022158708,0.02685925,0.020031698,0.053931408,0.038345076,0.018367711,0.0525915,0.02690356,0.030751953,0.018101878,0.024355372,0.03320197,0.046981514,0.039902028,0.040743183,0.028627055,0.019956628,0.022552975,0.028054634,0.028774222,0.02565221,0.035076518,2024-04-04 20:06:00
0.030213233,0.037645414,0.02983213,0.02760493,0.015382821,0.017113777,0.016326113,0.024612242,0.022008222,0.03624344,0.031304576,0.05119385,0.02916025,0.030075016,0.023517702,0.014736423,0.015548152,0.03824034,0.044063482,0.036512323,0.031655405,0.019754726,0.026806645,0.01685274,0.03439998,0.026544418,0.024705093,0.04388616,2024-04-04 20:07:00
0.027890667,0.041792642,0.029896779,0.029203452,0.020760287,0.040722802,0.023161083,0.022824734,0.021286525,0.059494786,0.029019628,0.017050078,0.06874019,0.03221002,0.012385621,0.016687123,0.02204182,0.036508877,0.09669245,0.03633873,0.028530458,0.018994486,0.060054988,0.016529579,0.014676443,0.029310655,0.017656088,0.036584172,2024-04-04 20:08:00
0.034993928,0.03856589,0.028537879,0.026154682,0.025655432,0.024911156,0.024612533,0.21477693,0.02240988,0.051074687,0.030170595,0.03006408,0.036779165,0.026132341,0.043715782,0.014424396,0.022724548,0.035612613,0.039901715,0.041598517,0.029333562,0.024450995,0.023326943,0.03825709,0.026696086,0.027505286,0.02230858,0.039093968,2024-04-04 20:09:00
0.0276107,0.043976918,0.033867404,0.029022913,0.025042025,0.021196527,0.020213302,0.021876184,0.022502506,0.051555716,0.034234762,0.049400542,0.04358716,0.018055774,0.030458296,0.016086752,0.025630917,0.031144267,0.04805183,0.03951092,0.025733676,0.12693743,0.022494135,0.028839447,0.024190737,0.023024749,0.017934183,0.037142057,2024-04-04 20:10:00
0.028932337,0.044686515,0.030142853,0.13906531,0.021785883,0.013076473,0.019752033,0.022692554,0.024155071,0.055980172,0.023050018,0.027262608,0.03181932,0.044741217,0.020157015,0.02045427,0.022995215,0.045843095,0.045580875,0.04492682,0.02685602,0.034645922,0.022530591,0.023709944,0.018853392,0.027791303,0.025186898,0.03866484,2024-04-04 20:11:00
0.031822614,0.03721931,0.032760967,0.02523514,0.03570769,0.018994993,0.02713464,0.020183219,0.016696753,0.061689645,0.040040635,0.02704092,0.03580635,0.031509954,0.027829278,0.055492125,0.0213203,0.029810425,0.07629463,0.040721443,0.036169007,0.019983834,0.04008322,0.02714723,0.020819522,0.033069964,0.019612188,0.040707063,2024-04-04 20:12:00
0.037970882,0.042086132,0.037799496,0.03614166,0.026235525,0.023869313,0.026918009,0.023281679,0.018817255,0.06872301,0.049673557,0.024999255,0.05890294,0.019747237,0.025349073,0.02461563,0.017133525,0.03481602,0.029697733,0.042629108,0.028961834,0.020365516,0.014489112,0.022892112,0.030321777,0.022018854,0.019540457,0.02017924,2024-04-04 20:13:00
0.024779698,0.043120712,0.015332234,0.021477375,0.02438834,0.024510117,0.025525847,0.021931324,0.01935737,0.06439902,0.025294969,0.065001816,0.02636178,0.020023473,0.018886248,0.024326218,0.023730483,0.027154965,0.058376066,0.044927992,0.026963668,0.018280473,0.023983765,0.022700625,0.021112576,0.025134794,0.023250252,0.03767028,2024-04-04 20:14:00
0.052844763,0.03823861,0.0349718,0.012835823,0.020438196,0.018618206,0.03331108,0.018504556,0.027367136,0.061344616,0.040245175,0.016413113,0.0302497,0.034267038,0.026041405,0.027833758,0.014882497,0.033955716,0.051758546,0.04562434,0.026186876,0.013878438,0.028093277,0.013948058,0.028007459,0.02617716,0.020128168,0.035208363,2024-04-04 20:15:00
0.037123896,0.04361234,0.047509346,0.022874897,0.027808052,0.017868921,0.02795089,0.02149722,0.015051824,0.046893597,0.073982716,0.053610098,0.044037037,0.027624521,0.016361406,0.02346287,0.01819686,0.032300726,0.08156383,0.036501594,0.065290004,0.030438863,0.026769254,0.021853825,0.026067758,0.02472835,0.021053508,0.038461205,2024-04-04 20:16:00
0.040733878,0.03885974,0.029052434,0.013220612,0.020155607,0.021799797,0.021853743,0.016562346,0.014764665,0.064339645,0.020078702,0.037950758,0.059118886,0.023964498,0.018316284,0.023218418,0.022821546,0.02265278,0.052746546,0.03550649,0.027082313,0.020599851,0.035572473,0.030928519,0.026014004,0.028559187,0.023320792,0.03696521,2024-04-04 20:17:00
0.04275566,0.036916815,0.034965906,0.021150062,0.02332384,0.016894775,0.0205756,0.016133226,0.022628346,0.060458492,0.042305015,0.022658618,0.02829773,0.01820313,0.014345871,0.018985616,0.049364243,0.034012422,0.032739565,0.03628502,0.02999053,0.017484985,0.022470491,0.023766635,0.02557318,0.02557322,0.02131187,0.03634834,2024-04-04 20:18:00
0.05008326,0.033364184,0.035027575,0.018212609,0.03014844,0.014602502,0.0439462,0.019797208,0.022161301,0.05501824,0.045117214,0.018730152,0.027246362,0.016828349,0.022615002,0.057179917,0.023989988,0.03089247,0.0543604,0.052684776,0.02749873,0.030773839,0.007243057,0.043737218,0.018872878,0.023437804,0.027343618,0.021185488,2024-04-04 20:19:00
0.0885804,0.03661762,0.02669048,0.017524768,0.019254431,0.030381199,0.021902652,0.029543458,0.01593529,0.042870227,0.045173552,0.01905434,0.05685011,0.019549096,0.011683175,0.054122694,0.029863695,0.03975743,0.07548413,0.09115324,0.039960127,0.02658866,0.013153994,0.024030458,0.023397865,0.024969077,0.025341347,0.037298426,2024-04-04 20:20:00
0.055925705,0.040350866,0.03674296,0.03045438,0.030141527,0.021794664,0.023032753,0.009796461,0.026391486,0.0775499,0.03856021,0.01851015,0.03800675,0.024651978,0.01236618,0.028028427,0.033667218,0.040814888,0.043214053,0.044831738,0.030821271,0.0178109,0.019075936,0.020744037,0.020466307,0.02763861,0.024034688,0.02091779,2024-04-04 20:21:00
0.050280914,0.040757135,0.02379378,0.041217186,0.014707687,0.022855528,0.028449902,0.018852903,0.016263166,0.06820811,0.031973314,0.026953341,0.030202748,0.02121326,0.020283632,0.025783794,0.025055153,0.024518475,0.028427633,0.03633155,0.029680887,0.022268066,0.015040351,0.020560777,0.03245925,0.04093435,0.02404291,0.016083224,2024-04-04 20:22:00
0.033487488,0.040877994,0.038481113,0.021239402,0.021750683,0.021084424,0.026690869,0.0245665,0.022153204,0.06552044,0.036430523,0.09745229,0.049249027,0.020957364,0.025618397,0.032016482,0.019595344,0.035105363,0.04776009,0.06675019,0.03393751,0.016787056,0.017807845,0.018480977,0.016222984,0.028210226,0.09682866,0.024986036,2024-04-04 20:23:00
0.025375614,0.25549933,0.032474592,0.015679942,0.022772342,0.023420488,0.025517605,0.021965966,0.019304864,0.061853398,0.03805103,0.013071663,0.050446037,0.027149769,0.016687026,0.020857694,0.017395874,0.020531934,0.031553105,0.044851467,0.030891882,0.020408181,0.016675415,0.01824765,0.024534693,0.030340875,0.017796675,0.038369276,2024-04-04 20:24:00
0.040434178,0.056437388,0.02508268,0.017314238,0.024582759,0.018178618,0.021269342,0.034551732,0.019302823,0.057574455,0.024934797,0.029696267,0.0331135,0.030728437,0.02106688,0.026293261,0.038496688,0.047397982,0.03821313,0.04505441,0.028218543,0.016022537,0.0159401,0.024816917,0.016549699,0.024781067,0.02393215,0.034219198,2024-04-04 20:25:00
0.031710785,0.056214496,0.033232305,0.01103769,0.030821573,0.016198514,0.022007812,0.012713119,0.024544336,0.046477754,0.01520055,0.11288656,0.03103053,0.023882857,0.026770722,0.02763233,0.019073939,0.029365387,0.04057346,0.03683422,0.02774866,0.019973645,0.01760181,0.021875542,0.019515404,0.026175523,0.03195217,0.033215426,2024-04-04 20:26:00
0.03545758,0.031694908,0.028046513,0.027877517,0.025513798,0.027282061,0.020347325,0.021480463,0.018080082,0.045728784,0.038401615,0.04477256,0.0538927,0.026452279,0.031712037,0.031529058,0.019356893,0.03753756,0.032958966,0.038037453,0.027596438,0.031077929,0.023453575,0.024937993,0.01997775,0.025631053,0.019525083,0.03477407,2024-04-04 20:27:00
0.035708506,0.030133225,0.0337271,0.020599969,0.02057259,0.027791785,0.023040399,0.024611518,0.016460044,0.04929559,0.034225564,0.030425051,0.0249594,0.044105463,0.014750111,0.026197476,0.023049943,0.03192927,0.03557234,0.04574114,0.030901808,0.020466024,0.0256092,0.022057123,0.017649384,0.037791464,0.024785995,0.04505232,2024-04-04 20:28:00
0.031152647,0.03891429,0.025768586,0.02838449,0.028569616,0.050050177,0.030526344,0.027263291,0.0202179,0.06158035,0.031402018,0.024665663,0.038692955,0.021713639,0.022157831,0.019814834,0.019613598,0.019638209,0.06696444,0.045199584,0.041488726,0.01624344,0.02068354,0.026189536,0.017827788,0.026460474,0.025820961,0.035251614,2024-04-04 20:29:00
0.043352965,0.025767947,0.040699344,0.01567759,0.026949257,0.030775206,0.025082646,0.036006626,0.011638917,0.033560537,0.04372106,0.031571127,0.030363677,0.023940986,0.0402998,0.028550355,0.02543666,0.03212771,0.03959511,0.04634699,0.041778684,0.025040122,0.020978965,0.016915753,0.028275587,0.022826461,0.024962366,0.036222585,2024-04-04 20:30:00
0.03500577,0.017150497,0.03113588,0.018051364,0.021357639,0.05510538,0.023756843,0.022469949,0.016964098,0.05012684,0.031855967,0.021772526,0.02840847,0.025656158,0.014376808,0.028504526,0.024828862,0.031822603,0.0423251,0.047769085,0.022807093,0.02051672,0.014476065,0.022593016,0.023378558,0.018985564,0.019736726,0.03524416,2024-04-04 20:31:00
0.031015772,0.028357347,0.029116873,0.027004866,0.02505114,0.04443749,0.023205085,0.024860254,0.020717729,0.0640077,0.04099152,0.019732138,0.039128095,0.018315434,0.020375755,0.020670658,0.027083708,0.020354569,0.0530964,0.04057905,0.037129547,0.020613378,0.023333455,0.024133345,0.025451437,0.029001046,0.018747322,0.036668167,2024-04-04 20:32:00
0.02558074,0.06498704,0.027174335,0.017178403,0.033732723,0.023031572,0.11102429,0.02377056,0.017179566,0.04888846,0.04149329,0.025489338,0.035479493,0.021912983,0.01644266,0.041205842,0.028154347,0.030119697,0.07609099,0.048135962,0.04248334,0.030611064,0.026342727,0.020163223,0.02469823,0.032163728,0.022287427,0.027927442,2024-04-04 20:33:00
0.040848956,0.014671109,0.03084345,0.02665766,0.031448666,0.01931454,0.026988046,0.02412946,0.03587418,0.051660784,0.03239081,0.056313038,0.02617949,0.015137117,0.017062394,0.026629476,0.026699394,0.045678504,0.03973863,0.0360818,0.026970703,0.018975172,0.030497635,0.014317191,0.026583744,0.023577949,0.034680028,0.03507745,2024-04-04 20:34:00
0.03937628,0.028718282,0.031528234,0.027887698,0.017167965,0.021191558,0.024829412,0.019871024,0.027647063,0.061230816,0.025580434,0.03844959,0.032763507,0.038965307,0.025738189,0.012050384,0.023245875,0.03902657,0.044027764,0.038244855,0.031514846,0.019323656,0.016252689,0.03281608,0.016944496,0.022752775,0.02044513,0.035754897,2024-04-04 20:35:00
0.03944626,0.028075315,0.02778414,0.021843046,0.03605419,0.020898372,0.023526087,0.021487135,0.018164415,0.0418049,0.036654066,0.02954625,0.035728693,0.050276186,0.022204023,0.022593277,0.021769386,0.030568963,0.038674675,0.044951037,0.039165985,0.019256702,0.025821354,0.023306904,0.031761598,0.019695764,0.020965537,0.034635343,2024-04-04 20:36:00
0.040658712,0.031714693,0.026747419,0.026921917,0.0328915,0.024396015,0.025231117,0.021155797,0.022921951,0.05854306,0.042432953,0.031983715,0.030518997,0.022060782,0.02054002,0.024685366,0.020633616,0.037169196,0.048295613,0.046959285,0.034609254,0.033558615,0.025818741,0.025175707,0.019219987,0.04192966,0.020007417,0.03757548,2024-04-04 20:37:00
0.047113135,0.048410457,0.022640737,0.03961325,0.022572776,0.025514627,0.02233217,0.020868529,0.018038241,0.053584523,0.031979553,0.03520542,0.030409314,0.029678404,0.013006945,0.038357522,0.048500672,0.028592981,0.04133404,0.039863873,0.029806478,0.027274357,0.019103272,0.016226444,0.022494711,0.025611078,0.027479678,0.033561673,2024-04-04 20:38:00
0.038394675,0.027397575,0.025016194,0.017767569,0.018358665,0.020962602,0.028759796,0.022604486,0.021556992,0.029258741,0.03947534,0.025115814,0.041083377,0.019738708,0.017036553,0.026356257,0.026178952,0.024475481,0.04318249,0.04517685,0.02861755,0.021122329,0.01945892,0.03519038,0.016546834,0.031446718,0.024023911,0.039981492,2024-04-04 20:39:00
0.039037656,0.029181778,0.024882516,0.0173109,0.025888521,0.024950875,0.029169574,0.01946322,0.017057579,0.054928523,0.033735782,0.091952525,0.032571528,0.025336726,0.020150535,0.025691466,0.019805508,0.019046457,0.032369845,0.03596476,0.028742574,0.022876784,0.039434265,0.023747824,0.019315287,0.026579943,0.02225741,0.03336556,2024-04-04 20:40:00
0.039908577,0.03756327,0.024132058,0.018786335,0.017035272,0.02390962,0.025681455,0.023008535,0.028133081,0.068667,0.059144557,0.056637477,0.04213544,0.027321529,0.012890985,0.022922639,0.021058166,0.03278427,0.04085707,0.04514817,0.03150903,0.030799717,0.026882382,0.019483313,0.021963952,0.029385522,0.023701135,0.03569082,2024-04-04 20:41:00
0.036324862,0.051451072,0.025689662,0.017430242,0.022277541,0.023655543,0.022859681,0.01534623,0.022054525,0.05094901,0.041432563,0.018717522,0.02645435,0.01767232,0.031124828,0.017388664,0.011933923,0.029359214,0.03969324,0.05115861,0.030731505,0.020388408,0.014261861,0.025135765,0.030032251,0.032103423,0.024443064,0.023493394,2024-04-04 20:42:00
0.031368114,0.04115781,0.028410936,0.017874733,0.022040736,0.023251984,0.022308365,0.023124373,0.023364391,0.044274826,0.036762618,0.018073762,0.031188771,0.020530416,0.02018996,0.028066805,0.025587419,0.01859948,0.049849007,0.04740791,0.031547077,0.014919526,0.02087286,0.0202759,0.021842169,0.027127566,0.024921836,0.035108343,2024-04-04 20:43:00
0.032231905,0.014926651,0.019591361,0.014186956,0.022437176,0.024640715,0.024741178,0.04032715,0.023819845,0.0514214,0.030886855,0.025134334,0.03310001,0.026503792,0.033049695,0.025025016,0.023490138,0.041035406,0.044324573,0.045077085,0.032305945,0.10474789,0.022159506,0.022138486,0.014225673,0.028789584,0.020487925,0.033500366,2024-04-04 20:44:00
0.03955506,0.03103362,0.028433893,0.015594198,0.026819501,0.017680934,0.02310086,0.14357595,0.014528419,0.03751067,0.029157953,0.05226862,0.042488478,0.022452472,0.014334472,0.016516812,0.013012222,0.03538406,0.035984866,0.03625923,0.028854134,0.017018149,0.012240992,0.016400648,0.015706051,0.0208112,0.03515425,0.033613373,2024-04-04 20:45:00
0.051937774,0.031695746,0.032953545,0.027082749,0.019655976,0.028466865,0.024020748,0.014610117,0.019776138,0.058680344,0.03771424,0.031172771,0.03980078,0.02060671,0.025792416,0.018208312,0.013178202,0.03535747,0.034568176,0.072095595,0.044554535,0.031788256,0.01870932,0.02279904,0.027068662,0.045921173,0.021737598,0.035764087,2024-04-04 20:46:00
0.034447294,0.014778891,0.03513094,0.03577626,0.02212135,0.025302557,0.029244212,0.021823065,0.021019137,0.056800127,0.042964794,0.04131585,0.027193803,0.020703763,0.016616777,0.021559382,0.027560141,0.042540934,0.054853417,0.035851374,0.03274929,0.014708899,0.033191796,0.12337432,0.029570432,0.018150367,0.025521625,0.04178192,2024-04-04 20:47:00
0.033495635,0.04748516,0.03347039,0.013696259,0.016740471,0.021029862,0.02271289,0.02128158,0.025800122,0.05845632,0.020868862,0.024499716,0.035188906,0.021303244,0.02828073,0.019834083,0.023375155,0.037677586,0.04251921,0.04613952,0.030842852,0.026703365,0.023530375,0.02204489,0.013634634,0.023115914,0.023649313,0.042909697,2024-04-04 20:48:00
0.036307372,0.027409717,0.029328743,0.014607863,0.027281022,0.016680975,0.024235198,0.040741242,0.022821046,0.06553014,0.0356166,0.028071932,0.03300834,0.03674293,0.014839114,0.026772957,0.03593313,0.042239543,0.043582153,0.044887803,0.029517874,0.03720098,0.019468702,0.035817206,0.017054781,0.022245754,0.025147354,0.03663753,2024-04-04 20:49:00
0.031194126,0.022893228,0.01592268,0.013217819,0.019736001,0.020920852,0.026608434,0.020075563,0.015384027,0.049350124,0.033444583,0.035726145,0.031982247,0.017185403,0.021901863,0.027439792,0.03453639,0.041224252,0.03930739,0.036221363,0.025332374,0.024323782,0.027390214,0.020198552,0.027414316,0.04289775,0.022787103,0.034313697,2024-04-04 20:50:00
0.039937444,0.04858972,0.01833081,0.016979378,0.02568324,0.022059975,0.027307969,0.014498326,0.021314183,0.042189654,0.024197258,0.027973484,0.034647338,0.037093453,0.025535766,0.025955848,0.021475703,0.038911015,0.047694623,0.044998385,0.033286642,0.024288774,0.018837089,0.015760021,0.017346414,0.02689761,0.024356617,0.032434687,2024-04-04 20:51:00
0.035394095,0.047378313,0.02244535,0.19733956,0.031396274,0.021389458,0.03813559,0.015031862,0.0135400845,0.064387895,0.034513496,0.03398344,0.03082811,0.023457438,0.015635539,0.033884265,0.015036531,0.049018048,0.035618182,0.045904774,0.03184133,0.024586499,0.035460167,0.020563725,0.02951949,0.024127014,0.024666358,0.023260223,2024-04-04 20:52:00
0.039633375,0.047831006,0.034148585,0.2082411,0.022031827,0.021395175,0.030361066,0.02174403,0.020738035,0.04501509,0.027522972,0.016795868,0.028645564,0.018797824,0.01675281,0.017369626,0.021156967,0.045256414,0.04477825,0.044837784,0.031460032,0.014636508,0.019991739,0.025706582,0.019664245,0.027937105,0.025089707,0.040152505,2024-04-04 20:53:00
0.03535511,0.02614938,0.037915446,0.017244546,0.02540879,0.05752824,0.028038789,0.023503516,0.02127734,0.04907012,0.039757326,0.012125407,0.036230933,0.086728044,0.019171393,0.021326747,0.018960802,0.03398732,0.049288444,0.04655635,0.03102174,0.023394898,0.026107714,0.02315814,0.027060894,0.02565805,0.028502299,0.03641225,2024-04-04 20:54:00
0.03409167,0.024159122,0.025994396,0.026160037,0.014224126,0.020022048,0.027079387,0.02345514,0.02980676,0.06271052,0.035420764,0.032757577,0.031970758,0.026316661,0.026849005,0.022161618,0.019916115,0.035326637,0.040618382,0.035983447,0.032849282,0.01939462,0.032745667,0.024620222,0.019325268,0.03340789,0.020096872,0.034728266,2024-04-04 20:55:00
0.032805268,0.040890623,0.037990652,0.052898906,0.087762475,0.028222537,0.024708474,0.023325097,0.016011965,0.037564084,0.04695419,0.017686117,0.04339642,0.024321243,0.016575675,0.018008543,0.014723897,0.04290446,0.05080426,0.03602876,0.029847246,0.020741213,0.032268282,0.020788537,0.02386439,0.022253633,0.021449326,0.039097555,2024-04-04 20:56:00
0.03901272,0.06929183,0.042438895,0.025302488,0.029871978,0.017680615,0.034710236,0.021901036,0.022332927,0.05567844,0.015018485,0.023803594,0.040569227,0.01881014,0.019844497,0.022440584,0.03012429,0.038045503,0.048028722,0.043835692,0.028542364,0.026041849,0.014832327,0.0183481,0.01997386,0.026045468,0.024220716,0.04487267,2024-04-04 20:57:00
0.03718364,0.027468802,0.039471973,0.015450993,0.021439679,0.023547273,0.043234628,0.023567779,0.01217842,0.046336118,0.04080562,0.02809707,0.036566928,0.022383332,0.023599727,0.028497266,0.038328983,0.022827636,0.04480143,0.05253726,0.029580517,0.031852204,0.026606962,0.026422475,0.026420705,0.02583848,0.024577467,0.03491883,2024-04-04 20:58:00
0.038288206,0.028235205,0.04049044,0.15931877,0.02599087,0.01958478,0.037732616,0.025013447,0.041198116,0.049636852,0.031287927,0.032790806,0.029156841,0.019911237,0.01968745,0.055998836,0.035347585,0.048168648,0.04755644,0.047444187,0.030718677,0.030125655,0.026708838,0.031501554,0.023791093,0.028113544,0.025714835,0.037348043,2024-04-04 20:59:00
0.032828797,0.04116965,0.038355093,0.015255484,0.024959434,0.02680519,0.03887581,0.01677997,0.01882666,0.048081975,0.037098553,0.027280737,0.025883202,0.015162525,0.016757403,0.020011593,0.011173084,0.038624875,0.028501833,0.03611308,0.027772276,0.018267019,0.027536878,0.027728066,0.019386303,0.027500026,0.024011074,0.037171718,2024-04-04 21:00:00
0.02991594,0.032453828,0.028804362,0.032235537,0.017253,0.021304535,0.027536713,0.024067119,0.01869554,0.05250411,0.037183482,0.0212003,0.03399708,0.05228586,0.022766996,0.022953654,0.029323166,0.03500433,0.039250787,0.041135862,0.02825644,0.028319035,0.028869709,0.021945532,0.025992434,0.027391927,0.021835757,0.03472422,2024-04-04 21:01:00
0.039696507,0.043183107,0.041332647,0.023030436,0.022664027,0.022208065,0.02744723,0.037227504,0.025935173,0.04743057,0.026446877,0.020759957,0.030746317,0.022009457,0.017162351,0.02904396,0.023922099,0.044439353,0.04499139,0.044904526,0.031754125,0.025892194,0.10097428,0.01756492,0.018097933,0.024577433,0.09337503,0.0372321,2024-04-04 21:02:00
0.071299806,0.05387666,0.026378691,0.015635721,0.02989875,0.020331683,0.026644541,0.02993141,0.024105947,0.055173382,0.035865188,0.054566808,0.036235396,0.022495119,0.021844087,0.013663139,0.020017225,0.025169782,0.039870072,0.039281886,0.013278896,0.024148636,0.020672169,0.021444444,0.027547795,0.02507214,0.020890938,0.036116276,2024-04-04 21:03:00
0.038500477,0.040400814,0.039840184,0.0155369025,0.022806792,0.023592742,0.040523853,0.021440659,0.0147500755,0.05054712,0.039525162,0.01654946,0.023496145,0.020248724,0.016648969,0.016028877,0.014945227,0.03684196,0.048127037,0.074964926,0.041844446,0.01890164,0.031462464,0.03193766,0.020458214,0.023013083,0.026592627,0.046157934,2024-04-04 21:04:00
0.02892374,0.03382757,0.03673845,0.01785679,0.017489847,0.016676674,0.04003039,0.02474554,0.03081079,0.051232617,0.03821657,0.019234288,0.044100504,0.023400074,0.027189203,0.010481058,0.02028004,0.032094,0.035715446,0.035883028,0.02544126,0.018804813,0.026517497,0.020201983,0.025218792,0.023911582,0.021038968,0.041802444,2024-04-04 21:05:00
0.037609536,0.032347098,0.027938593,0.019881247,0.020617057,0.024137316,0.027734974,0.023767661,0.021909881,0.06809733,0.023929486,0.029099923,0.04700872,0.010613554,0.018461663,0.016517006,0.012584848,0.024019802,0.038424913,0.039535325,0.041410923,0.016037125,0.014767209,0.024241334,0.016239889,0.02194457,0.018606707,0.03651385,2024-04-04 21:06:00
0.031453054,0.037699264,0.024517296,0.013907842,0.021453856,0.026987316,0.028575638,0.035380248,0.014743572,0.067726485,0.021970367,0.044882473,0.02656188,0.03234817,0.025473801,0.021407753,0.023743052,0.029415004,0.033292327,0.038481127,0.030399047,0.021375038,0.022525135,0.037378937,0.021122787,0.027170002,0.021723166,0.13634326,2024-04-04 21:07:00
0.024388168,0.021271443,0.035139494,0.018911364,0.025422202,0.022237033,0.031175107,0.021434613,0.02282746,0.048189588,0.039638236,0.07108761,0.06280051,0.02083698,0.016617522,0.02374272,0.023247441,0.036067497,0.041337747,0.043075167,0.02689599,0.1440382,0.015656669,0.024532449,0.02187705,0.01745671,0.021969017,0.026889972,2024-04-04 21:08:00
0.02658985,0.031441014,0.029141163,0.03980226,0.034647524,0.027637554,0.030697236,0.014739353,0.03199385,0.047320575,0.024559505,0.015144092,0.05910345,0.017449033,0.017549494,0.026055815,0.02938369,0.03429012,0.036746982,0.044957336,0.030837467,0.01579369,0.028695842,0.022203328,0.017186787,0.02606436,0.023966435,0.036538485,2024-04-04 21:09:00
0.030485932,0.038919397,0.02660708,0.017073378,0.026551059,0.019234482,0.027784336,0.0355877,0.017083155,0.074258976,0.039944664,0.014249468,0.03171405,0.018416716,0.031334057,0.025628168,0.028311348,0.017457508,0.03223137,0.03667299,0.02920087,0.021022987,0.013533723,0.018466465,0.01725765,0.026943054,0.023213819,0.035785124,2024-04-04 21:10:00
0.085640796,0.043284863,0.029841626,0.032318868,0.023685638,0.023445828,0.03098364,0.018219527,0.0256469,0.065361336,0.028139325,0.023650609,0.038200147,0.01480003,0.025069073,0.026659582,0.01617308,0.03652186,0.034684826,0.035676494,0.030642962,0.023979913,0.026904628,0.020359239,0.037267487,0.018919747,0.026483884,0.054969635,2024-04-04 21:11:00
0.025646977,0.040068902,0.02577721,0.04681002,0.01855789,0.021201545,0.026423242,0.024472924,0.021502474,0.06712844,0.037408587,0.02214379,0.044343293,0.024450006,0.015734535,0.01448802,0.025145603,0.026383987,0.041921187,0.04144751,0.031756576,0.019719593,0.026489265,0.023655515,0.018722186,0.021591613,0.035696145,0.044576015,2024-04-04 21:12:00
0.032376017,0.04149161,0.04592745,0.015517009,0.012423215,0.028692972,0.024305342,0.02386716,0.02013218,0.04979244,0.03987165,0.031567376,0.028351698,0.029016864,0.028886825,0.03087184,0.024540927,0.03025872,0.04917326,0.045191538,0.031855673,0.025994103,0.028165197,0.07852141,0.018601103,0.025832532,0.029400047,0.043831166,2024-04-04 21:13:00
0.039348908,0.041393906,0.02498864,0.025728982,0.022319207,0.022186711,0.027051162,0.02377194,0.017206272,0.047513675,0.032797195,0.021604428,0.02944565,0.029670972,0.024880668,0.030999267,0.023055049,0.032964204,0.041687697,0.042418495,0.029002875,0.021643484,0.027307719,0.020611405,0.01910845,0.018397182,0.027572788,0.036239263,2024-04-04 21:14:00
0.02739556,0.039686177,0.036402114,0.01471955,0.017313173,0.027790418,0.027717719,0.032220982,0.024028022,0.03847327,0.03330792,0.0211038,0.052898653,0.029437112,0.024147073,0.022566112,0.022665925,0.030650696,0.04433921,0.04491294,0.032512035,0.024680778,0.023126187,0.024394844,0.022670582,0.02256301,0.024833694,0.035227578,2024-04-04 21:15:00
0.032189246,0.03308576,0.020756008,0.018766789,0.034497116,0.021646276,0.02599789,0.021590816,0.017414652,0.047177423,0.032460865,0.019825278,0.03473811,0.030946651,0.020129029,0.028420594,0.021095207,0.028129213,0.042689446,0.044875506,0.031662405,0.017965239,0.024960974,0.023670938,0.02468585,0.02740677,0.02626989,0.04503808,2024-04-04 21:16:00
0.029729363,0.035131566,0.016576579,0.01382588,0.029212488,0.037766233,0.025859488,0.020076375,0.017438771,0.04557794,0.038633037,0.0233185,0.050768062,0.025923898,0.021043591,0.017672697,0.024696155,0.03922031,0.039289087,0.03643616,0.025623126,0.023468848,0.031972386,0.026162256,0.023137867,0.022680325,0.02135584,0.037475098,2024-04-04 21:17:00
0.031439867,0.03902476,0.036862317,0.016942365,0.030647052,0.018123569,0.02988475,0.023952344,0.023671549,0.065513164,0.032667488,0.024021301,0.03862576,0.04468638,0.016321449,0.02234937,0.023374123,0.018659484,0.042878274,0.04487736,0.031801358,0.017496781,0.022124683,0.019683845,0.022383066,0.028846722,0.016266067,0.034868166,2024-04-04 21:18:00
0.027883181,0.071510494,0.019401336,0.030277306,0.026771696,0.018163485,0.029474335,0.021459397,0.018778179,0.064257406,0.02919805,0.017068733,0.031238733,0.019437747,0.021842228,0.02292951,0.024157869,0.032437637,0.037493188,0.043792922,0.029448045,0.02344794,0.030274514,0.05570789,0.017986406,0.021313308,0.020952692,0.028092396,2024-04-04 21:19:00
0.027409296,0.039218467,0.03143583,0.018705303,0.02377947,0.022813065,0.02735343,0.015398576,0.024544746,0.0404031,0.03291772,0.022054642,0.03520158,0.02234422,0.022017224,0.033919804,0.037511207,0.033228572,0.046629228,0.04481414,0.03152504,0.031656116,0.023863794,0.040502183,0.029447807,0.021519184,0.026469387,0.048387766,2024-04-04 21:20:00
0.033809334,0.0605378,0.0333201,0.017736912,0.018971369,0.014346031,0.030524919,0.022047227,0.01848886,0.03859987,0.037941895,0.0383878,0.041794755,0.03758687,0.02298187,0.029299801,0.01825913,0.037831344,0.044875164,0.048579242,0.03219657,0.038741563,0.027467968,0.021569882,0.025775775,0.023126505,0.023457384,0.04410047,2024-04-04 21:21:00
0.027329715,0.042337853,0.030763073,0.020260656,0.020588128,0.024801401,0.029223403,0.021598894,0.02121299,0.05048958,0.04723831,0.018238416,0.032055676,0.015426751,0.014313263,0.04019462,0.014393452,0.03850454,0.031979397,0.040275868,0.031911723,0.022480585,0.022912556,0.019795608,0.015497228,0.02508649,0.02000503,0.024539407,2024-04-04 21:22:00
0.028357927,0.028876863,0.03145005,0.045826245,0.017344058,0.020545948,0.02689953,0.019376608,0.026397826,0.034197237,0.04354634,0.018309485,0.032060355,0.023850504,0.017308142,0.039834745,0.009962722,0.04074685,0.044433355,0.045065068,0.030762877,0.0058298633,0.016648065,0.030181484,0.018461851,0.025451114,0.029459292,0.033684667,2024-04-04 21:23:00
0.02963899,0.04621892,0.038931847,0.03427635,0.02286656,0.016411815,0.030216642,0.023014426,0.018779138,0.052329328,0.042118784,0.021530181,0.026969813,0.034761786,0.018093813,0.03901874,0.021727338,0.014199068,0.049110204,0.035730675,0.03172973,0.017842907,0.018547624,0.019479768,0.024074614,0.03011197,0.028741736,0.034738418,2024-04-04 21:24:00
0.067316756,0.02446478,0.041869313,0.04044461,0.026892439,0.021559246,0.03475139,0.023753885,0.018850535,0.04897933,0.041080363,0.0118192,0.03076074,0.015135762,0.013396131,0.03403628,0.015538417,0.041316215,0.035702527,0.035785675,0.024320861,0.035356563,0.022671532,0.02500726,0.024389174,0.024486115,0.021745484,0.03662962,2024-04-04 21:25:00
0.027123405,0.042619515,0.03141215,0.016375102,0.020732297,0.021887051,0.026808916,0.026289968,0.021176085,0.061692227,0.049603056,0.019749166,0.068297796,0.01895185,0.03462397,0.025664862,0.0142449,0.03462985,0.040098533,0.035819348,0.032624226,0.042057853,0.027124804,0.03229983,0.012078867,0.031194245,0.05460287,0.03557855,2024-04-04 21:26:00
0.031086791,0.031375684,0.031825006,0.018390639,0.014782006,0.02121376,0.028916439,0.018530149,0.022506468,0.05143549,0.04196747,0.03614482,0.04159149,0.037084136,0.014969499,0.027784059,0.01927798,0.04433623,0.044259876,0.035830643,0.02200129,0.039299913,0.013548412,0.019548593,0.01866188,0.026320167,0.026898256,0.03691536,2024-04-04 21:27:00
0.0314338,0.12974855,0.042504814,0.02671804,0.015859047,0.022405904,0.034528546,0.015990015,0.023271194,0.06661424,0.034332074,0.047207505,0.028897416,0.02882394,0.035663277,0.030747205,0.01566926,0.029698053,0.03546189,0.045165937,0.03014227,0.021723766,0.01814146,0.019935895,0.020362621,0.02875754,0.026554748,0.034505542,2024-04-04 21:28:00
0.027931327,0.0309673,0.037012067,0.029930376,0.03720857,0.020674724,0.029173845,0.029272942,0.020692203,0.06024058,0.038415536,0.048316427,0.047064524,0.019456552,0.032900855,0.032912534,0.02225514,0.047802202,0.03928249,0.045709852,0.032449063,0.03597083,0.019362846,0.032311466,0.03350089,0.033885334,0.029135048,0.03414567,2024-04-04 21:29:00
0.027317679,0.044153173,0.1087575,0.036918566,0.02698391,0.012444571,0.03190627,0.0222143,0.024619805,0.12088957,0.035938255,0.033151392,0.02905127,0.028184958,0.014332478,0.026751116,0.02170762,0.030416869,0.042787574,0.036308605,0.02940806,0.024504116,0.028304555,0.024589846,0.017006123,0.032723837,0.025028126,0.038545467,2024-04-04 21:30:00
0.029838368,0.034060355,0.026012383,0.017273812,0.025156742,0.02804115,0.034403753,0.01998445,0.02441217,0.058899753,0.04438976,0.086687416,0.035117794,0.025355157,0.05485045,0.071339674,0.026410567,0.034353647,0.040727723,0.050877526,0.03173371,0.022362484,0.016532129,0.01812682,0.014714053,0.027556106,0.018887037,0.037035163,2024-04-04 21:31:00
0.028112091,0.048760433,0.02018948,0.016034018,0.029055864,0.024750743,0.022795355,0.016560487,0.024874488,0.049741972,0.038284816,0.022014968,0.028713806,0.024602572,0.018296195,0.032347668,0.01200074,0.031691846,0.03868872,0.048419315,0.032122836,0.01673693,0.01880659,0.021852408,0.020883666,0.031518098,0.020052742,0.034856506,2024-04-04 21:32:00
0.032543886,0.036318325,0.03796501,0.033518095,0.008296527,0.01981893,0.034976613,0.026536737,0.024952406,0.037020788,0.036814395,0.02594926,0.028573263,0.022928707,0.014821468,0.026349587,0.018378107,0.038853582,0.046487425,0.043363012,0.034859374,0.0128142005,0.021773543,0.0109066665,0.021843124,0.020420589,0.035984278,0.036295883,2024-04-04 21:33:00
0.03450236,0.037998922,0.034165118,0.03536106,0.020828376,0.021202425,0.033445127,0.023549238,0.021190116,0.055228103,0.03971525,0.024079442,0.028572293,0.019524926,0.029454855,0.032353505,0.021397335,0.03531355,0.04496299,0.037149098,0.029828418,0.018981785,0.023095733,0.021139124,0.023708565,0.023964938,0.02638289,0.04509519,2024-04-04 21:34:00
0.027496003,0.04927045,0.028823871,0.024611771,0.02230576,0.021164177,0.026805874,0.039235204,0.021226361,0.06800837,0.037077975,0.012918387,0.047576692,0.015949113,0.022439215,0.03304537,0.0121744,0.034606103,0.05585092,0.044823494,0.029358624,0.017125504,0.024351355,0.022928888,0.016851159,0.026669003,0.023009509,0.031182013,2024-04-04 21:35:00
0.02628203,0.04751621,0.0177353,0.017155815,0.021421,0.020921702,0.029315297,0.024394428,0.01756993,0.0647492,0.041338395,0.07312482,0.0386306,0.02911224,0.021053176,0.027579898,0.016523479,0.017802436,0.046483904,0.04489772,0.026725108,0.015756693,0.015705172,0.021063408,0.032578632,0.03515494,0.02550469,0.03960542,2024-04-04 21:36:00
0.027823348,0.03987217,0.046290413,0.023257907,0.017753767,0.020060765,0.023207016,0.02442359,0.02304516,0.06796818,0.03129293,0.016551714,0.027041614,0.017757535,0.05032747,0.029591523,0.014932906,0.04781322,0.06102322,0.045107964,0.030183095,0.019901084,0.024575079,0.03538647,0.03780223,0.029129867,0.024117611,0.04315143,2024-04-04 21:37:00
0.03035765,0.04101904,0.022124348,0.029788636,0.027341904,0.031441867,0.02824519,0.024635155,0.01413122,0.059458926,0.030157875,0.02454386,0.031458553,0.018973624,0.019994076,0.026478589,0.014681488,0.04117302,0.056916244,0.04517516,0.033830266,0.017585663,0.016439684,0.021486389,0.022766734,0.042840056,0.019598242,0.03838222,2024-04-04 21:38:00
0.031093499,0.042038094,0.033660486,0.02048939,0.027582074,0.016541453,0.027955955,0.015673334,0.02239662,0.04576254,0.041223045,0.01743837,0.03211681,0.02843044,0.01849876,0.026436519,0.020080496,0.028838243,0.05168292,0.047312133,0.029977348,0.018753776,0.040449727,0.027354207,0.021858152,0.02657301,0.020649977,0.03829566,2024-04-04 21:39:00
0.03630159,0.038753707,0.034880217,0.022190977,0.028158443,0.026959645,0.030201318,0.023802856,0.012389928,0.040782154,0.025440872,0.0665216,0.036516745,0.02070445,0.041427366,0.024300864,0.020424131,0.034354236,0.035964534,0.040763296,0.030277034,0.03265167,0.02032718,0.020348297,0.04147648,0.031834085,0.04326785,0.040297467,2024-04-04 21:40:00
0.027908305,0.031459596,0.044799354,0.019844156,0.029474368,0.02464853,0.02657332,0.021276621,0.019499857,0.058179952,0.02903222,0.018970584,0.056734275,0.019933393,0.02611334,0.018221902,0.020827811,0.038309306,0.041678347,0.039969947,0.027559213,0.09444124,0.026715424,0.020875178,0.020228667,0.03576532,0.021510389,0.035074405,2024-04-04 21:41:00
0.023637997,0.042238038,0.033698134,0.019069636,0.040767316,0.03316692,0.025865385,0.016106347,0.017706312,0.055062275,0.018592834,0.029546432,0.06288441,0.026698813,0.016994046,0.032348342,0.019692056,0.042259607,0.05407102,0.03578119,0.026993664,0.012828348,0.009256912,0.020115092,0.015390776,0.036623098,0.020299397,0.03615548,2024-04-04 21:42:00
0.02781622,0.037391014,0.022681292,0.019452704,0.03125136,0.021598693,0.025527759,0.02659766,0.01621399,0.06296325,0.031706437,0.07958644,0.03396756,0.081334315,0.017071387,0.021363635,0.019857215,0.01841146,0.030370982,0.04490411,0.036723644,0.019861568,0.035132755,0.019021524,0.022304943,0.030550476,0.01799396,0.031151328,2024-04-04 21:43:00
0.030616108,0.06274135,0.02619594,0.015388533,0.027255075,0.018760143,0.045477584,0.023786075,0.013636191,0.03891879,0.035812747,0.038734812,0.02654977,0.022325713,0.014765415,0.017033687,0.020406215,0.027341364,0.05780801,0.03650343,0.028639998,0.025956016,0.011530996,0.017992983,0.03926986,0.019292513,0.024030766,0.037178125,2024-04-04 21:44:00
0.02683741,0.049574804,0.028619964,0.018515008,0.020005211,0.023011127,0.03237552,0.022932634,0.023449373,0.05325886,0.027782047,0.024991773,0.04817419,0.03829395,0.030538917,0.022983754,0.019530177,0.030020231,0.04546231,0.049757794,0.03064329,0.023045141,0.027234923,0.020939544,0.021630393,0.028033068,0.021647109,0.0320473,2024-04-04 21:45:00
0.029715719,0.039611414,0.023460967,0.024614008,0.026130669,0.022689756,0.031489268,0.020444896,0.013529705,0.050524317,0.039302725,0.025292281,0.030032229,0.025346972,0.03345235,0.032436263,0.027038345,0.02942264,0.06666891,0.050399322,0.032030635,0.024835972,0.020530596,0.023399143,0.017628815,0.024325933,0.02514283,0.037730355,2024-04-04 21:46:00
0.027907932,0.019010046,0.030308925,0.028301185,0.020578232,0.022301016,0.027050328,0.022509951,0.0154542215,0.0454962,0.025037767,0.04087239,0.05386253,0.01796263,0.024558168,0.026121527,0.03044946,0.037571408,0.07976197,0.04490855,0.027542204,0.018896155,0.009839914,0.02191363,0.028793257,0.021247499,0.0209435,0.041564386,2024-04-04 21:47:00
0.034504335,0.03351226,0.028034221,0.029289309,0.017376423,0.024768593,0.02831131,0.016970266,0.024729162,0.050605103,0.03827873,0.032531913,0.031956118,0.021411518,0.027966322,0.034651224,0.045432877,0.045153294,0.07938754,0.044227216,0.028117152,0.02883551,0.10781081,0.025869323,0.0155510865,0.023416024,0.023480738,0.15422465,2024-04-04 21:48:00
0.033303015,0.01576522,0.0378544,0.019038104,0.020263992,0.026205232,0.027719293,0.012691015,0.018720772,0.05503947,0.04152692,0.025005773,0.030822106,0.01693486,0.024776574,0.0267022,0.018145029,0.044628303,0.085009076,0.045382574,0.032997813,0.021198472,0.031565785,0.018815782,0.020331876,0.021118589,0.03506015,0.034177423,2024-04-04 21:49:00
0.032931805,0.03680313,0.031751666,0.02009304,0.02457764,0.018192109,0.024752516,0.024435608,0.019703444,0.052777693,0.043330878,0.012471822,0.021495303,0.02203764,0.020217605,0.026549516,0.029426815,0.034329657,0.03432057,0.048307147,0.03044671,0.020845518,0.021224897,0.026372766,0.022483991,0.022209758,0.095213644,0.026270276,2024-04-04 21:50:00
0.024848655,0.05219752,0.03196212,0.019120071,0.021081667,0.022951506,0.030498846,0.024498414,0.020840306,0.04881754,0.03746616,0.025822643,0.032049906,0.03208174,0.01756742,0.022375122,0.026529945,0.03994777,0.10985118,0.043508627,0.031821333,0.033274867,0.008543145,0.01677281,0.022200903,0.021464044,0.057446122,0.032579597,2024-04-04 21:51:00
0.02852846,0.032131493,0.023962133,0.032258824,0.018159265,0.026038302,0.024342148,0.024132704,0.0059383013,0.046718217,0.034710485,0.02581731,0.031322338,0.021492148,0.01518227,0.023873933,0.027909208,0.03501119,0.06301654,0.04220414,0.033986326,0.020526562,0.018973969,0.019479128,0.018646693,0.024507452,0.04454536,0.03325844,2024-04-04 21:52:00
0.033713985,0.02913962,0.019154672,0.016795564,0.028408952,0.024822617,0.028179865,0.015573776,0.011997368,0.05790126,0.038885396,0.021212097,0.027156273,0.024306163,0.014080971,0.015187634,0.024283517,0.032192655,0.080952145,0.03702888,0.028191349,0.02007496,0.025716037,0.02320023,0.033786096,0.025547773,0.025317624,0.035148118,2024-04-04 21:53:00
0.03173742,0.03972308,0.028535923,0.03542858,0.026035808,0.024722578,0.03407622,0.021880768,0.017596534,0.06021509,0.038472533,0.029640438,0.0339465,0.023928856,0.020845206,0.021570658,0.02164759,0.019213874,0.054578304,0.04227928,0.030293202,0.10682959,0.02577406,0.025397802,0.025505425,0.024617756,0.02385961,0.035419576,2024-04-04 21:54:00
0.03390887,0.053736247,0.024117524,0.01825134,0.021986607,0.021501133,0.024730597,0.033139218,0.046973933,0.046081617,0.037755482,0.019472716,0.040312435,0.03010825,0.01786387,0.02460175,0.026850192,0.021606263,0.051331677,0.03977903,0.03020279,0.028320085,0.009724877,0.022627365,0.02661853,0.02120725,0.040514093,0.042364437,2024-04-04 21:55:00
0.035306033,0.063553326,0.023029832,0.017544976,0.03269729,0.02359209,0.04163437,0.09417012,0.017349117,0.047167517,0.03440777,0.010810245,0.049015597,0.02317493,0.01449665,0.03037421,0.016464705,0.02404766,0.046932813,0.045228764,0.033245016,0.02194652,0.03246545,0.02092902,0.019610854,0.022846304,0.05710466,0.032243915,2024-04-04 21:56:00
0.027992876,0.029538658,0.03438651,0.013607543,0.02146717,0.019621823,0.040989336,0.0126446085,0.01597875,0.0446838,0.029520696,0.03169896,0.030568039,0.01661489,0.022029016,0.02376543,0.034407426,0.028036898,0.05275165,0.035674114,0.032978423,0.018847987,0.025395254,0.026078226,0.020592755,0.027075786,0.019870192,0.033696394,2024-04-04 21:57:00
0.028534157,0.040391594,0.031824537,0.024569806,0.020082207,0.020866992,0.04155235,0.030746354,0.036049273,0.054666363,0.043487057,0.02077045,0.02542369,0.034977645,0.027406605,0.02318351,0.025939798,0.027013179,0.0506356,0.037412226,0.02878638,0.020348486,0.08031036,0.023215689,0.018109556,0.021966804,0.035533603,0.035108857,2024-04-04 21:58:00
0.027176337,0.043254558,0.035937183,0.019763846,0.019602222,0.022807026,0.053566087,0.0270683,0.017057609,0.04877343,0.04904656,0.08695767,0.074019246,0.025694394,0.017741632,0.026612,0.03027498,0.09771093,0.04695695,0.040660918,0.046243995,0.039776333,0.028784657,0.020724632,0.019130176,0.020399624,0.02656738,0.034228098,2024-04-04 21:59:00
0.033841837,0.031475265,0.026432991,0.018666154,0.022745792,0.023481587,0.05066368,0.023835855,0.024337346,0.056425553,0.028565748,0.047265876,0.030441837,0.029512163,0.016010055,0.030302806,0.016227102,0.013238051,0.038644213,0.04772204,0.0320935,0.020759834,0.032553498,0.02418948,0.026940748,0.030365972,0.047457304,0.040671404,2024-04-04 22:00:00
0.027759358,0.0425157,0.023188671,0.024273125,0.02823162,0.023036283,0.061021265,0.023700286,0.017537132,0.06661643,0.045752764,0.02402255,0.030720681,0.029122502,0.021891762,0.04845401,0.020548692,0.019401249,0.029684624,0.035960052,0.025371345,0.021168394,0.019656613,0.020280026,0.028443718,0.030674107,0.027901033,0.034443785,2024-04-04 22:01:00
0.023295997,0.018973377,0.043589916,0.037769537,0.03225317,0.021648334,0.059405107,0.0230817,0.034925383,0.060662765,0.029979525,0.032659065,0.031062473,0.030210156,0.024294576,0.033668336,0.027807744,0.028057072,0.017243957,0.041144203,0.024756456,0.026311573,0.02128925,0.023866694,0.027576698,0.019772198,0.022459488,0.033244375,2024-04-04 22:02:00
0.027756456,0.05455041,0.033163708,0.02435068,0.019890254,0.01998157,0.052001894,0.024954965,0.020757454,0.060334157,0.03953038,0.032401275,0.027943997,0.024365975,0.015448198,0.014513663,0.019579085,0.04146574,0.061533052,0.03575137,0.029461207,0.022025626,0.02189769,0.025852328,0.027661072,0.023964483,0.020860644,0.039214507,2024-04-04 22:03:00
0.022484649,0.100661784,0.025127925,0.025944896,0.025472214,0.023053,0.052419476,0.025207572,0.01997401,0.058354765,0.053945158,0.029668797,0.055255506,0.047622364,0.026361292,0.050398372,0.020809699,0.016780265,0.09019948,0.036845546,0.04125142,0.020808373,0.02678124,0.024774052,0.03109461,0.019675208,0.022151548,0.029149981,2024-04-04 22:04:00
0.03057541,0.037951883,0.03896397,0.0217728,0.026714846,0.022642137,0.052066267,0.022461396,0.05209015,0.051174857,0.05287098,0.016193774,0.046749122,0.02273435,0.03991635,0.020983972,0.02052117,0.037247367,0.043900315,0.039235387,0.04188688,0.014357297,0.026297152,0.019661054,0.023441803,0.031188333,0.017538613,0.093076915,2024-04-04 22:05:00
0.029370734,0.03531173,0.030756954,0.0147141665,0.02616765,0.025378492,0.051054794,0.022484189,0.015984286,0.05823432,0.025796326,0.04255754,0.02807025,0.031977776,0.015378573,0.027414912,0.01949616,0.037413996,0.07123559,0.045773398,0.037826575,0.015159772,0.02419009,0.014715838,0.021952257,0.024570733,0.021241674,0.03438938,2024-04-04 22:06:00
0.025559485,0.03287477,0.03398283,0.020401226,0.029188426,0.02398491,0.052190803,0.0315852,0.01954837,0.04300021,0.03579401,0.0619037,0.06856761,0.023624863,0.024978336,0.02724298,0.020158228,0.027474102,0.062653646,0.036076896,0.03308727,0.018828137,0.026786594,0.020109667,0.024337314,0.02052852,0.020823535,0.038320806,2024-04-04 22:07:00
0.031526662,0.03473117,0.036596734,0.012931543,0.018538887,0.029922957,0.04979094,0.028077452,0.026226314,0.055344082,0.028284375,0.03973122,0.03661248,0.029036228,0.016491566,0.025662743,0.029927444,0.023532066,0.054976877,0.053100504,0.03151361,0.022041908,0.021886485,0.019659577,0.027166173,0.0229395,0.015747406,0.036314297,2024-04-04 22:08:00
0.028216744,0.04027473,0.03421195,0.023616962,0.023931567,0.022698767,0.046617135,0.02184739,0.024257043,0.06258463,0.030678911,0.029683163,0.03048346,0.019920677,0.019053256,0.02437776,0.019532643,0.030575633,0.03539315,0.036528416,0.029041762,0.022878813,0.02833404,0.021426762,0.011143409,0.02649393,0.02336417,0.03883033,2024-04-04 22:09:00
0.042123172,0.03760149,0.030014422,0.014848221,0.023189569,0.027841298,0.05610768,0.018457135,0.0133098,0.03197296,0.03154066,0.02094974,0.0789435,0.12678796,0.019856723,0.02504192,0.015946617,0.049031403,0.048435234,0.06729156,0.024043508,0.025303645,0.026494354,0.024458556,0.023328722,0.02053471,0.04622211,0.037147477,2024-04-04 22:10:00
0.02881577,0.037297837,0.03305681,0.036270827,0.029517174,0.024221024,0.05032198,0.026558856,0.015453784,0.033728298,0.046731148,0.054363478,0.027461689,0.020673053,0.02303187,0.03340407,0.021802656,0.032775484,0.043800835,0.037020344,0.025915228,0.019943511,0.017064773,0.015294691,0.026669266,0.030561447,0.02094212,0.025147656,2024-04-04 22:11:00
0.028507428,0.038753435,0.045340884,0.014890389,0.018723097,0.030176526,0.05722468,0.022848485,0.026456416,0.052564446,0.03307157,0.024222681,0.04291919,0.024666056,0.01440789,0.020817127,0.0131481355,0.03890895,0.022699784,0.036901057,0.03104338,0.018342137,0.027494788,0.029122978,0.015257506,0.031239128,0.020576231,0.023007194,2024-04-04 22:12:00
0.027081758,0.035613686,0.03347368,0.037047997,0.021931069,0.01752459,0.050528854,0.022300301,0.023140602,0.056946464,0.0544949,0.021587212,0.03211748,0.015937975,0.03564807,0.035825584,0.015446469,0.009079254,0.03916384,0.045132544,0.032697227,0.020313846,0.021941373,0.020374727,0.019447856,0.02217839,0.019917127,0.032880157,2024-04-04 22:13:00
0.028357824,0.028846882,0.03126199,0.042752117,0.033380903,0.026427608,0.057180554,0.02416722,0.026869915,0.04956758,0.03949484,0.019639827,0.029855065,0.031192847,0.01619956,0.030065212,0.025917191,0.041888148,0.040471263,0.044936262,0.028751422,0.029483365,0.024047488,0.021135222,0.018580232,0.028105147,0.03242592,0.029831294,2024-04-04 22:14:00
0.039597936,0.0325252,0.03542117,0.04077722,0.02207629,0.02093481,0.054325443,0.025418103,0.0148538295,0.043355417,0.04352459,0.0153701315,0.02889655,0.024687015,0.02154723,0.040310204,0.023395682,0.03795844,0.043507386,0.03653035,0.027029464,0.020362753,0.02226884,0.019433701,0.02397737,0.02579608,0.02236413,0.028368397,2024-04-04 22:15:00
0.04078487,0.04155566,0.023713654,0.015628869,0.016983349,0.021875273,0.1190912,0.021660771,0.013989734,0.054211985,0.039859034,0.024276244,0.032762207,0.025790345,0.014122785,0.02557453,0.01375512,0.029185737,0.056018416,0.044916615,0.020354277,0.02687627,0.026276696,0.01706406,0.019061958,0.027504684,0.020109348,0.026131345,2024-04-04 22:16:00
0.026830893,0.015658686,0.030893473,0.01888534,0.026459021,0.021186339,0.19845252,0.019630792,0.024419904,0.04483449,0.03849177,0.063838795,0.03300675,0.019236315,0.013986032,0.017636191,0.017586462,0.0290656,0.03920944,0.047448937,0.0327056,0.021481678,0.027217615,0.025011884,0.021547165,0.01941854,0.021948216,0.033024546,2024-04-04 22:17:00
0.025698802,0.034467123,0.037014224,0.017956546,0.023205627,0.020848589,0.03817363,0.023321806,0.027062545,0.03364211,0.018245487,0.021128224,0.043149333,0.027717544,0.017440235,0.027353702,0.038192593,0.028980738,0.04459356,0.04563002,0.033055007,0.025475241,0.017356422,0.018664388,0.019707117,0.029941421,0.025230825,0.034806464,2024-04-04 22:18:00
0.026680015,0.034516953,0.027798764,0.018450428,0.026251668,0.020292891,0.037960667,0.013128472,0.02329136,0.06723296,0.035516433,0.024120986,0.03315601,0.014234903,0.025372813,0.024546703,0.016926484,0.014371758,0.043859657,0.04484398,0.043371882,0.01723566,0.015241117,0.019744737,0.01737618,0.026129413,0.021753507,0.036370378,2024-04-04 22:19:00
0.026136272,0.036472414,0.031894963,0.020016298,0.024503732,0.022000704,0.038124714,0.021958591,0.022442361,0.065566786,0.045578226,0.035228115,0.032361716,0.023143835,0.02143478,0.02475944,0.019241,0.028830785,0.037380684,0.04483325,0.033638842,0.019271895,0.0076647936,0.017671796,0.022282954,0.025442095,0.019898875,0.035837322,2024-04-04 22:20:00
0.04574876,0.025322365,0.01964253,0.047334,0.01876936,0.021266358,0.051304407,0.02374753,0.025022822,0.062044695,0.034322053,0.020295048,0.039915897,0.018341858,0.051000006,0.041656043,0.025022114,0.035266005,0.040880058,0.03577638,0.032192115,0.018540366,0.022078043,0.022129923,0.023075378,0.019531522,0.017341912,0.032621376,2024-04-04 22:21:00
0.026385592,0.036439385,0.032369338,0.021986198,0.023731994,0.021911805,0.053983197,0.023422113,0.016847847,0.044173468,0.032733172,0.025637643,0.029751211,0.017341936,0.015790958,0.023561249,0.022619309,0.03654299,0.036785576,0.043984544,0.04483784,0.019375298,0.025398767,0.027661555,0.025813648,0.025499525,0.021649264,0.036491543,2024-04-04 22:22:00
0.030409014,0.05656815,0.022750633,0.013911107,0.029941045,0.023878356,0.042500794,0.021022385,0.016861621,0.049376603,0.041052952,0.0314857,0.032263365,0.025946064,0.020165846,0.019483956,0.04991197,0.025904717,0.05212591,0.044829242,0.03288448,0.020212118,0.021686537,0.027420918,0.027003681,0.022112517,0.024763562,0.03550218,2024-04-04 22:23:00
0.02634531,0.04507553,0.034902718,0.015556098,0.03264517,0.021002108,0.056785878,0.023000633,0.024955777,0.054302085,0.03356524,0.067703,0.03438564,0.026734905,0.04584446,0.018492246,0.027420001,0.02627727,0.07736462,0.038419433,0.025989946,0.027405055,0.02030263,0.013252085,0.030450834,0.036728363,0.019850563,0.038386855,2024-04-04 22:24:00
0.024813307,0.02605637,0.029821778,0.014683149,0.022749556,0.019142127,0.042022303,0.022844076,0.011025719,0.060197923,0.036876094,0.038625002,0.026313597,0.017814536,0.020236881,0.023473505,0.029050067,0.027199224,0.04179822,0.036784407,0.029695135,0.01626399,0.07613634,0.020172466,0.017805392,0.020978924,0.02289632,0.027952695,2024-04-04 22:25:00
0.033609603,0.034856316,0.031824674,0.023389688,0.030261159,0.021212496,0.044185076,0.028487736,0.0187979,0.062755,0.04206333,0.01694273,0.043715294,0.038454082,0.037043408,0.0758367,0.018435985,0.031667154,0.048772488,0.04446823,0.041210476,0.038512886,0.018945416,0.018799454,0.030453702,0.024103055,0.022516929,0.04236621,2024-04-04 22:26:00
0.040278975,0.040749893,0.024688995,0.016790753,0.024191767,0.018056357,0.043209426,0.020548217,0.019604385,0.05332546,0.036500454,0.050203677,0.036503047,0.017593486,0.017177558,0.037951306,0.012518573,0.03558747,0.04832045,0.035613563,0.03205083,0.018466963,0.012369397,0.020273821,0.022454295,0.034426264,0.017051486,0.028682312,2024-04-04 22:27:00
0.03591317,0.036819916,0.0225166,0.016118372,0.021881495,0.030573985,0.045994364,0.022633975,0.015711496,0.046459712,0.043063175,0.025969379,0.032940254,0.018687485,0.033888374,0.025366805,0.016204998,0.020655865,0.04756097,0.039418526,0.031671952,0.018834999,0.027991112,0.017611625,0.02736495,0.029039118,0.020433595,0.026428526,2024-04-04 22:28:00
0.026875677,0.015530666,0.031770676,0.038816955,0.015078908,0.025231512,0.039339513,0.029296374,0.0229782,0.03968712,0.011375425,0.036371686,0.026126182,0.026593994,0.018087963,0.02659676,0.010818556,0.041525103,0.05146548,0.0448814,0.030898435,0.023593001,0.034392796,0.021223739,0.024222575,0.024027396,0.024550984,0.025956789,2024-04-04 22:29:00
0.030343886,0.03489318,0.038082987,0.041210055,0.020228853,0.019767508,0.053986657,0.02209775,0.015558144,0.06155927,0.04774982,0.020987079,0.030574113,0.038933072,0.042915247,0.047245875,0.019427601,0.039852973,0.0544222,0.036525704,0.027982537,0.014040157,0.020801887,0.021520996,0.024405219,0.030099083,0.03734496,0.035563715,2024-04-04 22:30:00
0.02962515,0.027382052,0.03488528,0.026799012,0.023977146,0.023292035,0.054334372,0.015064272,0.019443318,0.04420034,0.037697125,0.018796949,0.054955352,0.023858953,0.015128631,0.027569713,0.03419407,0.03588291,0.04310214,0.04170037,0.023446027,0.02462748,0.02205264,0.02059723,0.023200842,0.02129606,0.024730347,0.026818497,2024-04-04 22:31:00
0.031095332,0.034153383,0.013258324,0.017582955,0.021955095,0.026685277,0.045331724,0.033240106,0.015526036,0.045063954,0.03331812,0.03705406,0.02822665,0.03714902,0.021768322,0.02349838,0.015746923,0.031953998,0.05409203,0.036141187,0.02809481,0.036310825,0.059368953,0.021096515,0.02355459,0.036698658,0.02039111,0.03398259,2024-04-04 22:32:00
0.030978726,0.03912105,0.01906309,0.01876843,0.01849533,0.016296411,0.050558493,0.022961618,0.024363535,0.06361491,0.029615134,0.026846536,0.026338177,0.027398445,0.031772245,0.021025166,0.027436204,0.032378733,0.049895916,0.036516923,0.03292141,0.019744603,0.034018327,0.01823252,0.020107942,0.024327187,0.023776334,0.032560345,2024-04-04 22:33:00
0.03943896,0.036251117,0.031905912,0.02126425,0.02651494,0.019429255,0.05901774,0.022102073,0.01830218,0.09903787,0.031817287,0.03362682,0.03344735,0.018049713,0.020567195,0.029997718,0.026176414,0.016702548,0.027443564,0.042107653,0.028792502,0.017770603,0.021823034,0.022447033,0.021292152,0.029759403,0.0536224,0.018793177,2024-04-04 22:34:00
0.030098537,0.031852853,0.026213512,0.031005623,0.025919426,0.022769343,0.06109002,0.022189802,0.0159543,0.046001736,0.03056738,0.03008524,0.026686,0.02181869,0.020854037,0.020278027,0.012378908,0.037555147,0.050161842,0.052319948,0.02745188,0.04192996,0.025857069,0.016806358,0.027969375,0.02534465,0.03798772,0.023803744,2024-04-04 22:35:00
0.030826552,0.050973404,0.031445067,0.032036778,0.028543144,0.017084938,0.046748452,0.022250911,0.018152155,0.064098544,0.034606397,0.018535817,0.067617744,0.06633332,0.016158901,0.028801389,0.019490566,0.03591057,0.053887684,0.037134226,0.030177133,0.020522691,0.024022065,0.022045275,0.024380967,0.020079857,0.021339836,0.033362314,2024-04-04 22:36:00
0.032309443,0.02834553,0.0373629,0.02299029,0.02224435,0.02334288,0.047289837,0.021928921,0.02169187,0.080007605,0.026743641,0.019204488,0.03805075,0.0848501,0.04990856,0.018394599,0.032148845,0.033857666,0.04800563,0.036037415,0.029948505,0.025012968,0.020900084,0.021103108,0.02666658,0.020913014,0.035994854,0.03311544,2024-04-04 22:37:00
0.027410923,0.029420717,0.035512086,0.02261646,0.018711662,0.020578332,0.044408105,0.020522859,0.016210046,0.15480487,0.028456962,0.032844216,0.031527672,0.018659346,0.020127514,0.02630426,0.016629623,0.039179098,0.047700744,0.035832867,0.03171114,0.016334444,0.016470455,0.024776272,0.021604113,0.02175156,0.0171173,0.030281972,2024-04-04 22:38:00
0.040537223,0.037230283,0.033445157,0.012348635,0.021803392,0.017545829,0.04211764,0.022195457,0.018513616,0.049276475,0.032981396,0.055745307,0.06259351,0.022895286,0.016537458,0.023891337,0.023110267,0.03377655,0.03544293,0.036011938,0.030631838,0.016847864,0.030571371,0.02578902,0.04892315,0.01938093,0.021048142,0.028046917,2024-04-04 22:39:00
0.03326809,0.03726777,0.04203961,0.019896511,0.020155556,0.021393003,0.03952229,0.03167169,0.019375842,0.047886487,0.02767503,0.016860308,0.030070918,0.03266503,0.028090907,0.062263086,0.016395045,0.036213603,0.036827542,0.053104643,0.04315869,0.032030646,0.013685063,0.02115608,0.020531828,0.023531273,0.018951086,0.04223391,2024-04-04 22:40:00
0.03481429,0.034374643,0.03592132,0.017760595,0.02055565,0.021948934,0.04150911,0.02599617,0.015747402,0.0568714,0.023082796,0.04998375,0.026225815,0.024293216,0.022814088,0.026284924,0.014515338,0.03273266,0.045709047,0.045069132,0.03039124,0.022106348,0.030093016,0.026357241,0.022426138,0.020793835,0.026255101,0.040672537,2024-04-04 22:41:00
0.028946675,0.03804128,0.033562224,0.018514879,0.024364354,0.015215526,0.04311049,0.020962117,0.023827424,0.029733136,0.030701313,0.02809068,0.032709632,0.020560067,0.01713017,0.02928663,0.03644365,0.035055358,0.046889197,0.044994567,0.030950328,0.027139131,0.022286097,0.020424595,0.018467875,0.02327543,0.021235831,0.036465816,2024-04-04 22:42:00
0.02978355,0.03179198,0.040735893,0.018236317,0.021462807,0.020938328,0.044881385,0.021968748,0.026580133,0.04160592,0.024155956,0.024651352,0.034309812,0.035940144,0.030950274,0.026468111,0.040215414,0.024791325,0.047742784,0.043774825,0.032789566,0.020667078,0.08817259,0.01638446,0.013123822,0.03330978,0.02507364,0.039809216,2024-04-04 22:43:00
0.029993122,0.032984227,0.039239038,0.018987102,0.029282756,0.028461322,0.042917367,0.017947309,0.025811113,0.06408342,0.03439161,0.036318686,0.028001115,0.037990145,0.01649196,0.030655187,0.028629098,0.033034768,0.049911905,0.04492838,0.03140876,0.039266724,0.031674102,0.028228747,0.02229133,0.020894935,0.023294825,0.03726171,2024-04-04 22:44:00
0.03001518,0.042477764,0.021860458,0.018665995,0.021419432,0.017555872,0.043834995,0.02314435,0.021291526,0.048318207,0.032545634,0.016245503,0.05250793,0.075000964,0.027548162,0.030936224,0.021041835,0.02957502,0.037469085,0.045318328,0.028724004,0.029686123,0.018399011,0.018206056,0.02139893,0.032878354,0.030109469,0.035283994,2024-04-04 22:45:00
0.029758422,0.037165456,0.039808914,0.033951472,0.016287055,0.020958556,0.04332244,0.03327639,0.021534666,0.04532132,0.0269503,0.024626205,0.031781316,0.037441712,0.04458256,0.023134002,0.011499078,0.04383148,0.044416208,0.044884488,0.031662166,0.018569186,0.024040163,0.023472983,0.021371672,0.031623725,0.020210702,0.025350261,2024-04-04 22:46:00
0.02675908,0.042141035,0.031161021,0.03180262,0.025658501,0.021221695,0.04692877,0.022663493,0.027660323,0.057344396,0.03796984,0.028010236,0.026777558,0.052302156,0.027681809,0.029487599,0.015611064,0.03576245,0.037381392,0.036204096,0.033899747,0.022836559,0.02766337,0.02686573,0.017563153,0.025559733,0.018199073,0.068845116,2024-04-04 22:47:00
0.03458306,0.029591728,0.025550291,0.026386289,0.03442897,0.014020051,0.042997863,0.019342413,0.01836643,0.039356,0.040349443,0.05082762,0.02962909,0.033807863,0.017207583,0.028141785,0.01609982,0.023270927,0.05553245,0.04775939,0.03201178,0.021478174,0.01964409,0.020026403,0.021370849,0.022181174,0.056213997,0.021112755,2024-04-04 22:48:00
0.040268272,0.0449133,0.035024285,0.024443863,0.021640847,0.02211742,0.049751773,0.022120329,0.023515668,0.048945285,0.03838958,0.017963775,0.032877285,0.030950876,0.016087066,0.023900496,0.016453069,0.035211984,0.04330821,0.044900253,0.027729087,0.027660893,0.024039958,0.016683854,0.0359252,0.026837397,0.024559703,0.027189488,2024-04-04 22:49:00
0.042207703,0.039004046,0.021080524,0.027131012,0.02351614,0.023903875,0.042305246,0.024442872,0.01701545,0.045347523,0.028651655,0.0121666705,0.02965499,0.028307395,0.019297032,0.027519288,0.018138563,0.034152225,0.045683008,0.04496748,0.0313978,0.03150004,0.03025486,0.022448048,0.018357685,0.034278784,0.025012685,0.028718647,2024-04-04 22:50:00
0.055575565,0.036507286,0.020465726,0.031984203,0.032573104,0.022368135,0.04075917,0.023248993,0.02457642,0.055039395,0.03811993,0.02457607,0.038125698,0.033104654,0.019495742,0.02785123,0.020502985,0.020606434,0.04366545,0.04498087,0.034384795,0.025757173,0.027854536,0.043599736,0.03310456,0.029153205,0.02498168,0.03845225,2024-04-04 22:51:00
0.028118521,0.037488915,0.03621102,0.02264803,0.02380101,0.013531384,0.042405736,0.023511361,0.023916187,0.04346734,0.03506729,0.015701257,0.031329736,0.049585473,0.040958315,0.03198052,0.022871029,0.03901862,0.048947494,0.04447445,0.042804353,0.02864532,0.019605586,0.08618746,0.020622449,0.023577498,0.024053639,0.0317941,2024-04-04 22:52:00
0.032245174,0.034392588,0.036639914,0.0333199,0.013994864,0.0214207,0.039252866,0.024416458,0.05846338,0.043013662,0.03780307,0.0136653315,0.08103034,0.024170492,0.017707998,0.029049866,0.014223818,0.035045747,0.043558512,0.03592133,0.040925402,0.019175386,0.018666552,0.032359287,0.021617005,0.024853807,0.019884404,0.037296824,2024-04-04 22:53:00
0.030479088,0.014959669,0.028459014,0.03522503,0.024880491,0.02548163,0.0334425,0.02004342,0.013964979,0.05227425,0.032457907,0.02254422,0.03178799,0.0357308,0.02442998,0.022309182,0.02204771,0.034039382,0.03479548,0.03956869,0.02705878,0.021538801,0.059925117,0.021757709,0.020830855,0.020203779,0.021787228,0.029656418,2024-04-04 22:54:00
0.03232088,0.020183312,0.03115759,0.013544117,0.027232729,0.020678248,0.03978164,0.024519878,0.019989993,0.04809749,0.03705823,0.030855672,0.01903294,0.022309493,0.033907294,0.032931194,0.02466423,0.035847504,0.054918393,0.03603254,0.027609536,0.0138172675,0.020742735,0.028822862,0.19950715,0.03002518,0.021876093,0.016688239,2024-04-04 22:55:00
0.049887244,0.033793435,0.018130822,0.01961627,0.022069622,0.027709305,0.04388212,0.011413346,0.018483955,0.05407936,0.031184727,0.021480966,0.027672876,0.040828135,0.05907715,0.028317656,0.01407569,0.039355386,0.052403696,0.044794574,0.033562165,0.017374638,0.026208872,0.030056901,0.011642461,0.023823328,0.062415455,0.03764425,2024-04-04 22:56:00
0.019508103,0.03287873,0.03551391,0.021628067,0.02391341,0.023351135,0.042748954,0.033558697,0.014451156,0.056872237,0.033338703,0.02051627,0.05804507,0.034251384,0.027155036,0.03535212,0.0297415,0.038207345,0.035012547,0.035879865,0.026585495,0.02680268,0.021865502,0.02042626,0.0488815,0.028222777,0.025666093,0.037635945,2024-04-04 22:57:00
0.027557138,0.04437712,0.030183805,0.01530246,0.021857563,0.01856807,0.03724815,0.022753974,0.02467921,0.04840288,0.029995559,0.01907941,0.02994733,0.04563758,0.029473586,0.020383058,0.029462844,0.021569476,0.04422275,0.036289178,0.030494196,0.01989671,0.025171494,0.04777922,0.017065592,0.025610987,0.022668222,0.044487923,2024-04-04 22:58:00
0.03522807,0.027107757,0.031382862,0.023752263,0.01855726,0.018913655,0.039266936,0.02221332,0.016960466,0.043958575,0.04087808,0.023875557,0.019916896,0.037021745,0.02207055,0.027469663,0.017412947,0.029018175,0.07024169,0.04492137,0.030709801,0.022941325,0.020243552,0.01459623,0.026435407,0.02379371,0.023839787,0.03791931,2024-04-04 22:59:00
0.02991391,0.037464973,0.036499944,0.015174966,0.021393243,0.025334088,0.038495563,0.022047171,0.012423373,0.07008633,0.04161461,0.020670056,0.03258131,0.024341552,0.023234569,0.029740829,0.020319471,0.02646785,0.06656125,0.039332297,0.029023448,0.016775304,0.030392688,0.016628176,0.025668945,0.019784003,0.024244476,0.04220252,2024-04-04 23:00:00
0.03187609,0.032369632,0.022455718,0.024405466,0.025881572,0.020538315,0.040122923,0.021943567,0.010918751,0.05127746,0.042618897,0.015591267,0.032079488,0.029847203,0.030967917,0.03368513,0.02021689,0.026515258,0.057597566,0.038928058,0.028385075,0.021812897,0.018484505,0.046858113,0.024104321,0.02704667,0.026057757,0.03568695,2024-04-04 23:01:00
0.016761515,0.036574353,0.032165673,0.017930826,0.027643671,0.020627137,0.04031279,0.031704817,0.031604122,0.109896995,0.020709457,0.018798932,0.07235842,0.02068817,0.03694813,0.032875102,0.019397264,0.020240575,0.058382582,0.04494134,0.03466052,0.017556189,0.024975132,0.0123740705,0.023054529,0.025601914,0.025819011,0.037104342,2024-04-04 23:02:00
0.031122787,0.043978505,0.025505504,0.017927643,0.016893545,0.018731844,0.04096692,0.023327095,0.016900439,0.055926945,0.033320494,0.028786212,0.030206235,0.016152155,0.012569881,0.023591185,0.022377089,0.041416284,0.019722529,0.036378294,0.02601518,0.020239152,0.022716768,0.025689334,0.014901605,0.0261628,0.02481694,0.036338247,2024-04-04 23:03:00
0.03587128,0.019284738,0.03337907,0.041753463,0.028410614,0.021565396,0.039109513,0.02238957,0.020962406,0.057911966,0.026743088,0.0215868,0.031568505,0.022936072,0.014637763,0.03185465,0.025104322,0.030830728,0.06521704,0.048622362,0.03253993,0.023662955,0.020227347,0.020257086,0.02632343,0.023803696,0.01922956,0.032540843,2024-04-04 23:04:00
0.027784664,0.03742588,0.019879064,0.026446264,0.023881994,0.020707183,0.1386512,0.022383211,0.02166049,0.040015217,0.09587756,0.038846076,0.033462312,0.0235386,0.027917955,0.02828204,0.01598871,0.031655885,0.055031255,0.044930454,0.030806163,0.0174172,0.024532426,0.018783156,0.026665082,0.020275818,0.015573685,0.03772587,2024-04-04 23:05:00
0.027929122,0.028374512,0.028265698,0.024688471,0.028864194,0.019281115,0.042356215,0.020421818,0.021561071,0.060334936,0.02683493,0.04359988,0.051233746,0.05289471,0.018407933,0.030132389,0.014092708,0.03427954,0.05599191,0.03559932,0.030560575,0.019571416,0.031633988,0.021739768,0.014122918,0.026280463,0.02162601,0.038269833,2024-04-04 23:06:00
0.029532574,0.03518508,0.03921261,0.021970417,0.023274047,0.030195223,0.045274045,0.017175088,0.01424589,0.04667403,0.03550346,0.043113656,0.028900357,0.02392117,0.040378936,0.032350946,0.020789042,0.012633063,0.055054415,0.044899136,0.0296272,0.024358088,0.022075392,0.026848523,0.018155526,0.025679316,0.023698345,0.037834756,2024-04-04 23:07:00
0.0298723,0.012723073,0.024514284,0.014326576,0.023759808,0.023365784,0.038955726,0.027856627,0.031001473,0.058869246,0.016324464,0.018686943,0.024987003,0.024261123,0.015680611,0.03243939,0.025587598,0.026090145,0.05418254,0.035958447,0.028434448,0.018162219,0.027436934,0.023852885,0.023194436,0.02819817,0.024482122,0.036704212,2024-04-04 23:08:00
0.027770039,0.039650183,0.024790408,0.013968601,0.026419781,0.015374321,0.0394683,0.02143708,0.016223015,0.060065895,0.03410327,0.025520377,0.032199025,0.033318054,0.023795575,0.037682105,0.02262114,0.029865412,0.043225087,0.051170323,0.025374344,0.035887975,0.030969182,0.018692274,0.01746776,0.027518755,0.021602431,0.035071053,2024-04-04 23:09:00
0.027335554,0.03415462,0.03351942,0.016658522,0.029327976,0.015016257,0.037120994,0.0259316,0.022777215,0.06608126,0.034446128,0.029649248,0.033964396,0.025523052,0.018348163,0.028925033,0.019759,0.02064381,0.045832615,0.03563013,0.031988956,0.021890631,0.033761624,0.018184017,0.019039957,0.0334804,0.025058871,0.03063683,2024-04-04 23:10:00
0.027318595,0.039436705,0.033914126,0.020832956,0.023609202,0.024703683,0.036930695,0.027869685,0.014709569,0.046259277,0.03581326,0.01664994,0.03748375,0.02460774,0.03072201,0.027484635,0.033376224,0.036117975,0.06173501,0.04492899,0.031429064,0.018433202,0.027820537,0.02969046,0.023547111,0.022568135,0.021841265,0.016584348,2024-04-04 23:11:00
0.034464438,0.038706083,0.034361657,0.019293264,0.023723222,0.02394718,0.040710717,0.017210368,0.025334086,0.037045624,0.19409859,0.036196023,0.032841355,0.034595348,0.024845025,0.027598657,0.029653998,0.033354964,0.056653384,0.03560711,0.030255213,0.022639412,0.08788162,0.019116377,0.012528362,0.024333764,0.02081259,0.03596328,2024-04-04 23:12:00
0.019415079,0.041406907,0.027272403,0.012279488,0.024145423,0.023033492,0.08480837,0.022942368,0.026923444,0.032718707,0.03890582,0.048674554,0.034425586,0.022357013,0.01878223,0.07418127,0.028709888,0.0281619,0.042716097,0.04981412,0.03163738,0.04154785,0.023756187,0.026115593,0.025086053,0.028104337,0.06495474,0.038984813,2024-04-04 23:13:00
0.036018074,0.029259076,0.024206808,0.022073595,0.025055613,0.023098141,0.043352086,0.022487583,0.027015802,0.06515942,0.037757475,0.029388977,0.029119035,0.04903262,0.020458564,0.025667686,0.017928572,0.03830013,0.060565032,0.044975046,0.032029558,0.020365229,0.021902965,0.028246291,0.021610657,0.02641347,0.040209737,0.03729279,2024-04-04 23:14:00
0.07781544,0.0377069,0.031126732,0.014251188,0.025363045,0.020942964,0.038219675,0.22659278,0.021140253,0.0597696,0.040736567,0.03129339,0.036760684,0.044705074,0.02585584,0.026413172,0.025300615,0.029549956,0.04258674,0.041738685,0.031029634,0.030904088,0.023471374,0.025372755,0.011048296,0.025427034,0.021764245,0.038033735,2024-04-04 23:15:00
0.06027537,0.037530135,0.021774042,0.015360392,0.026559938,0.020002292,0.04245528,0.01810578,0.018091982,0.058319014,0.019802617,0.017518641,0.040107623,0.024012059,0.020773647,0.030981803,0.024189,0.040241823,0.046817098,0.044959556,0.029441664,0.019704394,0.030707147,0.01927902,0.03609773,0.027913406,0.023547485,0.037834615,2024-04-04 23:16:00
0.032302354,0.0572727,0.030099185,0.21445279,0.02715918,0.019122683,0.03955785,0.020251893,0.023119748,0.05733597,0.03870375,0.01490175,0.05232507,0.024678357,0.020687185,0.031009093,0.024674501,0.024566822,0.031681616,0.037970435,0.018977372,0.02030607,0.020435343,0.02541446,0.019238418,0.028293757,0.021379398,0.04488279,2024-04-04 23:17:00
0.031028694,0.020904697,0.04699604,0.021840503,0.03978996,0.017384628,0.040496763,0.013474838,0.027004115,0.04651989,0.030658914,0.055295754,0.050233725,0.016262164,0.033407494,0.036457326,0.019122127,0.042959347,0.04664464,0.037989456,0.03200513,0.016385537,0.023412526,0.03935701,0.013629734,0.02798265,0.030744452,0.034109693,2024-04-04 23:18:00
0.027061336,0.032485403,0.034511942,0.0344943,0.021692328,0.022999303,0.052838374,0.02101515,0.022486141,0.05627307,0.03639583,0.026371077,0.024144325,0.022736158,0.04123992,0.029989142,0.022847943,0.04032497,0.07457442,0.046829347,0.031586505,0.039505273,0.025460724,0.024067394,0.009569414,0.02931933,0.02466272,0.04297837,2024-04-04 23:19:00
0.040067397,0.029008284,0.028465899,0.014392802,0.025544137,0.024316544,0.041091077,0.02174592,0.02541491,0.038873002,0.042179193,0.017053043,0.0703091,0.03610729,0.015206389,0.028884565,0.021780802,0.031962,0.051323194,0.035581198,0.033993572,0.027305583,0.0799029,0.022221064,0.011877368,0.035696547,0.025814341,0.035265293,2024-04-04 23:20:00
0.027953004,0.040046982,0.035361405,0.016212167,0.03447789,0.019954666,0.03934483,0.02177152,0.015210448,0.062213916,0.026511965,0.04724463,0.029828044,0.047990415,0.020749949,0.0672565,0.019067189,0.03163549,0.04836125,0.036234815,0.031067539,0.010598382,0.04019463,0.121630214,0.026678244,0.037704185,0.02658371,0.036970496,2024-04-04 23:21:00
0.034030024,0.03671253,0.037167612,0.01709919,0.023961889,0.019284574,0.03874059,0.02454751,0.027271409,0.043326683,0.030483779,0.015879773,0.022146922,0.028474381,0.022250524,0.073799215,0.019596511,0.04632606,0.043525368,0.044891547,0.031052215,0.041045174,0.023507616,0.022008574,0.01474881,0.029062804,0.025312262,0.03373327,2024-04-04 23:22:00
0.04408165,0.03636895,0.03359079,0.018874338,0.02550712,0.017760634,0.045855477,0.023954395,0.020850865,0.039036658,0.035953138,0.020275744,0.030028349,0.083340906,0.01943248,0.073004216,0.04483951,0.040180888,0.04332997,0.03570106,0.03212515,0.03490702,0.036040023,0.020678012,0.018889485,0.022090936,0.022390034,0.035516813,2024-04-04 23:23:00
0.028650517,0.025591878,0.036230695,0.012841056,0.02751836,0.01949196,0.03907833,0.015854523,0.014003085,0.039208766,0.033606034,0.02207565,0.035531946,0.03617056,0.028992098,0.06098184,0.034105897,0.018925786,0.046744723,0.04834969,0.029817084,0.027596029,0.020859532,0.022434924,0.014338196,0.02509042,0.025535215,0.037069324,2024-04-04 23:24:00
0.028457932,0.034536384,0.03483341,0.013465986,0.0220878,0.016764013,0.03835501,0.024028802,0.019189356,0.054642994,0.043173544,0.029120486,0.035021845,0.012918488,0.015255483,0.12677273,0.018143307,0.035651036,0.0391195,0.040697128,0.04330018,0.022671519,0.02471755,0.029759921,0.020574441,0.034371346,0.019675668,0.043006983,2024-04-04 23:25:00
0.028346866,0.03750172,0.035480104,0.020409275,0.03585543,0.018285409,0.0697112,0.023316586,0.02613607,0.057250857,0.03436914,0.024345128,0.041271035,0.03195924,0.018120991,0.12473143,0.018248875,0.032983024,0.04635159,0.04632263,0.02927361,0.017588811,0.030748794,0.04447784,0.020276494,0.029077455,0.02688166,0.044993833,2024-04-04 23:26:00
0.02558916,0.037331212,0.049088575,0.019845955,0.013963578,0.037604924,0.18004358,0.02297156,0.01695416,0.050900526,0.04047516,0.025378928,0.040526412,0.020316381,0.022666262,0.13698575,0.023495816,0.041840293,0.04832606,0.04487023,0.028806433,0.022351533,0.02982229,0.018407576,0.015518902,0.028428467,0.023754608,0.020039134,2024-04-04 23:27:00
0.034777977,0.037922647,0.025129713,0.18426703,0.020942027,0.023148827,0.07183688,0.025938474,0.0049405266,0.05521276,0.037780147,0.021968376,0.036700334,0.01954377,0.038762756,0.11794951,0.015099162,0.0292781,0.039488938,0.04052715,0.026754579,0.0190579,0.022864414,0.021887984,0.040821657,0.0241446,0.013169978,0.022215497,2024-04-04 23:28:00
0.032978117,0.03903052,0.03142353,0.01897111,0.026538195,0.039977714,0.071051024,0.031820055,0.017950345,0.0657944,0.03184081,0.06281156,0.044032548,0.02463426,0.026688311,0.13625295,0.024059936,0.024587383,0.02553377,0.037233,0.026812017,0.020247856,0.021926578,0.02146489,0.018183937,0.025144631,0.018060781,0.023554772,2024-04-04 23:29:00
0.028084034,0.037293784,0.025882041,0.013184052,0.020271918,0.018200738,0.072915524,0.02321404,0.052404836,0.07772361,0.026508415,0.0493929,0.036519706,0.01878037,0.018967591,0.17951037,0.021721631,0.021733325,0.02632266,0.036218245,0.040240005,0.018780017,0.017540654,0.022451364,0.015395466,0.043731943,0.013537882,0.035619803,2024-04-04 23:30:00
0.030651985,0.037421092,0.019642139,0.044630855,0.041124634,0.02039734,0.07129899,0.022163454,0.018174095,0.048981342,0.031735662,0.019214245,0.0406501,0.036654923,0.026961245,0.13158484,0.02547547,0.040535316,0.04274893,0.035702076,0.031118024,0.019028695,0.03436068,0.021673633,0.01618857,0.030531147,0.023952667,0.026075946,2024-04-04 23:31:00
0.028361082,0.03201989,0.021243757,0.03346662,0.025507957,0.02235414,0.07055326,0.032367803,0.010626392,0.060629863,0.024334963,0.03432216,0.032707334,0.021655599,0.014967787,0.14989786,0.015005628,0.020827377,0.05485867,0.044972297,0.030503334,0.04130344,0.015369932,0.026669784,0.01987283,0.025617266,0.026883101,0.028539302,2024-04-04 23:32:00
0.032109942,0.032663718,0.039398886,0.018976206,0.03181526,0.0192456,0.072375745,0.019976059,0.018412728,0.040582474,0.04671891,0.02828085,0.026199646,0.030355502,0.02622387,0.13752905,0.01706324,0.03414957,0.052255064,0.04041092,0.03145717,0.02047102,0.01808574,0.016840072,0.015569934,0.02803768,0.023567362,0.026311394,2024-04-04 23:33:00
0.03983371,0.04537183,0.016949302,0.034680687,0.023176994,0.022909453,0.07527981,0.024619922,0.019252127,0.058287967,0.038988404,0.014984609,0.10894824,0.019158429,0.016063651,0.1251856,0.033745695,0.016241305,0.055975012,0.045796283,0.029447827,0.02350445,0.023624938,0.019540373,0.014777856,0.02762202,0.01303862,0.11236711,2024-04-04 23:34:00
0.028007396,0.035316058,0.053460807,0.020630164,0.029633509,0.03328581,0.07344847,0.023957474,0.011207476,0.04440869,0.033937383,0.087800264,0.030494161,0.017828768,0.031005522,0.15026583,0.029700356,0.026687799,0.031105293,0.063283905,0.028678449,0.017573344,0.019205753,0.02726142,0.012656989,0.02255624,0.021665897,0.021230549,2024-04-04 23:35:00
0.035615597,0.040870022,0.028566847,0.012316345,0.02440822,0.02608088,0.06986365,0.02045962,0.025453867,0.042272944,0.04818988,0.03969395,0.032052755,0.023795133,0.026625628,0.15021613,0.017768377,0.04070755,0.027780747,0.044991855,0.031432476,0.018247848,0.05358167,0.018940292,0.07002364,0.03153407,0.026666045,0.020207616,2024-04-04 23:36:00
0.027622582,0.059160404,0.033700846,0.016599093,0.021119056,0.022743624,0.06460914,0.020028919,0.020160664,0.041489057,0.03191912,0.03197859,0.020518987,0.029626371,0.055265423,0.15258907,0.053471684,0.042625967,0.048256654,0.04521503,0.03203504,0.016149588,0.0186507,0.019581879,0.0075096968,0.020074736,0.029211184,0.018934378,2024-04-04 23:37:00
0.02683507,0.021112587,0.042909723,0.02682346,0.025658906,0.020307882,0.071000464,0.031827237,0.018331403,0.057403468,0.031420574,0.08816673,0.03224864,0.01734855,0.022091847,0.17367198,0.02693841,0.026198346,0.044377193,0.053257298,0.029152092,0.016799813,0.019515058,0.021289397,0.027183915,0.024939204,0.027053438,0.033393566,2024-04-04 23:38:00
0.02672641,0.034232184,0.037116393,0.15208198,0.022090046,0.024479251,0.073690906,0.019221153,0.02522832,0.041931916,0.036857568,0.04797595,0.052932307,0.032977227,0.019106032,0.1789601,0.011747081,0.03761711,0.04667456,0.044816703,0.03248516,0.020377647,0.032190338,0.04728227,0.011373964,0.021376181,0.023121787,0.035177026,2024-04-04 23:39:00
0.029012058,0.036336053,0.03076694,0.019524807,0.018550556,0.026369145,0.07863454,0.017650662,0.023575531,0.06057631,0.024991233,0.026693225,0.03557447,0.0418265,0.021808775,0.17769629,0.027081849,0.019961055,0.044468604,0.05051367,0.02996299,0.019227616,0.024699187,0.046259563,0.017963944,0.024506684,0.024514291,0.03891923,2024-04-04 23:40:00
0.027554778,0.04080018,0.036221907,0.017530646,0.02302447,0.020873582,0.0723161,0.033495713,0.0224101,0.06102456,0.03518113,0.027360205,0.034595884,0.016656244,0.021601079,0.10066154,0.01974677,0.03462592,0.030920824,0.035945747,0.031587508,0.015733695,0.019934984,0.02440548,0.012416424,0.027460376,0.021087803,0.039643783,2024-04-04 23:41:00
0.028328585,0.017671142,0.030584626,0.03162462,0.023839239,0.013303995,0.0725235,0.020341592,0.018403342,0.05845272,0.039233305,0.016518544,0.035451856,0.01641746,0.026165992,0.124530114,0.023607403,0.036542904,0.037689414,0.039057042,0.039609455,0.024346855,0.008335304,0.013432658,0.018870234,0.028785152,0.016222924,0.039464317,2024-04-04 23:42:00
0.033727467,0.03311873,0.022049306,0.021348149,0.023805957,0.021743318,0.07063891,0.023430925,0.018215107,0.049583685,0.03376567,0.010584115,0.03188292,0.018784778,0.06840412,0.12662065,0.017983887,0.023273595,0.034426954,0.053187303,0.03167827,0.019895032,0.020710561,0.022710074,0.02488791,0.024137646,0.015887959,0.046872683,2024-04-04 23:43:00
0.029148633,0.039481897,0.027816394,0.027376713,0.019177042,0.027459618,0.069560416,0.024316221,0.023783796,0.04320232,0.0307167,0.018075772,0.030698907,0.027147375,0.025137315,0.12093136,0.023770835,0.024929835,0.036913,0.044872813,0.029742684,0.020933438,0.082431294,0.023074752,0.032052252,0.027648365,0.03481473,0.040674575,2024-04-04 23:44:00
0.040319927,0.050647948,0.029941887,0.013467397,0.021990195,0.01536887,0.06801504,0.021992654,0.013793309,0.050772823,0.026410684,0.032183673,0.028918758,0.026035715,0.018521126,0.11915875,0.026386512,0.03426634,0.046826728,0.036560386,0.03341332,0.02014432,0.017646769,0.026853919,0.024098614,0.023921851,0.019727422,0.020245062,2024-04-04 23:45:00
0.034961466,0.039806206,0.027902508,0.08741161,0.024810717,0.019043425,0.071743906,0.080075465,0.017668253,0.027582716,0.04537087,0.028903186,0.029976679,0.029434297,0.028325634,0.14423572,0.012414606,0.035232,0.038852617,0.03625978,0.025136065,0.01892037,0.027127992,0.035092004,0.029118665,0.024265796,0.03700037,0.038154017,2024-04-04 23:46:00
0.033816442,0.054767516,0.034785375,0.027255459,0.02706961,0.018783335,0.07043286,0.022184987,0.012050458,0.037960306,0.034839608,0.025196612,0.0394592,0.026816616,0.07109154,0.15584932,0.018131703,0.03470026,0.04987472,0.047838755,0.027695904,0.012042072,0.005363484,0.046222817,0.024566317,0.025790943,0.028150093,0.040876772,2024-04-04 23:47:00
0.031911787,0.041900437,0.024108464,0.02508362,0.02781047,0.021630678,0.07154447,0.02242506,0.05694245,0.04038125,0.019385744,0.047724713,0.032408133,0.016339317,0.012559432,0.16638486,0.016361168,0.031076135,0.04253021,0.03603844,0.022910034,0.019714933,0.026596611,0.024036914,0.022869244,0.021532983,0.025769223,0.03736426,2024-04-04 23:48:00
0.02975363,0.077335924,0.02202958,0.04081917,0.018251814,0.021913115,0.06735991,0.018629644,0.022449967,0.046332747,0.04145681,0.030202286,0.030681215,0.016498236,0.016200272,0.14709955,0.01299634,0.04190134,0.0413278,0.0426938,0.040865824,0.018033007,0.023256255,0.018745517,0.029449228,0.026424361,0.035435863,0.037181865,2024-04-04 23:49:00
0.027015965,0.027933847,0.014401599,0.013717087,0.027219998,0.03357477,0.07049962,0.021796865,0.01950511,0.06454829,0.040730346,0.055155702,0.031401224,0.013803728,0.01383343,0.15746729,0.03450429,0.03383243,0.04770184,0.045117773,0.027497778,0.018316671,0.020699285,0.023553466,0.020517603,0.024363872,0.025628407,0.04092061,2024-04-04 23:50:00
0.026660895,0.041118808,0.01672343,0.045854717,0.028018445,0.023326306,0.07062662,0.026973004,0.011778157,0.03986903,0.03148678,0.04101459,0.030929798,0.035884157,0.012791832,0.1383483,0.01371608,0.036186226,0.048936285,0.035619423,0.026167423,0.032143664,0.01091361,0.021028284,0.013245712,0.030632036,0.02497377,0.039089166,2024-04-04 23:51:00
0.03744993,0.024467118,0.021097964,0.021246178,0.026285753,0.03549516,0.07878593,0.014723764,0.010779632,0.059766933,0.038735654,0.05137527,0.03255542,0.01923207,0.013613869,0.18330254,0.024645511,0.037491687,0.03803929,0.04714844,0.025350526,0.020562857,0.025410462,0.025008531,0.016777588,0.022345148,0.020845583,0.046528187,2024-04-04 23:52:00
0.0364193,0.04023772,0.030885726,0.015456849,0.025336634,0.027836218,0.06786655,0.02346079,0.027479308,0.05278296,0.03481885,0.024071299,0.02177801,0.028917298,0.017525591,0.15341705,0.029116636,0.0385221,0.050698996,0.06352259,0.03180903,0.032843173,0.029961204,0.03511056,0.015068985,0.026209136,0.021416947,0.037131526,2024-04-04 23:53:00
0.04191229,0.036494173,0.029426944,0.05125811,0.024953479,0.017189464,0.29050747,0.014005158,0.020878369,0.033472374,0.045246564,0.036165062,0.041513037,0.02022688,0.035873555,0.14468074,0.046308972,0.03247798,0.041076798,0.05128969,0.028866138,0.015377939,0.025110617,0.015150214,0.0105152,0.03043806,0.0578192,0.036670048,2024-04-04 23:54:00
0.04012979,0.026509974,0.025350934,0.016337924,0.031192595,0.025064502,0.072740756,0.022308556,0.010683765,0.037294656,0.050178092,0.08719767,0.03316069,0.02560072,0.026870059,0.14612125,0.01717864,0.02568302,0.0332318,0.04512024,0.02948287,0.017231157,0.03032529,0.023600183,0.01127732,0.057737045,0.015461372,0.035350557,2024-04-04 23:55:00
0.037100065,0.043012302,0.027997158,0.028141337,0.03021948,0.02027076,0.07255402,0.025252808,0.01354734,0.039208725,0.04794958,0.08076936,0.03394429,0.011648894,0.041945737,0.11719851,0.02296668,0.03438502,0.03526201,0.03620044,0.030290747,0.017483654,0.030765444,0.01455174,0.016158972,0.021001702,0.017252132,0.039714757,2024-04-04 23:56:00
0.032072503,0.04802125,0.02688868,0.026283935,0.022684174,0.021935483,0.14974031,0.01901321,0.019655647,0.06253641,0.025115294,0.02237391,0.030230297,0.01982551,0.033924416,0.14484811,0.018696861,0.050213818,0.0491223,0.036342595,0.027374782,0.009403963,0.019908521,0.029224511,0.017176874,0.026123224,0.021309564,0.037938308,2024-04-04 23:57:00
0.032169323,0.04088768,0.033336274,0.028735647,0.034157246,0.021710215,0.06863064,0.023136357,0.05616578,0.04583682,0.026196504,0.040357016,0.027174909,0.026873747,0.013084502,0.14691009,0.014453382,0.04382946,0.043913104,0.036277473,0.029506749,0.010921269,0.020099232,0.030156163,0.01861997,0.026379766,0.029060787,0.048599247,2024-04-04 23:58:00
0.028176468,0.044971954,0.037115876,0.016125152,0.014094855,0.020374088,0.06470287,0.029837204,0.011169925,0.039337922,0.02961352,0.029504327,0.031809993,0.012300045,0.02799657,0.14491071,0.020940956,0.045764014,0.052142292,0.043815136,0.04063428,0.02029387,0.02184683,0.022887386,0.0097848335,0.025105806,0.032312658,0.023494443,2024-04-04 23:59:00
0.035894338,0.0399153,0.03382567,0.018961724,0.020582782,0.026001686,0.066363394,0.022715384,0.02555964,0.0446097,0.03662823,0.068381116,0.025165305,0.035307657,0.025057083,0.21699925,0.021940265,0.02202748,0.04371776,0.036474038,0.02988572,0.022098375,0.0963647,0.030867867,0.02441455,0.02653913,0.021662131,0.03837809,2024-04-05 00:00:00
0.028984405,0.028618053,0.024464814,0.034529008,0.020205995,0.03231901,0.06531162,0.03080676,0.02443324,0.06638177,0.023499085,0.035977613,0.03649539,0.02019529,0.01501704,0.21406883,0.03639962,0.041838624,0.0489627,0.044855803,0.030225685,0.017825894,0.030243505,0.015167209,0.01842104,0.023894647,0.039134055,0.034674324,2024-04-05 00:01:00
0.029576141,0.05592776,0.038996026,0.03541421,0.022367802,0.021482838,0.07599893,0.020204425,0.035617966,0.050100446,0.02563432,0.016818993,0.023623742,0.030496724,0.014696411,0.27681902,0.042216796,0.03944921,0.043880776,0.045004286,0.03237632,0.02978709,0.030432355,0.016456386,0.030416995,0.030185457,0.026603602,0.040605243,2024-04-05 00:02:00
0.037259784,0.03133866,0.03662199,0.031725988,0.017975548,0.021910576,0.06909256,0.023468664,0.024672993,0.050497055,0.0440264,0.0383832,0.027362034,0.033420194,0.026446441,0.30620357,0.011989031,0.04537352,0.044787213,0.04496181,0.02862033,0.03343221,0.023990141,0.023485914,0.020612331,0.028535537,0.020619806,0.039783753,2024-04-05 00:03:00
0.029204983,0.03891826,0.013194423,0.04116796,0.021642204,0.019651378,0.121449545,0.01742246,0.021881659,0.042934895,0.034731902,0.023492215,0.026886106,0.03361543,0.0240101,0.39183432,0.014228334,0.043539014,0.03921179,0.038319077,0.025070889,0.019598145,0.037733793,0.023821084,0.0228151,0.02455311,0.02279112,0.036672816,2024-04-05 00:04:00
0.028898416,0.028022401,0.030377116,0.029930448,0.021599438,0.021839255,0.11521787,0.018948643,0.025290262,0.04803423,0.03590671,0.058165185,0.034493517,0.08880069,0.017374162,0.40417242,0.01921735,0.038164888,0.0424714,0.035830747,0.022988861,0.017661192,0.011732742,0.020645758,0.021444062,0.026881874,0.019262314,0.042713974,2024-04-05 00:05:00
0.040652525,0.029698955,0.0261103,0.026771214,0.031653646,0.03177135,0.119014755,0.023328464,0.014565978,0.055100955,0.036756467,0.009812131,0.03104211,0.020161228,0.014528663,0.41131234,0.020545186,0.023327475,0.038587444,0.040523008,0.025561968,0.0314716,0.010165109,0.022517597,0.016594743,0.020034317,0.019912004,0.04164782,2024-04-05 00:06:00
0.040228955,0.03630088,0.030396037,0.016415296,0.014224842,0.036101297,0.11664209,0.016698368,0.028637972,0.04891626,0.04184653,0.027430607,0.027331315,0.025183521,0.019280974,0.40368512,0.019281346,0.03363936,0.03892784,0.035762206,0.04359299,0.02044663,0.017039556,0.019359278,0.015499245,0.026488656,0.034545895,0.046375528,2024-04-05 00:07:00
0.031988587,0.042184882,0.03448601,0.016893193,0.02608427,0.02369764,0.117620125,0.012250965,0.022422107,0.041934866,0.0150414165,0.041778672,0.028996663,0.034144178,0.019830624,0.45861903,0.026092108,0.043256924,0.04444444,0.045079086,0.03350852,0.03290359,0.02003628,0.010741417,0.011249992,0.0262181,0.02448447,0.042780958,2024-04-05 00:08:00
0.027624538,0.06408889,0.036115,0.016801968,0.01845022,0.026808208,0.1227048,0.02493157,0.01855464,0.054208368,0.033034407,0.029550485,0.022522477,0.019278001,0.028973471,0.4120253,0.016946936,0.04035929,0.047688354,0.040233817,0.03227016,0.01864004,0.030363942,0.016542226,0.018366572,0.022352658,0.046331335,0.03562891,2024-04-05 00:09:00
0.03720529,0.040258106,0.038025606,0.018634578,0.027105175,0.018218098,0.20245951,0.02205359,0.022918532,0.038313452,0.032164086,0.04511459,0.026599742,0.018170645,0.02065862,0.43499446,0.01918431,0.036124017,0.043862823,0.035969336,0.029844692,0.021706779,0.029149756,0.021901129,0.044575874,0.036365837,0.019819481,0.042300425,2024-04-05 00:10:00
0.034412615,0.038287453,0.026032524,0.025248399,0.02004847,0.016119143,0.11371228,0.020080043,0.02622225,0.053913333,0.0351543,0.07425384,0.029890748,0.029715389,0.028031783,0.47582185,0.02346209,0.041615974,0.034325715,0.03723887,0.03023318,0.021189941,0.027203707,0.014980607,0.019420426,0.03590572,0.022916408,0.048547644,2024-04-05 00:11:00
0.029480265,0.039116286,0.03686932,0.019913765,0.02234075,0.024527594,0.109840326,0.019087924,0.019286148,0.05011872,0.039728068,0.017596202,0.025537517,0.020254675,0.018454738,0.47511068,0.053753257,0.029741907,0.04243663,0.044991408,0.029540377,0.038894325,0.015336309,0.026933642,0.029580375,0.030335067,0.026377732,0.038152944,2024-04-05 00:12:00
0.03142202,0.039444678,0.028808303,0.021746716,0.027725743,0.021784915,0.09723909,0.023477498,0.014190778,0.06306293,0.037441757,0.028028315,0.074788354,0.022910815,0.04134181,0.4743692,0.019491795,0.018835815,0.043278962,0.03607561,0.029309247,0.022487646,0.023764936,0.053182386,0.025781926,0.02425528,0.021800734,0.04818088,2024-04-05 00:13:00
0.025555901,0.038452268,0.037956588,0.026533961,0.038598187,0.021583073,0.100877345,0.022546344,0.025268033,0.061588623,0.035499346,0.019812366,0.030957626,0.02328919,0.01485172,0.46310255,0.027719516,0.033894297,0.05010247,0.04265858,0.028449032,0.02756403,0.024481284,0.025788726,0.020470006,0.028211487,0.042598728,0.047928907,2024-04-05 00:14:00
0.03176419,0.041204404,0.026938697,0.025533382,0.022335233,0.025218138,0.0804064,0.0352356,0.022296706,0.055194624,0.035256784,0.024141556,0.02659753,0.026389007,0.013786581,0.44952238,0.024261514,0.035020363,0.045118745,0.04491365,0.031770255,0.017713284,0.02024339,0.020097746,0.01663035,0.024949914,0.026149064,0.037295952,2024-04-05 00:15:00
0.038079657,0.0389145,0.023087926,0.019972436,0.021364626,0.027493957,0.08435998,0.010554278,0.028077787,0.055912912,0.025077367,0.011923811,0.040794685,0.018659947,0.025760585,0.42424184,0.035029657,0.028315322,0.018942263,0.04498556,0.034026254,0.03086905,0.034649193,0.018144788,0.023148298,0.027547117,0.06284442,0.03766239,2024-04-05 00:16:00
0.044573613,0.03340074,0.03711884,0.017466908,0.01928101,0.02531475,0.094705,0.027113028,0.015669852,0.030810883,0.038574718,0.017688558,0.034625925,0.09573475,0.023675848,0.46764114,0.02085178,0.044590674,0.040597264,0.04827404,0.029161472,0.020575944,0.014048134,0.024090642,0.024795143,0.026641065,0.017877342,0.0143875675,2024-04-05 00:17:00
0.031580713,0.040948473,0.020753257,0.024983514,0.022169191,0.018411275,0.10338551,0.022041107,0.016544046,0.06403664,0.028873214,0.013877114,0.025428716,0.0290885,0.014654032,0.41292906,0.022758558,0.021870835,0.040839046,0.03968494,0.025999758,0.02020557,0.0142791355,0.037115593,0.011851516,0.02338247,0.025955549,0.040833235,2024-04-05 00:18:00
0.043336883,0.026320888,0.041518062,0.014508941,0.02466059,0.01793808,0.09918095,0.022302853,0.022699105,0.04729337,0.03714947,0.044332597,0.0611358,0.027987622,0.013309964,0.39514112,0.025847167,0.045565356,0.03460071,0.03914686,0.03086718,0.028119871,0.036294755,0.021056354,0.015761366,0.021991618,0.015004347,0.03688895,2024-04-05 00:19:00
0.027035402,0.08923253,0.039031327,0.015545537,0.025938692,0.02105134,0.16255951,0.0232596,0.020009402,0.053191148,0.04148828,0.054123193,0.02823538,0.031154873,0.01517684,0.44644937,0.04160454,0.049659368,0.047911566,0.0443983,0.032363772,0.102547035,0.02763975,0.028744366,0.02136272,0.028558062,0.024654528,0.03511786,2024-04-05 00:20:00
0.032836724,0.04461618,0.036822945,0.02841803,0.025561675,0.035454348,0.100946926,0.020155178,0.020738991,0.05584324,0.02788251,0.091838084,0.02810464,0.032933824,0.012909224,0.39542243,0.028775461,0.036332496,0.10152988,0.05494531,0.03210481,0.03958338,0.011918384,0.03092197,0.013682707,0.027243974,0.019862024,0.03575505,2024-04-05 00:21:00
0.033467654,0.031023892,0.036652245,0.025292378,0.021236204,0.020574883,0.09877124,0.023860384,0.023976425,0.058200218,0.021679664,0.04569844,0.031186335,0.02071062,0.02858207,0.2783092,0.026359914,0.024234282,0.044213932,0.03959346,0.027531596,0.02438644,0.013740599,0.01979065,0.014509395,0.024055827,0.013152422,0.036209937,2024-04-05 00:22:00
0.032748908,0.043675333,0.03715106,0.024426907,0.01735654,0.020221516,0.098079965,0.023018334,0.01239977,0.026262358,0.037791792,0.025703995,0.03608328,0.028225122,0.013900399,0.4168455,0.022319918,0.028050182,0.03939429,0.04279621,0.027413655,0.15530008,0.027935723,0.027498525,0.016455753,0.030876702,0.02001223,0.03207918,2024-04-05 00:23:00
0.03116094,0.026899336,0.027685074,0.0136376275,0.02629253,0.021714088,0.10277778,0.022735458,0.016605446,0.056906614,0.02211477,0.022825195,0.03303319,0.021621415,0.017749118,0.29116946,0.023345327,0.031244114,0.04151681,0.045170184,0.032620158,0.028699655,0.030825805,0.022856073,0.02695344,0.031179892,0.025832174,0.039046258,2024-04-05 00:24:00
0.03556235,0.02870499,0.04158364,0.03513675,0.0278934,0.033282366,0.10327711,0.031043608,0.020596225,0.049148146,0.024554262,0.036339015,0.01433528,0.017859576,0.036556263,0.27266714,0.024215069,0.038880996,0.0465229,0.044804882,0.03393355,0.02934764,0.037511535,0.024394745,0.015065551,0.02835624,0.026267705,0.038166367,2024-04-05 00:25:00
0.03527064,0.03370969,0.042840697,0.030904718,0.027190853,0.028606515,0.10090457,0.020714307,0.016746402,0.032569587,0.020388408,0.018845327,0.031441014,0.026892211,0.016219094,0.29978335,0.022116743,0.045040127,0.05439363,0.044833094,0.030073524,0.019891145,0.025161888,0.024866957,0.014860882,0.028876051,0.028061552,0.03829204,2024-04-05 00:26:00
0.03396256,0.04688317,0.03357755,0.038499087,0.02690623,0.025684915,0.098843776,0.010501821,0.02354443,0.044617727,0.034977525,0.015130043,0.028253952,0.015829977,0.014557235,0.28423136,0.01483224,0.047447994,0.04897315,0.045108937,0.028519077,0.014956058,0.034848135,0.023750538,0.019903626,0.029400025,0.028816048,0.042581636,2024-04-05 00:27:00
0.042915374,0.03173025,0.036420096,0.022272974,0.022672962,0.020257637,0.101178326,0.019138591,0.028287748,0.064467266,0.037158623,0.033658713,0.030403031,0.058648318,0.041933663,0.27721182,0.013819709,0.035109993,0.038741585,0.03590343,0.027713835,0.022249622,0.030386869,0.02682107,0.023355665,0.038654104,0.017852401,0.048808265,2024-04-05 00:28:00
0.0429236,0.049262136,0.03373727,0.025332052,0.018559858,0.021831792,0.10162,0.03197997,0.027958497,0.05346522,0.04046884,0.047145538,0.026166983,0.020788675,0.0138673205,0.26544818,0.021819118,0.021828666,0.0473399,0.044915512,0.03421108,0.010846241,0.025207803,0.08530729,0.025931444,0.025820468,0.035062492,0.04076139,2024-04-05 00:29:00
0.050643124,0.023802897,0.042227548,0.020934016,0.063747935,0.02957496,0.10038271,0.013938552,0.02544962,0.051690366,0.02808024,0.040908635,0.037544552,0.020415321,0.017283168,0.26378095,0.024048427,0.03762322,0.04826999,0.044838093,0.028035134,0.0049374476,0.031858522,0.028868917,0.02577921,0.023956018,0.02644813,0.04072523,2024-04-05 00:30:00
0.04580913,0.03653757,0.03707722,0.02581967,0.02818725,0.023367958,0.10238824,0.022260996,0.024854438,0.06426804,0.029855406,0.072318144,0.012866382,0.015631141,0.021290218,0.37882146,0.03027151,0.023369646,0.04037046,0.04497907,0.026121948,0.018957436,0.030959453,0.021008167,0.019229645,0.026306655,0.024842173,0.05427465,2024-04-05 00:31:00
0.04802346,0.047228187,0.02700942,0.017242854,0.01684482,0.019792814,0.19107121,0.023870923,0.019146945,0.06834797,0.039086334,0.017176343,0.03557539,0.024404572,0.017429914,0.3726704,0.027774522,0.025188707,0.019281598,0.03634078,0.032039274,0.026033372,0.024001336,0.019873621,0.02225891,0.020732552,0.03158653,0.035986222,2024-04-05 00:32:00
0.05387662,0.039462637,0.040447548,0.013865,0.02005822,0.021765819,0.103421636,0.024543673,0.025133006,0.03398456,0.03927517,0.0316571,0.030215189,0.099890314,0.0450446,0.39124423,0.013879033,0.035564676,0.051308088,0.035827074,0.033710144,0.03362238,0.019951446,0.014883121,0.019386016,0.028216003,0.02566953,0.017840024,2024-04-05 00:33:00
0.055498466,0.040165458,0.037685618,0.025079748,0.020859241,0.021323087,0.10183114,0.021888582,0.018162914,0.08799608,0.049260538,0.04970643,0.039499715,0.024486601,0.021115638,0.3562042,0.0147428,0.040915497,0.04864605,0.044952147,0.028611658,0.02690519,0.021617763,0.027187008,0.025984496,0.030270398,0.03721877,0.040575806,2024-04-05 00:34:00
0.05319607,0.035217576,0.038768314,0.020544643,0.018907512,0.027810367,0.10043631,0.021807265,0.024727078,0.042007353,0.035179414,0.056685753,0.034711942,0.025417626,0.019485787,0.4278043,0.024401043,0.046216648,0.04200007,0.044846904,0.028760599,0.017199714,0.06535436,0.03129206,0.032184806,0.02818973,0.026846813,0.025656626,2024-04-05 00:35:00
0.05426435,0.0284923,0.013881582,0.015195132,0.01555726,0.028192112,0.09806384,0.022495385,0.025954127,0.04457409,0.0401438,0.04151474,0.03197041,0.028911354,0.015530193,0.3780227,0.024034075,0.03970523,0.05312346,0.044851616,0.03304393,0.016371798,0.028796766,0.03115428,0.01811979,0.022198074,0.026625397,0.020960528,2024-04-05 00:36:00
0.05568393,0.040474508,0.028794166,0.027459465,0.030545808,0.025708556,0.1000563,0.024136936,0.020874018,0.053171694,0.03964082,0.030138435,0.033181895,0.024769483,0.019723063,0.3643361,0.021939037,0.03515538,0.034712877,0.045199882,0.032982312,0.013006016,0.021831071,0.03149716,0.017893557,0.0270171,0.024549592,0.02207055,2024-04-05 00:37:00
0.041827556,0.04279648,0.028266221,0.015914656,0.065367065,0.023837645,0.10092322,0.032767806,0.014853645,0.04902632,0.040732965,0.017755749,0.036997784,0.020036083,0.022020236,0.40706876,0.016703285,0.035657465,0.03393692,0.0364286,0.03815893,0.15579571,0.02288593,0.022101257,0.021285262,0.019035563,0.0251828,0.0328786,2024-04-05 00:38:00
0.1263266,0.024988668,0.0330447,0.022288991,0.024306873,0.024125397,0.10126539,0.01963505,0.02861796,0.106841765,0.040570933,0.043898653,0.025297236,0.026543248,0.02425086,0.297607,0.020930724,0.041866895,0.035879426,0.0512054,0.034308273,0.02250869,0.06248494,0.02458231,0.025035191,0.047956914,0.020817205,0.039223224,2024-04-05 00:39:00
0.042798094,0.0144349225,0.031900134,0.015700217,0.02143575,0.024533546,0.11164058,0.022642633,0.019786134,0.05934965,0.019258918,0.016733358,0.025391458,0.024515675,0.02685619,0.30907437,0.014223148,0.03736079,0.043855365,0.04489484,0.030712675,0.0278844,0.02699785,0.021834487,0.018045306,0.03031538,0.025927484,0.030058412,2024-04-05 00:40:00
0.04317821,0.036716737,0.040076956,0.023245936,0.023536442,0.0144609725,0.09860777,0.031467237,0.017279737,0.051200144,0.04016835,0.020184828,0.027545527,0.02430819,0.041008197,0.33981642,0.04204941,0.03922967,0.043145306,0.06374426,0.031431314,0.017953537,0.027199918,0.03935214,0.02025698,0.026203841,0.024914177,0.036605287,2024-04-05 00:41:00
0.033393666,0.027335793,0.02862401,0.0142976325,0.015803115,0.030459508,0.10021936,0.02439639,0.014798259,0.09427042,0.027195536,0.03853174,0.022674015,0.01835898,0.013912575,0.3015889,0.018632252,0.04006899,0.04928281,0.04528096,0.03251375,0.020097394,0.020461734,0.02357669,0.024764163,0.028655948,0.026777903,0.03897406,2024-04-05 00:42:00
0.053865664,0.02814626,0.027957747,0.023656124,0.025045484,0.021751815,0.102615334,0.024222923,0.019014385,0.037216168,0.044244967,0.019266548,0.035920996,0.021941105,0.021053579,0.39268932,0.01945435,0.042586,0.04634669,0.044769548,0.02576432,0.019479105,0.008291494,0.021564096,0.029593036,0.027901627,0.018923763,0.03567625,2024-04-05 00:43:00
0.039540365,0.037263807,0.021203905,0.018248128,0.019496016,0.017808214,0.100218125,0.02587893,0.023039388,0.07112871,0.03922681,0.02868597,0.04654412,0.018152906,0.022856822,0.41729087,0.026045488,0.031176409,0.046530697,0.044968463,0.031757202,0.041968722,0.016082814,0.0319444,0.017203437,0.03320312,0.027332855,0.04029403,2024-04-05 00:44:00
0.030693963,0.053535018,0.03221796,0.024965035,0.029738218,0.027613023,0.10150235,0.028509544,0.023412036,0.064712785,0.031085553,0.026561432,0.03606593,0.03303396,0.014532892,0.39535877,0.0154144,0.038057186,0.042354364,0.03558842,0.034396738,0.01525403,0.02343971,0.0415556,0.018022344,0.026150474,0.022821713,0.047023747,2024-04-05 00:45:00
0.03833954,0.036976952,0.03572739,0.0223559,0.023095654,0.018313302,0.100731656,0.02221031,0.019141952,0.082236834,0.038720585,0.022962568,0.04641228,0.022125848,0.021033581,0.38573518,0.017306227,0.035317034,0.051058963,0.04512329,0.03142683,0.03078148,0.027567092,0.02644877,0.019383581,0.02700204,0.033519477,0.034857403,2024-04-05 00:46:00
0.03067297,0.028218968,0.02561221,0.03775927,0.021970397,0.023123315,0.100612685,0.024160117,0.016994655,0.046842657,0.03680733,0.033948388,0.03984166,0.013657345,0.021398535,0.35358152,0.017176414,0.019352812,0.046324007,0.03996084,0.027683066,0.02048186,0.021489225,0.016707432,0.020081636,0.031749733,0.08349431,0.037340313,2024-04-05 00:47:00
0.036965128,0.03747507,0.035938278,0.034992326,0.016340716,0.030225495,0.100953154,0.022726249,0.018046224,0.05910491,0.03941946,0.024352109,0.04450768,0.022254575,0.035584223,0.37666872,0.028090185,0.044694874,0.058059834,0.045228846,0.03342305,0.03221205,0.028821055,0.01823153,0.017726226,0.023745738,0.024748875,0.038622115,2024-04-05 00:48:00
0.03378505,0.022137102,0.026430484,0.036722146,0.02562328,0.025435297,0.09952544,0.016783953,0.017640106,0.043150775,0.039612994,0.03864315,0.032249033,0.022586443,0.011919865,0.4001642,0.009821758,0.041505244,0.06394613,0.044939104,0.032152057,0.020255033,0.02112848,0.017234948,0.02116225,0.026599647,0.022285499,0.03673616,2024-04-05 00:49:00
0.033702165,0.037558343,0.037910238,0.026116457,0.019184394,0.024931807,0.102522634,0.037411414,0.016522046,0.04804558,0.021155378,0.019120768,0.029469777,0.018506214,0.013438695,0.47850966,0.010621203,0.044928715,0.045180544,0.048905164,0.03421002,0.009929747,0.018793935,0.017130759,0.016131725,0.026883967,0.030269362,0.04042116,2024-04-05 00:50:00
0.033600856,0.039615836,0.023950651,0.035606228,0.023364522,0.018043753,0.09509505,0.041174456,0.01797128,0.058872554,0.031685553,0.034867518,0.035638385,0.018651634,0.030676791,0.45154426,0.02216363,0.03427984,0.07934488,0.08919983,0.044644453,0.039774254,0.025445394,0.020681953,0.028686587,0.026807804,0.02368274,0.03754493,2024-04-05 00:51:00
0.033711363,0.033909205,0.03466696,0.016180784,0.024529774,0.02900308,0.09495688,0.027278753,0.01936742,0.044305075,0.03885777,0.028526317,0.030172784,0.020321919,0.014493553,0.37194073,0.018807061,0.03754489,0.050496247,0.035571016,0.03080585,0.03985925,0.021208808,0.017175559,0.023171507,0.024208758,0.026681075,0.04032082,2024-04-05 00:52:00
0.050105713,0.039434507,0.035860695,0.014930409,0.026380457,0.027716896,0.09363594,0.02006735,0.02765786,0.05101082,0.04368281,0.015374082,0.058223784,0.03027579,0.031214194,0.4502052,0.044143766,0.031204209,0.049376253,0.041436553,0.027793588,0.030115807,0.03720302,0.023527445,0.031008359,0.02838082,0.01772772,0.03754236,2024-04-05 00:53:00
0.06951823,0.037834067,0.024152122,0.014708215,0.022658972,0.033108946,0.09237742,0.022327393,0.031288873,0.04044509,0.034204964,0.016160512,0.031945027,0.017613102,0.014428283,0.48771456,0.015674032,0.032329842,0.061636657,0.045028422,0.03395563,0.018614992,0.021540355,0.020402303,0.016905895,0.024210868,0.02713929,0.04692747,2024-04-05 00:54:00
0.029791376,0.027742364,0.035273034,0.0139855575,0.023771824,0.027307438,0.09090125,0.024156043,0.023040019,0.066553995,0.027781287,0.027839206,0.030623905,0.019019827,0.01683703,0.44351083,0.03288014,0.040933374,0.055442017,0.045385294,0.03513131,0.01603502,0.09032689,0.024779158,0.022958783,0.029197372,0.01967752,0.03424891,2024-04-05 00:55:00
0.034802012,0.022488357,0.03855614,0.021957304,0.015634198,0.027350212,0.093688525,0.0251344,0.017861327,0.03441018,0.024011552,0.046359293,0.029129058,0.019172555,0.012174855,0.5496998,0.014133688,0.04102314,0.06473505,0.04494942,0.04820787,0.017452594,0.021697259,0.030722776,0.040539768,0.025593076,0.022067009,0.036441606,2024-04-05 00:56:00
0.03133057,0.045480784,0.031068625,0.024488969,0.031191384,0.021522703,0.09645516,0.024251675,0.019270949,0.057775605,0.038908552,0.044483863,0.037397105,0.032813516,0.016611777,0.49900532,0.0174517,0.033880424,0.06559716,0.044943262,0.034977455,0.026080739,0.028395806,0.023274029,0.023470078,0.025963712,0.02493279,0.022411201,2024-04-05 00:57:00
0.026733654,0.043134153,0.037009496,0.027783385,0.028967805,0.02477091,0.09583242,0.023603389,0.020250442,0.054851547,0.03974621,0.043708786,0.050659187,0.034020364,0.020908987,0.58635294,0.013739958,0.037659384,0.02874414,0.04049524,0.02825667,0.023470508,0.010897555,0.023313535,0.028517954,0.023873342,0.019406391,0.04387185,2024-04-05 00:58:00
0.03349675,0.043343086,0.032792207,0.013506294,0.020154756,0.023111934,0.093375444,0.022702735,0.024641939,0.057589952,0.044126984,0.02111836,0.04124475,0.015339986,0.0149053885,0.4286801,0.015058752,0.036906764,0.08023705,0.045958664,0.035100207,0.022423847,0.0685069,0.018247092,0.022971785,0.027116524,0.021739246,0.035802234,2024-04-05 00:59:00
0.03610586,0.038169783,0.03776363,0.018875832,0.02652579,0.02314598,0.09359995,0.02375009,0.015997596,0.045559634,0.03294295,0.013744324,0.02999583,0.026032057,0.01650861,0.49274638,0.022297416,0.03733585,0.048986465,0.04393346,0.029707573,0.020737464,0.021625178,0.038072426,0.024707485,0.027463615,0.021813318,0.041644078,2024-04-05 01:00:00
0.026674107,0.06674026,0.027331002,0.028755197,0.023843527,0.024289029,0.09191421,0.020510128,0.02340139,0.054483548,0.030098347,0.034227792,0.07174584,0.015537875,0.020322472,0.5450904,0.027917407,0.032836538,0.08320593,0.03642188,0.034799807,0.022779865,0.025005126,0.026052186,0.033156577,0.027435685,0.031296033,0.033623565,2024-04-05 01:01:00
0.02914513,0.03882665,0.024949111,0.026459603,0.023370143,0.02569003,0.092339255,0.027941622,0.015478565,0.05052276,0.03145729,0.019246433,0.06440438,0.03322901,0.016866146,0.5331523,0.017250726,0.027885793,0.070539474,0.036659546,0.03960628,0.020954138,0.12537435,0.020483224,0.019587925,0.023990398,0.018066458,0.040264685,2024-04-05 01:02:00
0.03218375,0.036339186,0.019320318,0.022768572,0.022877404,0.031898238,0.09445485,0.022590205,0.026459,0.042724274,0.052736714,0.034471937,0.025005119,0.03250152,0.017309047,0.51145864,0.017083652,0.03555096,0.05128953,0.04482532,0.036727633,0.02978508,0.02699739,0.019894961,0.018311394,0.02898001,0.01773147,0.03778471,2024-04-05 01:03:00
0.029430317,0.029084776,0.023736455,0.014399898,0.01812324,0.022931904,0.09603825,0.025265714,0.020296652,0.03333424,0.029560272,0.021092497,0.035155237,0.017755475,0.019960584,0.58480465,0.014465964,0.037355285,0.05384519,0.0448744,0.03419283,0.027429478,0.01602574,0.019210877,0.02167,0.02485963,0.035462778,0.039428275,2024-04-05 01:04:00
0.03547435,0.06397648,0.055615105,0.015001195,0.023305688,0.024410674,0.09431071,0.032522716,0.016364822,0.03899938,0.04029871,0.021137603,0.026518386,0.022097506,0.016011527,0.592555,0.016351435,0.048106663,0.055169612,0.062422965,0.031624787,0.03812285,0.021661146,0.027095536,0.020311305,0.028326897,0.030721894,0.041629385,2024-04-05 01:05:00
0.031410348,0.027938668,0.03680168,0.012535546,0.019444544,0.023229549,0.095221125,0.03248213,0.01835361,0.049721893,0.035016797,0.040117487,0.03843182,0.026836265,0.036839716,0.651404,0.013258213,0.037945393,0.04769649,0.037632156,0.03493332,0.024502652,0.02611409,0.02286243,0.019513749,0.03597904,0.038308915,0.036651373,2024-04-05 01:06:00
0.03125481,0.06155999,0.05059838,0.014379076,0.010227284,0.022462651,0.09189865,0.02226309,0.023662629,0.06265173,0.03961549,0.03697927,0.058207083,0.042539474,0.025349604,0.66363573,0.01885577,0.043249775,0.04864325,0.058251843,0.03627565,0.02872264,0.03333698,0.013183608,0.016994698,0.024880206,0.025875801,0.029224653,2024-04-05 01:07:00
0.030777477,0.035551768,0.031790737,0.01326772,0.032703575,0.017785536,0.09577469,0.014648918,0.01637154,0.050502423,0.036675293,0.027096257,0.02991582,0.028553672,0.018801246,0.6556608,0.02806178,0.040069703,0.050291598,0.036366433,0.033533894,0.012975257,0.032092936,0.02384924,0.02893743,0.022711866,0.025141092,0.49831846,2024-04-05 01:08:00
0.026643934,0.04258196,0.014937855,0.01427253,0.022283137,0.021815686,0.095114306,0.023527509,0.017217154,0.052337248,0.04021695,0.06483508,0.04003428,0.030968422,0.016823731,0.6426073,0.017276656,0.04372581,0.04440261,0.035572074,0.034789238,0.020737069,0.03023228,0.020767957,0.017029561,0.025837343,0.019910824,0.05671358,2024-04-05 01:09:00
0.031770345,0.037884567,0.04179008,0.016645376,0.02029029,0.020374922,0.09899619,0.023382347,0.020573657,0.050708115,0.03801998,0.052722365,0.016155755,0.015336005,0.021426357,0.60439867,0.013983059,0.047086287,0.046463937,0.04302548,0.025745621,0.02775305,0.025106076,0.021395652,0.016123002,0.02019271,0.02319284,0.037538633,2024-04-05 01:10:00
0.035884403,0.03885264,0.034283563,0.01818192,0.026692452,0.019559052,0.094990216,0.018965917,0.017444598,0.06474061,0.029040724,0.009410847,0.04278943,0.029088095,0.014435121,0.73678017,0.044068903,0.035454866,0.05372896,0.044855736,0.04741556,0.02397225,0.018290468,0.036547307,0.0195132,0.027352141,0.026482329,0.038239162,2024-04-05 01:11:00
0.0362387,0.038724802,0.036421463,0.020567782,0.042072598,0.12026291,0.09710632,0.023841335,0.016827071,0.05672047,0.033380747,0.030983169,0.029206865,0.020521393,0.01758844,0.71920675,0.020547936,0.041065406,0.044537965,0.036381256,0.032175276,0.016911728,0.024696918,0.02520816,0.021768754,0.02566346,0.02643615,0.03697423,2024-04-05 01:12:00
0.041747164,0.026210848,0.03517798,0.030197458,0.018830443,0.021710282,0.09550159,0.021033192,0.014655237,0.052050516,0.03264779,0.09208603,0.06688002,0.018533833,0.017414372,0.74910843,0.016495103,0.037593868,0.038780183,0.035793114,0.036404412,0.019127216,0.018300492,0.022687884,0.014046998,0.0253672,0.025783092,0.03529667,2024-04-05 01:13:00
0.032324843,0.039309114,0.04009056,0.018377885,0.02022024,0.017707558,0.09610915,0.025134774,0.014060399,0.041504797,0.03071374,0.02688092,0.05052627,0.031087669,0.015122283,0.65758765,0.020454682,0.03855175,0.036807373,0.04035797,0.03284613,0.019996312,0.06770224,0.023390839,0.016595844,0.026413761,0.030071532,0.039441794,2024-04-05 01:14:00
0.028567303,0.014543691,0.039246544,0.0142464815,0.022382217,0.016691148,0.094678104,0.01826347,0.015353248,0.053662647,0.04007135,0.03603652,0.024506412,0.046197597,0.023123609,0.66195685,0.0161324,0.042293664,0.05681859,0.038848326,0.02742165,0.020891227,0.020817956,0.03447495,0.023781888,0.022729745,0.025430724,0.031430773,2024-04-05 01:15:00
0.028392179,0.03684018,0.035008237,0.012875182,0.030284263,0.025423825,0.097614154,0.02571806,0.016821275,0.054572195,0.029116213,0.012599875,0.053216834,0.03495998,0.015099915,0.7650185,0.026953941,0.023873579,0.04134255,0.04325067,0.047587905,0.02511051,0.024514345,0.032759067,0.03402563,0.025779571,0.02048356,0.040624052,2024-04-05 01:16:00
0.022840079,0.037349418,0.014326243,0.022855835,0.020792516,0.018901836,0.09496116,0.023756636,0.01142918,0.0601417,0.028800674,0.02237754,0.035521965,0.019153569,0.015061488,0.6513752,0.027286153,0.024729742,0.02174829,0.04392573,0.032096837,0.021488208,0.018355183,0.022931362,0.017397119,0.022401987,0.030076794,0.03907154,2024-04-05 01:17:00
0.028488168,0.03924796,0.036868386,0.019945512,0.03064799,0.018690879,0.094551496,0.023947986,0.021389132,0.041802447,0.031909175,0.05989589,0.027337275,0.019934064,0.018367743,0.6570103,0.01690333,0.042598363,0.040544853,0.053700637,0.036970276,0.025312517,0.020621456,0.023623493,0.01752236,0.03253285,0.023233559,0.039787386,2024-04-05 01:18:00
0.03177844,0.046600483,0.03163338,0.025887443,0.028246759,0.018119605,0.096986115,0.023186043,0.021337006,0.06538877,0.03274421,0.021986261,0.031292405,0.023362493,0.01352981,0.7574576,0.02501052,0.03551525,0.046137948,0.045051225,0.037272185,0.019030992,0.026175829,0.017738082,0.016055956,0.019006602,0.025507143,0.042062715,2024-04-05 01:19:00
0.036001414,0.02745094,0.020030504,0.026882295,0.021752508,0.022471685,0.09208387,0.015024543,0.014033248,0.060679693,0.028451173,0.061820924,0.027146794,0.041661125,0.019079221,0.83427864,0.02720054,0.028572839,0.047202155,0.045054328,0.03117178,0.03046525,0.02606946,0.021671671,0.04068639,0.030065747,0.026435342,0.040873777,2024-04-05 01:20:00
0.023077259,0.032320503,0.033373166,0.030294918,0.027651547,0.023441533,0.09342905,0.022663353,0.023270737,0.030523568,0.0227145,0.04203989,0.05473183,0.017784998,0.012983614,0.7070021,0.030583277,0.03393219,0.03334672,0.041020893,0.050902117,0.021877924,0.04078002,0.01978639,0.034393895,0.024075303,0.015328153,0.03706754,2024-04-05 01:21:00
0.023158394,0.042726178,0.033869,0.018576419,0.021984434,0.02686183,0.09384314,0.016301244,0.018535811,0.05711205,0.043660264,0.13516329,0.023484824,0.0175833,0.026039956,0.6414393,0.01988356,0.032512363,0.029106395,0.068437204,0.033870872,0.045377564,0.021326454,0.023139454,0.03069295,0.022812264,0.022586761,0.036186557,2024-04-05 01:22:00
0.039428078,0.05071473,0.035074484,0.020645136,0.031579264,0.02319415,0.09871301,0.026758002,0.024783233,0.07091513,0.02243209,0.029747967,0.030615197,0.024941256,0.01630963,0.6544464,0.02137462,0.031406,0.04707044,0.0366051,0.0352,0.020863758,0.0213225,0.019493477,0.037381716,0.024680778,0.023551932,0.03874381,2024-04-05 01:23:00
0.02766931,0.061716594,0.02602651,0.017311001,0.02268031,0.023058906,0.09582075,0.019684952,0.020204188,0.048157003,0.03939552,0.03122665,0.03249637,0.027993146,0.015336219,0.72715926,0.01353724,0.032660432,0.049073614,0.048209306,0.03571354,0.016790824,0.015740791,0.023736268,0.018141229,0.02783905,0.025923926,0.03172875,2024-04-05 01:24:00
0.17361271,0.03734854,0.032386128,0.031617127,0.033621844,0.022570128,0.09730219,0.025341352,0.018312346,0.042792432,0.033772595,0.031412072,0.025757274,0.024211315,0.013966435,0.65090024,0.022992633,0.038514048,0.03584764,0.035818968,0.02667269,0.020491894,0.013633576,0.12099986,0.02617181,0.02455765,0.03855969,0.03833295,2024-04-05 01:25:00
0.030871168,0.046189133,0.028092207,0.01497304,0.025043804,0.018692173,0.09828585,0.017388288,0.01981446,0.038267158,0.04677316,0.06044706,0.030894417,0.033697505,0.016846718,0.7223912,0.032667436,0.035753064,0.054328196,0.05190426,0.030121138,0.02117104,0.019493485,0.03814486,0.03598462,0.024291022,0.027596164,0.040655293,2024-04-05 01:26:00
0.03324271,0.03873557,0.032958914,0.03574262,0.02360007,0.015219066,0.09514425,0.023829313,0.023158599,0.036309015,0.036386557,0.0532118,0.054307006,0.018931288,0.027377136,0.6399004,0.018051498,0.04223331,0.059009407,0.050825812,0.039151795,0.01721444,0.0789809,0.013028604,0.016170507,0.031388544,0.02352319,0.048913278,2024-04-05 01:27:00
0.031892084,0.037001003,0.024307001,0.013530008,0.022698276,0.01691881,0.09794313,0.034674108,0.023870815,0.036081623,0.038834866,0.03244125,0.035066362,0.018577343,0.02412275,0.6697607,0.016653044,0.039845616,0.051726133,0.04502386,0.046784006,0.015733214,0.019387357,0.013634896,0.020464791,0.02530842,0.027715,0.036753614,2024-04-05 01:28:00
0.030699376,0.03392089,0.029901357,0.017286327,0.021488521,0.02802732,0.11953739,0.01675893,0.024507513,0.04369854,0.0361569,0.040671792,0.030988283,0.028593302,0.019112118,0.66882366,0.018457167,0.03818933,0.059046403,0.03642009,0.029662913,0.02000629,0.009741795,0.021110252,0.033826478,0.025241293,0.028918682,0.021084318,2024-04-05 01:29:00
0.030410497,0.028868338,0.12263761,0.024145927,0.019869423,0.021732962,0.12195378,0.020839581,0.015428114,0.06834215,0.053006463,0.03487988,0.025615461,0.02899044,0.01773771,0.7549676,0.021079658,0.039388075,0.04669696,0.044853903,0.028832816,0.018221507,0.025406066,0.020718677,0.027151523,0.02381445,0.026155753,0.02982061,2024-04-05 01:30:00
0.032838963,0.03615688,0.033601496,0.020691052,0.017912166,0.017391132,0.11968322,0.023303157,0.018245917,0.060845338,0.050437674,0.015203448,0.025026755,0.036107827,0.018633796,0.6570023,0.020565748,0.04033445,0.04965918,0.05138641,0.032920025,0.016530383,0.01905368,0.034782168,0.012651904,0.02081647,0.025090043,0.040228266,2024-04-05 01:31:00
0.030492647,0.03973585,0.032106765,0.029058741,0.028366633,0.0170138,0.11820271,0.023546938,0.025670754,0.046458982,0.018282281,0.02405425,0.076772176,0.02287397,0.013806757,0.65142286,0.019522592,0.037780568,0.05328136,0.04496784,0.029344264,0.024045797,0.003596116,0.02259459,0.012610556,0.02879528,0.026444428,0.04085909,2024-04-05 01:32:00
0.03305055,0.042263642,0.020530073,0.026788972,0.026675165,0.018274738,0.11674218,0.023668315,0.022164835,0.05595642,0.027300404,0.0131975915,0.037091237,0.023143452,0.018311396,0.6735529,0.027208716,0.027362771,0.04890536,0.0456931,0.038636494,0.013130589,0.02078722,0.020002086,0.02136578,0.03157998,0.105011486,0.03236254,2024-04-05 01:33:00
0.02722283,0.02944342,0.027049921,0.01613569,0.0333138,0.021270918,0.121309824,0.020882232,0.016435714,0.0564731,0.054121826,0.020949895,0.033667013,0.024134422,0.01916553,0.699456,0.025202645,0.030626157,0.046716593,0.04088629,0.04123387,0.021305637,0.022168858,0.022539278,0.02261598,0.033416834,0.020789556,0.057382587,2024-04-05 01:34:00
0.03493705,0.033366285,0.031053716,0.025027258,0.02945782,0.0228899,0.119738,0.02234791,0.0153491385,0.06608292,0.026084812,0.026180094,0.036136124,0.03398695,0.023488916,0.57589763,0.022329351,0.039814606,0.045164365,0.036308046,0.04480776,0.021275625,0.01896824,0.018869648,0.0262448,0.030340381,0.018857906,0.034691382,2024-04-05 01:35:00
0.11908192,0.02135377,0.03449226,0.026069064,0.024382409,0.020037694,0.114896886,0.016527234,0.015333689,0.056412425,0.031611048,0.03577111,0.025356952,0.014335235,0.017569982,0.60677016,0.01739483,0.020054055,0.05071777,0.045431376,0.033478815,0.017285418,0.02613421,0.029203296,0.014749663,0.02136543,0.03240292,0.0365386,2024-04-05 01:36:00
0.028566474,0.04026185,0.042114533,0.03291055,0.025999634,0.023178905,0.11953022,0.023633735,0.018275097,0.1123669,0.049107213,0.030778108,0.041226488,0.039168954,0.013801354,0.6342157,0.01884687,0.04162133,0.037593726,0.045054317,0.042291388,0.018696716,0.024944503,0.022851706,0.028899284,0.022986215,0.01709688,0.04001304,2024-04-05 01:37:00
0.038788978,0.044903897,0.023781937,0.012637635,0.0403718,0.01794905,0.12194971,0.023939963,0.016429344,0.04237441,0.0467553,0.030374676,0.03338174,0.021621145,0.02044635,0.5764212,0.014262161,0.027748263,0.042073973,0.036047034,0.030540353,0.013965407,0.029629307,0.021667019,0.014850682,0.024644796,0.022796087,0.039944384,2024-04-05 01:38:00
0.029697467,0.033401966,0.019961018,0.022474749,0.027758934,0.02757168,0.120371014,0.021989727,0.01973094,0.09330019,0.0533968,0.012435911,0.037077878,0.017818663,0.028541477,0.49024305,0.027374126,0.019391162,0.04239083,0.046713807,0.036101423,0.01144405,0.018663244,0.024826314,0.019931022,0.025457839,0.081622496,0.03017213,2024-04-05 01:39:00
0.03250071,0.04192116,0.02516787,0.018473372,0.028379112,0.020334141,0.12121397,0.021856826,0.022671346,0.04909318,0.046414807,0.043520276,0.028144859,0.018939698,0.017476784,0.5765424,0.03120967,0.040751588,0.041266877,0.035578243,0.03260575,0.016556848,0.016899519,0.019169036,0.03567922,0.024512798,0.020671725,0.026317343,2024-04-05 01:40:00
0.028407658,0.03670346,0.03045528,0.012489682,0.02532913,0.021046015,0.13302207,0.024374252,0.027883826,0.05019952,0.04353452,0.021262322,0.06779113,0.035884064,0.034011435,0.5144545,0.01843901,0.040287662,0.038053907,0.0356948,0.031083351,0.021684835,0.027287388,0.019811185,0.021919897,0.028574243,0.019912394,0.028599551,2024-04-05 01:41:00
0.03248001,0.043348927,0.026743755,0.016071958,0.021835303,0.015044779,0.12004287,0.023124972,0.019793343,0.10834266,0.04324368,0.026559038,0.062153038,0.026440067,0.021163978,0.5804045,0.04917754,0.037876513,0.072258584,0.041389927,0.027615882,0.025011227,0.008792589,0.051849775,0.025774002,0.021134311,0.024569938,0.026575195,2024-04-05 01:42:00
0.031618845,0.045763806,0.02078503,0.019473104,0.025813295,0.025485707,0.12008464,0.02064057,0.01235587,0.04208266,0.040845163,0.03183719,0.025462743,0.04717111,0.012933582,0.45475456,0.020118313,0.040283162,0.029658701,0.03634742,0.035604797,0.011640574,0.022859678,0.02245873,0.040944207,0.02218224,0.019334955,0.035827767,2024-04-05 01:43:00
0.024895929,0.05018589,0.025542935,0.01701254,0.021934614,0.01900311,0.120458394,0.023206877,0.022839474,0.03324197,0.031119242,0.03212348,0.027915575,0.021009415,0.042101275,0.51909435,0.02290179,0.03790072,0.037618045,0.036033746,0.036760196,0.020210648,0.018235445,0.026974542,0.017225184,0.021574257,0.016942203,0.03723634,2024-04-05 01:44:00
0.026891682,0.038696703,0.040320154,0.021121033,0.031018278,0.02203017,0.22263625,0.022712251,0.024412667,0.055558484,0.030945811,0.022445165,0.04140056,0.036509037,0.022540286,0.44184142,0.022555089,0.04465666,0.04156796,0.03909541,0.039637804,0.028924538,0.023192946,0.023521835,0.025900045,0.025945889,0.014447551,0.037988745,2024-04-05 01:45:00
0.031661805,0.049634404,0.033785645,0.0269063,0.037148338,0.020460129,0.120332375,0.021452112,0.021890286,0.04004296,0.037148047,0.110517934,0.029008461,0.019725595,0.019446451,0.50515735,0.02316599,0.033740632,0.035243798,0.036633626,0.044264115,0.021123027,0.023294471,0.01810333,0.021043228,0.022393828,0.03932254,0.042819362,2024-04-05 01:46:00
0.036185414,0.041014712,0.02697068,0.090379894,0.029619427,0.029143749,0.12134886,0.016945833,0.02049289,0.051666133,0.03744433,0.047801767,0.087933935,0.020253474,0.034543265,0.531313,0.02795993,0.055537514,0.0537512,0.06471173,0.03548051,0.032905813,0.010438978,0.025171792,0.02697603,0.018690147,0.020753736,0.03756174,2024-04-05 01:47:00
0.026442409,0.05186302,0.010383544,0.036544863,0.021643154,0.026307147,0.120980665,0.021214392,0.015933739,0.054122955,0.050008073,0.020451851,0.063475296,0.011053685,0.014897897,0.5323494,0.01808095,0.030716404,0.044159718,0.048077207,0.028327914,0.028250655,0.011788224,0.01634637,0.018196966,0.030292818,0.03956423,0.041324776,2024-04-05 01:48:00
0.03012327,0.05041044,0.02247002,0.023846656,0.02477425,0.026227515,0.08790358,0.021125864,0.018574513,0.062515035,0.024441991,0.051345218,0.03565455,0.019478375,0.02164281,0.49077666,0.020785166,0.05562994,0.04221563,0.040905703,0.024373166,0.028340746,0.007930011,0.020536771,0.020571603,0.02909412,0.04680512,0.037036594,2024-04-05 01:49:00
0.037323818,0.04052474,0.035450917,0.013374198,0.021025706,0.030713247,0.11425367,0.021067027,0.01908251,0.056911923,0.054255772,0.056929585,0.01611299,0.030339187,0.014883875,0.47324145,0.01992941,0.049584705,0.045859464,0.03998656,0.044918124,0.033627383,0.030487502,0.022794705,0.03236592,0.035679176,0.020659853,0.03643242,2024-04-05 01:50:00
0.035793558,0.022384975,0.036053665,0.017003553,0.02409812,0.02343571,0.11613465,0.011294707,0.024681771,0.053801417,0.022618236,0.029006716,0.019585313,0.01632597,0.013997949,0.5303614,0.020193808,0.048637263,0.03487796,0.038982775,0.044588428,0.023128293,0.032633193,0.022803528,0.025120655,0.025702685,0.0177819,0.03387266,2024-04-05 01:51:00
0.03641698,0.024252098,0.0325865,0.020250864,0.024628611,0.02428715,0.15838732,0.02369145,0.021637367,0.05368258,0.028026622,0.029161945,0.020577151,0.046807904,0.020311683,0.15703379,0.027482381,0.04605202,0.048031718,0.044880122,0.0341291,0.018712167,0.015684402,0.01983642,0.023878092,0.024553763,0.02603839,0.036964037,2024-04-05 01:52:00
0.02606532,0.040804837,0.022364762,0.022663213,0.024609743,0.028479418,0.16046141,0.027931497,0.019637119,0.04916373,0.042335305,0.032078035,0.030662673,0.018738925,0.031208731,0.15912393,0.010657847,0.01582173,0.038325362,0.044892155,0.027874015,0.01950844,0.019918563,0.026602363,0.03662535,0.035334904,0.025858322,0.054953642,2024-04-05 01:53:00
0.038082384,0.040372856,0.032926247,0.031420656,0.027336175,0.015311568,0.15782097,0.022961704,0.019453084,0.06044535,0.020991083,0.026126128,0.034209196,0.015153785,0.026875557,0.23606482,0.022422548,0.03952775,0.061774045,0.03601956,0.03758407,0.020278215,0.022038193,0.024520895,0.022447916,0.029365776,0.019620048,0.040406287,2024-04-05 01:54:00
0.043203227,0.036684047,0.034732934,0.01909424,0.023854636,0.023775388,0.15842074,0.02403635,0.027894747,0.057869997,0.041033026,0.036639728,0.032594003,0.018171195,0.018366104,0.23424067,0.023438256,0.039086297,0.023309886,0.044209585,0.03643113,0.020567728,0.025064241,0.02407376,0.0256242,0.02503715,0.039323144,0.040122196,2024-04-05 01:55:00
0.034863576,0.041613575,0.025186624,0.01909329,0.025957776,0.023440642,0.1572371,0.020858029,0.026562368,0.05322574,0.02816133,0.025030984,0.026735779,0.022512902,0.031312834,0.06681477,0.027287496,0.036865614,0.032492675,0.045959357,0.03399821,0.024287513,0.022916002,0.020229716,0.02152425,0.02318395,0.020672161,0.03786833,2024-04-05 01:56:00
0.030644035,0.037859153,0.03012341,0.013368978,0.03039255,0.023472909,0.15573363,0.02033567,0.019510504,0.093571626,0.03561859,0.012999398,0.031841356,0.024478821,0.029455444,0.081174746,0.024761353,0.051612746,0.060455877,0.057535667,0.041298956,0.019510817,0.07289694,0.026603572,0.028384775,0.027683418,0.025459085,0.037310757,2024-04-05 01:57:00
0.02743888,0.038757443,0.02230223,0.036184736,0.02356117,0.026130095,0.15822256,0.023446534,0.023007236,0.050245486,0.024601009,0.055932794,0.082141034,0.026761884,0.035304755,0.07314465,0.027436374,0.025059344,0.028502243,0.036053054,0.03538308,0.020688633,0.022129688,0.03477919,0.012877061,0.03872473,0.03979416,0.034210615,2024-04-05 01:58:00
0.04542396,0.014821133,0.023897914,0.017919779,0.021843549,0.026887475,0.16102028,0.019571457,0.021781288,0.059289422,0.021525731,0.009988137,0.051523816,0.016392091,0.023968495,0.075522386,0.020644452,0.03437984,0.050834067,0.04483084,0.036002964,0.028111078,0.06325953,0.021360788,0.018900795,0.029380016,0.045263994,0.036115456,2024-04-05 01:59:00
0.038714696,0.04224984,0.03737105,0.018815622,0.03013804,0.021785721,0.16187672,0.015684191,0.02737788,0.04590615,0.041092243,0.04588623,0.036813196,0.025705477,0.020333668,0.038093768,0.026884291,0.04589978,0.048543256,0.044951785,0.04661172,0.03297708,0.007795073,0.017431121,0.022285828,0.047433786,0.018092234,0.03786343,2024-04-05 02:00:00
0.043394886,0.047704417,0.026111117,0.013482263,0.021706175,0.02607537,0.1567657,0.020487728,0.04750086,0.049770128,0.02583431,0.029946918,0.02865196,0.015510936,0.038988944,0.041960336,0.020566491,0.035080742,0.03968849,0.03560527,0.03551281,0.025631178,0.025997974,0.020816084,0.020076144,0.037316777,0.021595242,0.04583391,2024-04-05 02:01:00
0.026862193,0.036814388,0.023759628,0.016825028,0.017601373,0.026977938,0.15713471,0.09567762,0.01615427,0.028395006,0.047821112,0.020709934,0.021915954,0.01694112,0.026745787,0.015392846,0.01314726,0.03778572,0.05165822,0.036573704,0.030313585,0.04698845,0.030484376,0.021328073,0.043854833,0.02546219,0.018993586,0.043025456,2024-04-05 02:02:00
0.02935918,0.026996901,0.050585233,0.01702884,0.02558373,0.03126406,0.17688896,0.025377776,0.023989515,0.059149805,0.030992847,0.020523366,0.033477448,0.019637737,0.049323246,0.031695593,0.024185043,0.046232782,0.04319577,0.035759427,0.041538343,0.017086431,0.009108264,0.030631188,0.02736993,0.025963383,0.013517166,0.030520264,2024-04-05 02:03:00
0.03185137,0.04125318,0.029502112,0.023947474,0.01834066,0.022482034,0.15468296,0.022654975,0.026208391,0.050830416,0.022631371,0.010344688,0.01852551,0.01728158,0.01518843,0.014026536,0.028323565,0.040365737,0.048454043,0.045429204,0.043681134,0.0173131,0.05261881,0.023835229,0.028498417,0.027686179,0.025686966,0.037205532,2024-04-05 02:04:00
0.033505283,0.029243737,0.030040365,0.014862684,0.02502854,0.020490417,0.1559865,0.02534909,0.017756894,0.042800076,0.025231473,0.0149110025,0.025597418,0.013045863,0.14937007,0.21455993,0.023378268,0.03987916,0.0674434,0.03888726,0.027826644,0.01744932,0.03158612,0.024596093,0.01784459,0.025541028,0.025404552,0.033579536,2024-04-05 02:05:00
0.0342713,0.028668126,0.026855376,0.028472468,0.021903096,0.022435727,0.16678871,0.015730498,0.022465676,0.03589026,0.031339,0.032179885,0.024685578,0.031813193,0.027425312,0.19716911,0.021999264,0.035786893,0.043259494,0.052590642,0.03662071,0.017181486,0.015742695,0.017920455,0.019329008,0.028700918,0.0145884985,0.034020044,2024-04-05 02:06:00
0.028885484,0.039106935,0.03778112,0.025286812,0.019468002,0.029145993,0.096584186,0.030522995,0.024109231,0.041184917,0.0245859,0.056825235,0.03697556,0.021548063,0.013966307,0.19411142,0.026660925,0.04730602,0.044291217,0.045109816,0.032419194,0.046811137,0.018552655,0.018050324,0.019445753,0.02115748,0.024813924,0.04535774,2024-04-05 02:07:00
0.032763988,0.03527159,0.025705017,0.02987145,0.026118197,0.02105282,0.0966274,0.034925032,0.015780054,0.057998974,0.025843767,0.026357194,0.02798543,0.11976484,0.027145112,0.093805365,0.01740391,0.037052277,0.03991341,0.04889403,0.036495987,0.02117785,0.029370738,0.019561842,0.017883463,0.027010905,0.0258796,0.039286852,2024-04-05 02:08:00
0.039233,0.027064329,0.02846936,0.02777331,0.026358813,0.022424513,0.09765985,0.020971494,0.02395739,0.05445397,0.033059523,0.04589056,0.06474123,0.031258028,0.020019319,0.08025661,0.026684124,0.050398517,0.036432404,0.039532382,0.044876438,0.018280432,0.023190703,0.022141045,0.025118146,0.024801811,0.02179883,0.03727853,2024-04-05 02:09:00
0.049542878,0.04687119,0.031711526,0.014115421,0.02369471,0.016669435,0.09518211,0.02391874,0.022642525,0.0885692,0.042905092,0.026000436,0.03418767,0.027299615,0.013258249,0.069698445,0.025708178,0.046064567,0.04283828,0.04308438,0.03191144,0.02925824,0.008513781,0.019492982,0.052019153,0.025755683,0.022817383,0.053329986,2024-04-05 02:10:00
0.037338834,0.020726433,0.024930792,0.0233675,0.027068485,0.019644676,0.18694596,0.023420317,0.024878262,0.035698127,0.028433759,0.03134404,0.026800014,0.022719659,0.018084511,0.0811925,0.058670618,0.04758985,0.039722636,0.04487793,0.034597114,0.0195884,0.026261406,0.020543018,0.04020807,0.020983418,0.017876094,0.043727346,2024-04-05 02:11:00
0.03201217,0.037198883,0.025501618,0.016229527,0.019379832,0.01771761,0.093176186,0.022363735,0.02314,0.04210873,0.02261569,0.036383152,0.02609143,0.017325083,0.022477178,0.08467374,0.02342103,0.048083387,0.09480276,0.04668653,0.033423554,0.02338085,0.0287022,0.035877656,0.037271142,0.023356367,0.030995158,0.03736402,2024-04-05 02:12:00
0.12253215,0.03347101,0.019842047,0.029952316,0.027000504,0.02328121,0.09746743,0.024628017,0.015264558,0.05111192,0.019676408,0.0591917,0.0794286,0.02103919,0.01822883,0.067358956,0.024930403,0.03751346,0.03845214,0.055636168,0.026294377,0.019833801,0.021684425,0.019505868,0.04671111,0.025089575,0.014867371,0.03801125,2024-04-05 02:13:00
0.03280614,0.040718097,0.029689983,0.014893176,0.02011394,0.020715442,0.09671579,0.025257876,0.015895981,0.06290271,0.03643172,0.026915304,0.031109732,0.022638472,0.014508861,0.089376815,0.016786538,0.037045565,0.041030638,0.039216273,0.0351843,0.015900448,0.03066217,0.01426522,0.05263917,0.033437766,0.034929346,0.034028992,2024-04-05 02:14:00
0.031988308,0.04290456,0.03360127,0.024254682,0.021655941,0.021775346,0.092286855,0.022041285,0.022373611,0.05062158,0.027785761,0.0397588,0.052893158,0.035528604,0.021359691,0.077701256,0.029850349,0.016236061,0.052791283,0.04744506,0.033270117,0.029366774,0.011250042,0.020886678,0.07861154,0.024039872,0.01673592,0.04381001,2024-04-05 02:15:00
0.038621195,0.047486663,0.023118766,0.01850307,0.021701548,0.017742533,0.09832546,0.022447605,0.030635187,0.05458082,0.031839374,0.029210374,0.018954378,0.018433947,0.020270394,0.09812725,0.020820603,0.0395731,0.04158514,0.036373626,0.0503662,0.031872865,0.020744244,0.022473624,0.08189017,0.01999126,0.021443952,0.043422043,2024-04-05 02:16:00
0.034975253,0.03453423,0.030324433,0.022316119,0.026093487,0.020745242,0.09361787,0.025521427,0.02428064,0.060945366,0.026700119,0.06625725,0.03281495,0.0238434,0.030001162,0.10162283,0.033152822,0.042067558,0.040632445,0.040283274,0.035529815,0.020047659,0.025778102,0.021999883,0.080091685,0.028301531,0.0587627,0.037763532,2024-04-05 02:17:00
0.027723817,0.037184786,0.025503695,0.014032301,0.024846042,0.018517721,0.1633024,0.022804268,0.015793093,0.031749878,0.040750764,0.036019858,0.051143203,0.02497167,0.02519009,0.09609767,0.022157257,0.03945381,0.040763915,0.05351759,0.041043647,0.022705616,0.017881272,0.022157233,0.08116241,0.022731733,0.02426309,0.04503784,2024-04-05 02:18:00
0.037825346,0.041807808,0.020873094,0.10301135,0.022250364,0.02424325,0.103129365,0.016005188,0.05028243,0.056976307,0.033449765,0.019595113,0.08336127,0.027906196,0.015780842,0.16482091,0.01392717,0.04155796,0.028957583,0.05465322,0.031830408,0.025037946,0.007423262,0.02071239,0.07373709,0.024561811,0.02039635,0.038677834,2024-04-05 02:19:00
0.037579086,0.024438072,0.024390176,0.020544993,0.019736642,0.022562925,0.098813936,0.029500255,0.02075506,0.043864246,0.03381158,0.0107217645,0.031442642,0.025359353,0.022160187,0.18303595,0.016158402,0.014214819,0.043318912,0.03563009,0.034274224,0.021716844,0.018124359,0.022803452,0.074385166,0.026166324,0.022047425,0.027619032,2024-04-05 02:20:00
0.042577256,0.07737269,0.030844051,0.019564444,0.016121648,0.019798024,0.091762595,0.026074817,0.012419508,0.06410833,0.024866607,0.032895394,0.030225325,0.030046912,0.017095584,0.18222627,0.034874044,0.040049836,0.039796203,0.04667781,0.032331653,0.017823199,0.036161043,0.024640745,0.0906349,0.024531653,0.019730642,0.03645339,2024-04-05 02:21:00
0.045575283,0.043959323,0.022457998,0.017766226,0.01942982,0.026827881,0.091126196,0.020081952,0.020393072,0.04670675,0.02719853,0.023705784,0.046852928,0.020179093,0.014094035,0.2519512,0.027335368,0.03238415,0.03723329,0.04479074,0.04421349,0.024140647,0.021097196,0.0209156,0.08426898,0.024276689,0.022434043,0.04116606,2024-04-05 02:22:00
0.03991436,0.01721565,0.028649513,0.014463825,0.025046296,0.023210013,0.09168506,0.022956513,0.02795779,0.052477494,0.046544038,0.027085485,0.029917479,0.027838554,0.019627567,0.18064553,0.024978787,0.040027842,0.038876936,0.044933446,0.03506733,0.017863853,0.023769218,0.024621412,0.10060045,0.025886897,0.049268328,0.038452405,2024-04-05 02:23:00
0.048358977,0.033544905,0.032180376,0.02613542,0.021223938,0.017890202,0.09355116,0.024004094,0.020735629,0.04958061,0.025658686,0.033683244,0.027382376,0.02211104,0.018696437,0.1803703,0.020732397,0.0458172,0.053292945,0.045288198,0.034511097,0.013787055,0.03731175,0.026939418,0.08351838,0.026391037,0.025462665,0.033402976,2024-04-05 02:24:00
0.03699168,0.03731109,0.021446314,0.016483856,0.021794131,0.026345808,0.09154225,0.021450369,0.047112357,0.051302917,0.02231631,0.1440102,0.039732583,0.024289552,0.023052115,0.2094122,0.023422329,0.03370594,0.04822266,0.05961891,0.033934496,0.021780578,0.008953709,0.019551774,0.08659299,0.028170459,0.014810829,0.033420973,2024-04-05 02:25:00
0.045357797,0.03236493,0.03368632,0.02008075,0.017457562,0.022141812,0.09039279,0.022228573,0.016233914,0.0543352,0.03394774,0.03337936,0.033047073,0.0231367,0.020462658,0.30773544,0.021595968,0.043555275,0.047298204,0.03850214,0.028886335,0.018861737,0.009403859,0.021120675,0.0806642,0.024455504,0.020558244,0.036987722,2024-04-05 02:26:00
0.041516267,0.029028345,0.0425569,0.013994644,0.024546042,0.018219348,0.091119975,0.022117713,0.0087648025,0.012499376,0.032375414,0.041739207,0.02786797,0.023651244,0.03493522,0.26851043,0.02217876,0.037512626,0.048749905,0.042032234,0.03391009,0.033435762,0.0097265225,0.030248994,0.08392253,0.029846597,0.03202873,0.033531725,2024-04-05 02:27:00
0.042906933,0.04556818,0.040341523,0.018553065,0.03508379,0.018732164,0.08891036,0.02341735,0.019743374,0.042025022,0.02851521,0.024570525,0.042366356,0.019147512,0.03223822,0.3662988,0.015268474,0.03961153,0.050057914,0.05368539,0.029466258,0.019018922,0.012398787,0.03691796,0.09046024,0.028450089,0.0251478,0.033977654,2024-04-05 02:28:00
0.040051088,0.034046978,0.030541241,0.015136676,0.020608837,0.018886765,0.090764,0.023547275,0.015530808,0.039937843,0.03466938,0.0779281,0.030702667,0.016927617,0.01826664,0.34188792,0.021472024,0.028384916,0.038363248,0.037658136,0.04490538,0.020256318,0.021468198,0.022788638,0.09199499,0.029687589,0.03447858,0.036199544,2024-04-05 02:29:00
0.04009272,0.037224982,0.03517216,0.038041096,0.026193805,0.018340068,0.089381434,0.030413404,0.015244245,0.036647163,0.03252147,0.014233586,0.03069282,0.033850987,0.015063273,0.35617012,0.022446573,0.03774321,0.048562758,0.03608402,0.028199552,0.021254355,0.010533624,0.014565892,0.09436657,0.024391292,0.015566927,0.03448697,2024-04-05 02:30:00
0.040583126,0.04421055,0.0346353,0.016534101,0.025067462,0.018722724,0.08955021,0.02181934,0.0127575025,0.04849243,0.023751669,0.02932056,0.031893324,0.02681118,0.015178419,0.33447805,0.011315185,0.038279746,0.049972624,0.044936303,0.035682093,0.018157715,0.005577742,0.017883705,0.12943394,0.029536381,0.024928082,0.03736726,2024-04-05 02:31:00
0.032514453,0.030182285,0.034638677,0.013658261,0.02238964,0.020918744,0.090171136,0.021651128,0.01732128,0.042521734,0.03668999,0.07382871,0.026863582,0.03350357,0.028301118,0.33078828,0.02591493,0.016033739,0.034840688,0.036520176,0.043717057,0.0172692,0.012624192,0.023504304,0.14761528,0.024681633,0.09305466,0.039076123,2024-04-05 02:32:00
0.039814238,0.029459592,0.03376112,0.024038406,0.03662372,0.024071464,0.0921677,0.02561249,0.03413075,0.045111887,0.044141363,0.024869664,0.034655526,0.0318139,0.015494922,0.3198832,0.02352298,0.043390997,0.04300584,0.043576185,0.026583279,0.02339468,0.012144199,0.057498917,0.12874323,0.023049155,0.020617334,0.035338145,2024-04-05 02:33:00
0.037610076,0.043049112,0.036825426,0.022607632,0.0302018,0.029339854,0.08496998,0.026023837,0.023621213,0.060571566,0.022590477,0.050716516,0.034161136,0.03234961,0.02603571,0.31129438,0.013552812,0.042737585,0.0526374,0.044821817,0.034681004,0.03220141,0.026039127,0.023142105,0.12300603,0.023324633,0.02621906,0.037348535,2024-04-05 02:34:00
0.042461812,0.040452503,0.035529118,0.03855111,0.019842304,0.020928562,0.09137224,0.03771478,0.03990065,0.04723644,0.042247936,0.016872652,0.03141952,0.027448485,0.022077294,0.4563637,0.022447476,0.036384284,0.08506216,0.03988477,0.02857126,0.021565126,0.018604962,0.018710509,0.13030897,0.023277745,0.024052573,0.03867213,2024-04-05 02:35:00
0.03251626,0.05494343,0.038687006,0.014318898,0.018645633,0.018431956,0.09013333,0.023890996,0.018934883,0.03844083,0.030803693,0.011193444,0.030614361,0.031624854,0.023462001,0.43872547,0.02075952,0.044843007,0.037996106,0.03921791,0.046621256,0.020027716,0.02140251,0.016508678,0.13677253,0.020151906,0.025087425,0.03941532,2024-04-05 02:36:00
0.041048225,0.041156635,0.043035552,0.020295572,0.034513418,0.036194935,0.091059454,0.020961465,0.01799662,0.062278915,0.04169427,0.016602779,0.034101445,0.021310428,0.020366058,0.46018058,0.014887933,0.04457722,0.03383743,0.039201275,0.026989419,0.020774046,0.0074488185,0.022891155,0.14308923,0.021617856,0.016556822,0.039197125,2024-04-05 02:37:00
0.036357276,0.030070193,0.031229045,0.02962327,0.031439003,0.027189694,0.090463206,0.017444056,0.022416856,0.054400228,0.027900284,0.056369912,0.03911985,0.02818276,0.028848715,0.50989205,0.018340848,0.027712932,0.035889365,0.04498655,0.03450909,0.019801928,0.018717524,0.018478284,0.12617998,0.029194778,0.022109944,0.036497325,2024-04-05 02:38:00
0.0353645,0.05315249,0.03958642,0.015800962,0.022993319,0.023208624,0.087266706,0.021032441,0.01411208,0.06431718,0.041288342,0.029280676,0.029742675,0.0348669,0.014828213,0.46506292,0.017220153,0.04750689,0.033878945,0.039652828,0.03089509,0.024498576,0.023027716,0.024826832,0.12752067,0.02754291,0.02412351,0.036599584,2024-04-05 02:39:00
0.029421771,0.048224468,0.031970546,0.017047008,0.029592497,0.042989038,0.11251043,0.022235056,0.021515723,0.057344746,0.03814121,0.017192053,0.032752164,0.02554065,0.024345191,0.59576964,0.02132696,0.04104721,0.08762237,0.04122355,0.02774766,0.01798692,0.0067366464,0.015938113,0.13358709,0.02756712,0.017074145,0.035959642,2024-04-05 02:40:00
0.02753455,0.027487183,0.03943159,0.021984275,0.02209261,0.0196086,0.09050624,0.02383538,0.01926938,0.056520972,0.024339333,0.0071593584,0.03295141,0.02766148,0.020941086,0.55369294,0.0169961,0.033345968,0.03887294,0.0482638,0.035076894,0.018986637,0.01929794,0.021317378,0.13870862,0.02931229,0.07618013,0.035796992,2024-04-05 02:41:00
0.031710222,0.03790578,0.04414668,0.012640027,0.033760134,0.015289712,0.09046563,0.021290116,0.0139809735,0.09180395,0.04978102,0.032768793,0.030092206,0.032437257,0.0152715705,0.53398025,0.030017281,0.045284502,0.047192343,0.03617547,0.034285117,0.020419987,0.05502794,0.032957796,0.14574495,0.025643915,0.021522323,0.03629499,2024-04-05 02:42:00
0.04037714,0.03868775,0.034151986,0.029974772,0.024426132,0.07551623,0.09377047,0.026536915,0.01871416,0.043306563,0.022748582,0.033253323,0.046292864,0.029886091,0.023289477,0.5351123,0.015515814,0.039109353,0.028822688,0.03608721,0.024717083,0.019454205,0.017237939,0.020393712,0.1671962,0.030638626,0.019894738,0.037543554,2024-04-05 02:43:00
0.02722875,0.04042411,0.030350847,0.015005411,0.031512,0.03488451,0.0911764,0.017446458,0.017253451,0.050792318,0.021637397,0.02042989,0.041188866,0.030349115,0.022428919,0.6063724,0.022507198,0.12644064,0.07552177,0.04341957,0.044724,0.028209224,0.01535998,0.026918998,0.13380416,0.02726851,0.043071736,0.038699284,2024-04-05 02:44:00
0.032011386,0.01899369,0.041143045,0.033803135,0.024474783,0.017728675,0.09693475,0.031659946,0.01850113,0.11354651,0.027939383,0.013654922,0.031130424,0.03255492,0.014801683,0.5862163,0.018706048,0.040592376,0.04189558,0.051458586,0.03539281,0.020096296,0.025375865,0.019820403,0.13524769,0.028869305,0.016156163,0.034676127,2024-04-05 02:45:00
0.046422366,0.034596715,0.03343774,0.016576495,0.027241513,0.020633744,0.16240521,0.021239933,0.020347204,0.050161008,0.04107414,0.023446053,0.032821678,0.03679817,0.021870919,0.6409738,0.02251108,0.040966757,0.04092928,0.04854784,0.04615499,0.026922578,0.05246609,0.025373586,0.13315548,0.03902362,0.017799022,0.027595717,2024-04-05 02:46:00
0.032694504,0.03689644,0.0396083,0.18875104,0.021406539,0.018125892,0.09304725,0.024033971,0.022857241,0.051879775,0.042959966,0.06668882,0.029800383,0.037981432,0.013393426,0.5408379,0.034157388,0.042705618,0.05254919,0.035805438,0.039904,0.020436682,0.021193767,0.017783672,0.13910185,0.028145986,0.033048,0.02344695,2024-04-05 02:47:00
0.03154323,0.03920835,0.031639572,0.025050618,0.01581705,0.04019245,0.09638599,0.020429064,0.01705458,0.06315834,0.022678558,0.010906953,0.02721876,0.02781506,0.021468947,0.6857534,0.018232603,0.02760945,0.07810785,0.05216693,0.030125258,0.028233875,0.012532629,0.015534736,0.12146348,0.024511054,0.014101568,0.02702075,2024-04-05 02:48:00
0.036453944,0.045238893,0.0438917,0.023523068,0.04556244,0.019388584,0.10084359,0.04002819,0.018455008,0.04515119,0.025085272,0.02742354,0.025086973,0.023170885,0.027483506,0.62554574,0.039572764,0.049442474,0.039994933,0.037071634,0.02448401,0.011336724,0.029348275,0.0207107,0.13454126,0.021250471,0.038236354,0.0351449,2024-04-05 02:49:00
0.13111852,0.037864257,0.035714883,0.03978298,0.019217614,0.031615015,0.10690724,0.038232293,0.013837031,0.054077256,0.026291829,0.023189593,0.022137789,0.030812982,0.023874847,0.670039,0.011745805,0.038937453,0.04589433,0.03742679,0.036998373,0.016134564,0.017462451,0.020985888,0.14053912,0.022388566,0.029695848,0.03564702,2024-04-05 02:50:00
0.025057482,0.0423017,0.040845323,0.027736396,0.017799307,0.01820752,0.1053106,0.05891773,0.023928987,0.052050833,0.045317177,0.017711407,0.080696836,0.03567255,0.018130342,0.61003786,0.013249029,0.030330703,0.042974163,0.039073393,0.0343522,0.01270032,0.018151218,0.018838974,0.14037378,0.02684,0.025852688,0.036116634,2024-04-05 02:51:00
0.030049248,0.040063836,0.034183796,0.013700646,0.020367712,0.027630346,0.10534182,0.018064147,0.015095511,0.057183698,0.025077673,0.022205958,0.08361605,0.021663705,0.019496247,0.68027097,0.01827619,0.032564286,0.040987954,0.035744157,0.031066958,0.017039485,0.030735537,0.07147805,0.13833289,0.02264335,0.026237015,0.031743944,2024-04-05 02:52:00
0.027744256,0.041751117,0.026258,0.01358014,0.042798206,0.02109951,0.10502304,0.022190891,0.035830095,0.06740236,0.035425156,0.0728479,0.042635746,0.03383657,0.02083927,0.705115,0.01984995,0.010083981,0.033336066,0.0469964,0.0241944,0.010349674,0.020410364,0.012935139,0.13054797,0.017086457,0.017680384,0.035578154,2024-04-05 02:53:00
0.04728983,0.04275669,0.027940119,0.014719556,0.020652547,0.034816064,0.10573976,0.021905497,0.022756776,0.047337923,0.024926543,0.11098257,0.033228774,0.02126607,0.018787086,0.71090925,0.025970833,0.04985476,0.034960516,0.053324435,0.043105133,0.02407098,0.060266867,0.019039094,0.13282852,0.03909247,0.018856145,0.034170035,2024-04-05 02:54:00
0.03589725,0.03182924,0.035616707,0.019379893,0.02998703,0.024674483,0.10390748,0.023037642,0.014295694,0.033236723,0.037009098,0.06932719,0.039332185,0.029550817,0.02860815,0.69768494,0.021798864,0.04065786,0.040339768,0.05079156,0.036283713,0.013241275,0.01646786,0.033855166,0.13992381,0.023745032,0.017787233,0.036275696,2024-04-05 02:55:00
0.06366736,0.043226346,0.023336885,0.03823198,0.023489498,0.03302325,0.10386733,0.025117254,0.019348506,0.065169446,0.0262207,0.026857087,0.06986495,0.026326308,0.04256505,0.6992402,0.024409859,0.036914278,0.0326712,0.03923892,0.03216255,0.018034497,0.02378539,0.026466379,0.14411165,0.028607588,0.06689136,0.036947023,2024-04-05 02:56:00
0.026895499,0.037517037,0.035292853,0.024396291,0.024418127,0.024806228,0.10709193,0.03159413,0.017983831,0.063639045,0.02764847,0.07371624,0.044034243,0.030010782,0.016315535,0.5859111,0.015487209,0.0316988,0.03664121,0.035681464,0.027368149,0.03541954,0.021311607,0.022195447,0.15007685,0.026349546,0.01917483,0.033183035,2024-04-05 02:57:00
0.03149578,0.039462216,0.032168172,0.014991962,0.026963573,0.024595365,0.1036119,0.023950486,0.01928535,0.043311108,0.022091044,0.013273369,0.06332538,0.026309153,0.03496412,0.68105066,0.01943382,0.040579543,0.03273132,0.03754947,0.03822631,0.021658842,0.019035827,0.020933993,0.13881561,0.019453332,0.049076136,0.03546769,2024-04-05 02:58:00
0.034465257,0.04552172,0.037759233,0.021093922,0.029733025,0.021700334,0.1005349,0.023024155,0.018497929,0.037822027,0.031112295,0.024947245,0.038888596,0.037883665,0.013630008,0.7315328,0.021236071,0.047850087,0.044512246,0.035910845,0.026679365,0.020639738,0.027040944,0.02260567,0.12577936,0.04154599,0.01685814,0.03450402,2024-04-05 02:59:00
0.026562383,0.037900716,0.037218075,0.03096771,0.025587758,0.020252839,0.102956146,0.025349192,0.019174716,0.032737534,0.044885423,0.040736895,0.05720999,0.029594641,0.031689595,0.6564711,0.023904925,0.036260158,0.03983791,0.040064972,0.030675454,0.020093234,0.0067011355,0.036040165,0.12520836,0.027766291,0.016947577,0.040900517,2024-04-05 03:00:00
0.02745778,0.05884805,0.031478707,0.011884183,0.019684868,0.023590853,0.10186388,0.023984881,0.03216717,0.05322489,0.041574635,0.03585335,0.03124126,0.025604721,0.027646456,0.71788186,0.022838727,0.03967777,0.04204425,0.044833254,0.028122483,0.022545882,0.023516523,0.027538972,0.11556565,0.028681034,0.025574619,0.035165653,2024-04-05 03:01:00
0.03409926,0.025407963,0.03036508,0.03243306,0.017783802,0.02129682,0.10072124,0.025372606,0.023713386,0.044319816,0.021370852,0.0145096965,0.03588561,0.029199492,0.030163096,0.7685745,0.023715276,0.038038585,0.040583946,0.036477182,0.028932856,0.020968756,0.009241752,0.025643934,0.11919153,0.025895974,0.044385944,0.038348667,2024-04-05 03:02:00
0.031123666,0.04078122,0.046608914,0.014054264,0.022028377,0.024191832,0.10602595,0.023277212,0.017879082,0.066915266,0.04536247,0.02718158,0.104916684,0.039414138,0.01913039,0.6641696,0.018722307,0.048086334,0.04630518,0.039162062,0.03667916,0.036793876,0.019843241,0.018654136,0.11133781,0.026431728,0.023092298,0.034478415,2024-04-05 03:03:00
0.032328054,0.044287384,0.031096805,0.013351775,0.022157498,0.030821797,0.105331145,0.025711209,0.024391836,0.03498171,0.029226888,0.033076197,0.038613565,0.03526566,0.022456868,0.67887044,0.022967968,0.027346741,0.041927278,0.037271414,0.03390675,0.029384315,0.01666166,0.021254063,0.13236994,0.023952086,0.017404502,0.036611944,2024-04-05 03:04:00
0.03448422,0.05702876,0.036050163,0.01645557,0.042931788,0.027168978,0.17452663,0.030576035,0.02022643,0.06081248,0.034851804,0.03066196,0.029093534,0.028182141,0.016827086,0.73415446,0.014131001,0.04164617,0.049540646,0.045184847,0.03598741,0.028944628,0.028500833,0.020109003,0.120961875,0.02490773,0.01847405,0.025001884,2024-04-05 03:05:00
0.03149135,0.037628055,0.029908473,0.023081992,0.019859469,0.02096903,0.100447886,0.024816442,0.0268876,0.05125167,0.027010605,0.029147595,0.027763773,0.017504087,0.020719739,0.7630384,0.026288467,0.04127003,0.048907574,0.044838365,0.030145649,0.033611484,0.03375604,0.020250695,0.11567755,0.024726493,0.024541019,0.0383813,2024-04-05 03:06:00
0.028577961,0.017668253,0.0395208,0.015762053,0.025569879,0.022812653,0.10204408,0.020601036,0.0237321,0.058493845,0.01501057,0.035844427,0.07058956,0.015030591,0.015422086,0.7098592,0.0136576425,0.037242807,0.046487167,0.0448448,0.03125161,0.03115591,0.025552768,0.021372586,0.11643712,0.028238509,0.02474445,0.035641976,2024-04-05 03:07:00
0.035350572,0.036406625,0.035795476,0.02697326,0.022013603,0.019091766,0.09960228,0.02316991,0.020104446,0.06800905,0.03765139,0.023199817,0.029319303,0.028714042,0.029994695,0.73451316,0.022834944,0.03120954,0.034533568,0.04617863,0.03578392,0.021768572,0.02624892,0.020742672,0.10850588,0.023339994,0.06740311,0.028808886,2024-04-05 03:08:00
0.031191718,0.04216622,0.035311747,0.16712718,0.034103863,0.020353315,0.10206445,0.02516555,0.049751997,0.042419463,0.047785133,0.016790232,0.047837224,0.03366829,0.027486272,0.74857444,0.025796445,0.04065203,0.03814993,0.036345966,0.022899333,0.022056898,0.008722884,0.019849306,0.110862896,0.025677856,0.016165566,0.03937728,2024-04-05 03:09:00
0.027716113,0.058677193,0.028818142,0.037245408,0.022725021,0.02973568,0.10376293,0.021410674,0.020925418,0.06533819,0.026716407,0.013221291,0.07511206,0.021704191,0.015792476,0.6687031,0.01787954,0.032493714,0.033948187,0.036334563,0.037413634,0.020953111,0.0144831585,0.012589724,0.111303955,0.026155517,0.026030693,0.03787944,2024-04-05 03:10:00
0.022273125,0.034324724,0.03352452,0.024549393,0.017329814,0.017965477,0.10226767,0.024468647,0.020231502,0.032666028,0.03200223,0.02182919,0.05497389,0.0273558,0.037739944,0.6682149,0.019039182,0.040358298,0.04069261,0.04326019,0.036944244,0.026839938,0.012732527,0.025014807,0.107026875,0.02170009,0.026265277,0.039750878,2024-04-05 03:11:00
0.035213314,0.06709421,0.045447234,0.02768356,0.03179803,0.026906809,0.10312767,0.024116246,0.01505719,0.053782873,0.03014158,0.027878698,0.06007776,0.027723385,0.018574763,0.7500103,0.04382624,0.033190597,0.034176618,0.04164085,0.036219805,0.021644507,0.015867217,0.02333216,0.10862049,0.026395658,0.02098363,0.03342335,2024-04-05 03:12:00
0.033462487,0.043322172,0.0330539,0.027523816,0.017661948,0.021530533,0.18029335,0.023920873,0.020312423,0.08151462,0.023519909,0.03171634,0.027478615,0.033539403,0.048916355,0.55594623,0.035196897,0.035421107,0.046870667,0.04461654,0.03547987,0.026951721,0.084777825,0.01697601,0.12331178,0.024140114,0.026006771,0.03782775,2024-04-05 03:13:00
0.045921028,0.037027426,0.0287894,0.012815791,0.012472029,0.031993832,0.09907061,0.022552371,0.023154449,0.04459015,0.04121788,0.014889659,0.029247496,0.024932712,0.02855579,0.57191837,0.01855101,0.04769097,0.043003455,0.035626207,0.034089986,0.016967112,0.016952837,0.017622577,0.16662948,0.023567785,0.019969087,0.03397148,2024-04-05 03:14:00
0.0375861,0.048199475,0.028316686,0.14706564,0.025072217,0.028611746,0.10054606,0.021370323,0.026119199,0.030147498,0.042340852,0.04273493,0.030740626,0.028812088,0.013034151,0.6001235,0.02023128,0.04590701,0.042069487,0.04055716,0.04010348,0.020932635,0.017646493,0.020892497,0.18315452,0.020680305,0.026321758,0.0380913,2024-04-05 03:15:00
0.027751015,0.043554503,0.029177504,0.01257909,0.02478812,0.015766902,0.10441686,0.026940612,0.020179667,0.047290426,0.044332962,0.021993404,0.044791322,0.030554894,0.019594816,0.4117177,0.013848369,0.029734408,0.033973772,0.04517344,0.032831367,0.022091895,0.020422481,0.022843784,0.16855146,0.02494099,0.026188219,0.036155634,2024-04-05 03:16:00
0.031744156,0.039295238,0.033524342,0.012888991,0.011230833,0.022961687,0.101851724,0.026360955,0.026163999,0.04701414,0.029217409,0.03058303,0.029355822,0.013681569,0.037559576,0.39271003,0.01850806,0.042626776,0.05097857,0.04522254,0.030515192,0.01628306,0.0052507273,0.028021155,0.22696327,0.024411445,0.025969762,0.0375436,2024-04-05 03:17:00
0.034855552,0.03544946,0.037676305,0.019357825,0.023613768,0.022054434,0.10341139,0.032122064,0.019439368,0.042054728,0.039123606,0.01274784,0.026304182,0.021857003,0.017365456,0.3809361,0.012594309,0.032084417,0.036354594,0.04532634,0.03407101,0.014919587,0.02214223,0.018774133,0.20833167,0.025806403,0.024844587,0.04089096,2024-04-05 03:18:00
0.032111123,0.04255001,0.033509713,0.0154922865,0.026105385,0.025179911,0.10252632,0.01818342,0.022457788,0.058257107,0.025692139,0.01759926,0.049831595,0.024964565,0.018764043,0.36122185,0.049479436,0.02961268,0.03848141,0.037597597,0.04731068,0.019255253,0.019677624,0.012600145,0.3202886,0.02493342,0.026314091,0.031100012,2024-04-05 03:19:00
0.030126663,0.048143577,0.033705093,0.017400363,0.024503771,0.029892908,0.10038312,0.024302116,0.014911551,0.044408087,0.03604925,0.14433269,0.026957067,0.027710438,0.029669134,0.40192556,0.024154572,0.037237536,0.04303086,0.04572817,0.036332138,0.019029792,0.012721911,0.022693846,0.2121724,0.025479104,0.02339782,0.037576117,2024-04-05 03:20:00
0.028679425,0.030215837,0.03195065,0.02646885,0.025285052,0.02055598,0.09760711,0.024201307,0.013335612,0.1363231,0.036428455,0.023853825,0.032648366,0.022134047,0.024533652,0.4311119,0.017026639,0.014656496,0.027518243,0.049041703,0.037617926,0.021100843,0.01988252,0.023885762,0.24368359,0.033125624,0.016365109,0.031498425,2024-04-05 03:21:00
0.039477047,0.021234274,0.040473174,0.016147772,0.024906827,0.026457066,0.09919345,0.024692858,0.02034742,0.05391273,0.026583325,0.025501745,0.023034422,0.021434939,0.026811127,0.40314594,0.02865858,0.04176899,0.0428358,0.044889666,0.038738955,0.012458472,0.023162909,0.022659333,0.22672646,0.031101216,0.02797968,0.037682254,2024-04-05 03:22:00
0.029964719,0.03247913,0.028829424,0.16487236,0.025852375,0.038491763,0.0970771,0.021892201,0.02199158,0.058597352,0.02589764,0.11209411,0.030167153,0.018019244,0.04070384,0.40333524,0.02740852,0.016495677,0.032169405,0.03567418,0.030670077,0.019050578,0.027588593,0.021681048,0.27804315,0.028423311,0.02073644,0.032968346,2024-04-05 03:23:00
0.032964237,0.059707925,0.025959969,0.020229977,0.018244164,0.015920617,0.09334001,0.022849753,0.019311577,0.0461322,0.041954175,0.084614545,0.029014284,0.027669312,0.025163554,0.39972582,0.022977265,0.018992014,0.04708098,0.0449645,0.035635334,0.025412047,0.033254355,0.020919565,0.2961098,0.023894262,0.020787295,0.033455756,2024-04-05 03:24:00
0.031627078,0.032586575,0.025648344,0.01603244,0.025392925,0.023186505,0.09879339,0.023846464,0.01667536,0.06238653,0.020963974,0.054025475,0.0709712,0.017527083,0.028116105,0.38062644,0.025442898,0.028494941,0.03067286,0.03626535,0.024777599,0.021108674,0.013421835,0.022952657,0.296011,0.026145838,0.020875605,0.033046268,2024-04-05 03:25:00
0.043676108,0.041310836,0.034391258,0.024564737,0.017180204,0.06938134,0.097981006,0.023321873,0.02094591,0.04937621,0.024167249,0.027125636,0.024616882,0.025368862,0.012783931,0.48160413,0.058509093,0.04480309,0.043208916,0.044787746,0.03388758,0.015164544,0.0145572545,0.026031364,0.2726501,0.019362662,0.026987614,0.037861343,2024-04-05 03:26:00
0.032437213,0.04411377,0.033490177,0.0155227585,0.016853645,0.024994433,0.09586256,0.026331574,0.022512035,0.06402681,0.022223959,0.040998284,0.032862514,0.024367554,0.02991375,0.39676932,0.013789398,0.04529126,0.041380785,0.04058677,0.03448458,0.042321283,0.01895948,0.0150743425,0.27786908,0.035517,0.034570355,0.03375928,2024-04-05 03:27:00
0.036986172,0.042792294,0.03792637,0.013746037,0.023544595,0.023030091,0.0979101,0.019844359,0.019495541,0.05521431,0.039000064,0.013275764,0.028890872,0.021751847,0.011903537,0.37469208,0.025180332,0.039275184,0.04370844,0.04502116,0.032098647,0.019301157,0.02922108,0.027690664,0.29956755,0.024986101,0.02130626,0.033736527,2024-04-05 03:28:00
0.03203868,0.032878406,0.03174946,0.022772927,0.019516712,0.02351928,0.09676866,0.023184562,0.020500889,0.03708575,0.031159606,0.01656713,0.02915713,0.017785374,0.028229712,0.39111263,0.023081506,0.037526965,0.041710876,0.045078255,0.037973918,0.019861344,0.028369682,0.024459004,0.34971076,0.020631496,0.019938998,0.039440572,2024-04-05 03:29:00
0.03564627,0.03558811,0.027999457,0.024907155,0.027256833,0.022335365,0.09460553,0.024194896,0.023856549,0.0615458,0.03381684,0.03877294,0.030900264,0.01562916,0.032675497,0.37868804,0.020822575,0.030429766,0.03427457,0.03592316,0.036437023,0.017972896,0.023760185,0.020281594,0.3055452,0.022443837,0.025122589,0.036030885,2024-04-05 03:30:00
0.03521331,0.03335296,0.066217795,0.028386073,0.02727123,0.026622973,0.116433166,0.026780428,0.021933448,0.043194734,0.032721043,0.029064277,0.07270393,0.023953035,0.02484397,0.41465995,0.025386317,0.042344764,0.04801027,0.044970438,0.032832924,0.017809926,0.020082287,0.0266977,0.43167087,0.02409042,0.022817563,0.03616064,2024-04-05 03:31:00
0.038648326,0.0774169,0.11001567,0.014157404,0.030376716,0.025936147,0.0957251,0.02190757,0.019894034,0.054701913,0.02203488,0.02518269,0.04173461,0.020354068,0.022236792,0.41914427,0.01971568,0.060689237,0.06876732,0.040507287,0.035614368,0.03194756,0.015249508,0.06129466,0.43189108,0.034526538,0.018316727,0.025761813,2024-04-05 03:32:00
0.03772612,0.04873707,0.1456032,0.018128982,0.014698752,0.01975146,0.09656408,0.02422307,0.016093852,0.06138809,0.027097858,0.029738678,0.0507654,0.022157988,0.02576042,0.43386176,0.024444163,0.038755145,0.040750973,0.045267534,0.035164595,0.011693025,0.022099463,0.025103204,0.38440743,0.023101322,0.021359526,0.035740506,2024-04-05 03:33:00
0.034517616,0.058263738,0.032918226,0.016494168,0.019862063,0.023361215,0.0956828,0.030435553,0.024884673,0.03984095,0.040744238,0.021078406,0.028813092,0.01889801,0.013813304,0.44398135,0.04421965,0.051261853,0.04605212,0.044864662,0.036508713,0.022440238,0.024433428,0.020545162,0.35862818,0.022232099,0.02621767,0.045290362,2024-04-05 03:34:00
0.03212851,0.039996427,0.04112781,0.019762022,0.022863349,0.029801201,0.095820196,0.017221622,0.015592589,0.031624638,0.047279622,0.03845286,0.030707913,0.024437243,0.025485318,0.4623499,0.017995022,0.038596645,0.051021397,0.04544103,0.050544895,0.018397437,0.024424613,0.02900324,0.3747661,0.028679602,0.02747076,0.03801953,2024-04-05 03:35:00
0.03486809,0.038524963,0.033315353,0.061287217,0.036801297,0.024261754,0.09480389,0.021952372,0.022250062,0.06464132,0.029333077,0.028419834,0.031122236,0.0147002665,0.018661082,0.47086006,0.04485769,0.036608003,0.043644004,0.044824738,0.03841161,0.027301697,0.012610616,0.020342184,0.38129827,0.031484365,0.027262554,0.04244125,2024-04-05 03:36:00
0.041722026,0.03204739,0.034817956,0.024770245,0.020894969,0.020641671,0.09804132,0.021536961,0.016159173,0.039564054,0.033848155,0.025920426,0.04306059,0.03323839,0.02080926,0.5120918,0.022329293,0.030664822,0.042881254,0.04508237,0.03874311,0.022148961,0.02274321,0.016737351,0.39422053,0.021685924,0.017132219,0.033173632,2024-04-05 03:37:00
0.03013963,0.03250487,0.035099335,0.014877936,0.021494087,0.028822077,0.09595139,0.02210867,0.019306537,0.03747706,0.044492804,0.12529308,0.07619856,0.015075899,0.032929786,0.5758314,0.024294415,0.035785437,0.038168877,0.036149193,0.03568882,0.019999398,0.021380572,0.018128108,0.38744074,0.021441497,0.046106134,0.03569816,2024-04-05 03:38:00
0.048634216,0.03376287,0.039814103,0.017682817,0.019672252,0.1038786,0.096237004,0.02186184,0.014579487,0.031718984,0.046408873,0.12161036,0.04465838,0.026135325,0.026410086,0.45106488,0.020315869,0.025917737,0.039210953,0.04484339,0.035115514,0.017932978,0.019080816,0.023404272,0.37736645,0.027409304,0.026818344,0.02387808,2024-04-05 03:39:00
0.043353777,0.040602226,0.021395514,0.034529965,0.019765582,0.11980297,0.10738592,0.024244394,0.024750125,0.057524353,0.03758363,0.039273836,0.038205933,0.012046916,0.01577382,0.49473494,0.019321568,0.03814649,0.0365826,0.045545995,0.036701005,0.028485732,0.021914251,0.017544592,0.3847571,0.025553508,0.019169655,0.03879295,2024-04-05 03:40:00
0.03781108,0.041184723,0.020999953,0.01880962,0.021614276,0.19495185,0.09665652,0.02089111,0.009868538,0.046646133,0.024404768,0.01474669,0.02544994,0.07299696,0.012642438,0.42490557,0.02279987,0.044353653,0.03602393,0.035695583,0.029210612,0.020881344,0.02398507,0.027180415,0.41890213,0.024128007,0.020396609,0.036066182,2024-04-05 03:41:00
0.036831334,0.015479601,0.028912257,0.019604422,0.040155355,0.026545502,0.093679436,0.027329164,0.025882045,0.049438655,0.030064574,0.075830474,0.03536314,0.031458773,0.017223824,0.52804345,0.02514451,0.03886172,0.03251728,0.04805085,0.037429783,0.012926568,0.013710016,0.023723632,0.42514983,0.026037076,0.038014352,0.03684065,2024-04-05 03:42:00
0.034514,0.038291965,0.023840602,0.015173342,0.020448789,0.012866598,0.09649512,0.02216426,0.025209276,0.048209425,0.03416723,0.037298895,0.07793276,0.030193105,0.01791508,0.5328715,0.021680413,0.042663723,0.039155774,0.0411693,0.036879078,0.01727018,0.024165183,0.019398356,0.36653647,0.029526507,0.026601162,0.04223023,2024-04-05 03:43:00
0.02646039,0.047278702,0.030053394,0.020789145,0.019474924,0.023050973,0.09913674,0.020981582,0.045793235,0.06213556,0.0392568,0.015126359,0.033921935,0.018222919,0.03390548,0.50723666,0.01305257,0.04304507,0.03512231,0.036326576,0.03697626,0.020454021,0.015023351,0.03272939,0.37676272,0.025751414,0.01699482,0.037993863,2024-04-05 03:44:00
0.027652562,0.03373167,0.026476609,0.03891779,0.03418198,0.059420686,0.28363997,0.019998994,0.08478034,0.03720895,0.03610638,0.056862023,0.039629754,0.027383585,0.014881381,0.45835012,0.039849903,0.04074808,0.033917874,0.036336984,0.028342508,0.019948449,0.013704784,0.028357979,0.39959002,0.022540323,0.01934106,0.04293431,2024-04-05 03:45:00
0.03353069,0.03894409,0.030739328,0.015570474,0.023145825,0.02724389,0.09774029,0.015010203,0.06806356,0.059173007,0.042804416,0.064217106,0.019755939,0.021629613,0.035522453,0.495078,0.027520388,0.040629048,0.038058955,0.040163208,0.03349204,0.030356038,0.035191167,0.01563815,0.37050346,0.027791888,0.021042155,0.03681716,2024-04-05 03:46:00
0.025223693,0.021163026,0.028915184,0.014248136,0.024113106,0.027531145,0.09681717,0.02289081,0.21303867,0.061566286,0.030530257,0.045559566,0.031542815,0.026630538,0.014075203,0.4277346,0.016033638,0.02954295,0.08153582,0.04791454,0.046500262,0.029231735,0.019494317,0.019698812,0.45411044,0.023202416,0.08657972,0.034038667,2024-04-05 03:47:00
0.03608759,0.043783203,0.03123593,0.013253004,0.02231918,0.018594304,0.098627694,0.017693061,0.021327887,0.053840373,0.03704414,0.0345347,0.045737203,0.018381253,0.032978695,0.53920394,0.04930599,0.045318905,0.03447395,0.044996887,0.031782396,0.013174694,0.01658714,0.026755791,0.42302847,0.029896522,0.026218934,0.035041366,2024-04-05 03:48:00
0.027452273,0.052282702,0.027007023,0.014709273,0.022115195,0.023322584,0.098574094,0.030307192,0.018915948,0.05162384,0.033497564,0.014662177,0.035754044,0.025649589,0.02144725,0.5171999,0.025234293,0.034725863,0.02158694,0.04484275,0.034021888,0.02593279,0.026335804,0.022656977,0.38751495,0.030305138,0.021815108,0.037825633,2024-04-05 03:49:00
0.03350328,0.028041814,0.023936085,0.031641968,0.0182373,0.020498263,0.09650015,0.024500184,0.013873399,0.057434298,0.03749137,0.03447778,0.02815208,0.024037933,0.017744558,0.54795814,0.019758116,0.042131767,0.053958334,0.035927314,0.051850278,0.017139727,0.021233028,0.017935138,0.37060994,0.025842143,0.03466885,0.0399238,2024-04-05 03:50:00
0.032839175,0.041937582,0.03464556,0.11100852,0.021324586,0.019087791,0.098133646,0.023911368,0.026890198,0.05525909,0.034122974,0.026862446,0.054741334,0.019745156,0.017766155,0.5555358,0.0095462,0.0421589,0.037745323,0.035533864,0.032711532,0.019921038,0.019767182,0.033929445,0.37876028,0.028590575,0.015535356,0.036157575,2024-04-05 03:51:00
0.033198785,0.04185148,0.028280662,0.024526186,0.025723223,0.026795857,0.098778896,0.022751661,0.01790642,0.04079539,0.02748228,0.024668727,0.08867987,0.032861784,0.034384742,0.01576323,0.012549161,0.04016864,0.031000923,0.04487307,0.035231266,0.016353905,0.01572033,0.02076082,0.432065,0.023579402,0.021688992,0.036736973,2024-04-05 03:52:00
0.03739944,0.041009635,0.03191972,0.020341268,0.017047776,0.03796552,0.10085773,0.064089045,0.045065913,0.040307194,0.031162156,0.095389046,0.03057253,0.022632977,0.015388545,0.01696226,0.023406507,0.026912427,0.04285023,0.036151674,0.03894096,0.016361194,0.019600952,0.02109523,0.41812223,0.020563658,0.02473336,0.07851193,2024-04-05 03:53:00
0.03159024,0.045395456,0.04375577,0.0328412,0.024125215,0.034413602,0.09869079,0.023704842,0.021397056,0.036838964,0.02287086,0.041254997,0.026444603,0.077250324,0.013783448,0.039139364,0.015189018,0.045154586,0.05287522,0.04490902,0.038627982,0.018663103,0.017879542,0.04275415,0.3530612,0.026503418,0.021201344,0.024554579,2024-04-05 03:54:00
0.036734544,0.050863758,0.028734913,0.028924093,0.02903589,0.022552617,0.08703747,0.011253776,0.014804986,0.04853395,0.04762619,0.008014134,0.029008038,0.02715798,0.013965581,0.016521383,0.026228448,0.02939851,0.046428043,0.03638442,0.030319568,0.021306327,0.015709264,0.02284717,0.40919632,0.028140716,0.029457863,0.023394052,2024-04-05 03:55:00
0.039932676,0.037339058,0.03668759,0.023119511,0.028790513,0.022248212,0.08073464,0.060658462,0.019537218,0.070444055,0.040578924,0.03970816,0.028508794,0.021422418,0.013430393,0.42958093,0.008746889,0.04003128,0.052982505,0.03556918,0.03709002,0.029594203,0.015330225,0.013061562,0.39063978,0.027567945,0.021814197,0.03044885,2024-04-05 03:56:00
0.033823457,0.037570618,0.027803952,0.023002064,0.02429514,0.021963391,0.078351274,0.020227287,0.017609864,0.06458547,0.0290265,0.021513589,0.0363078,0.025550472,0.02091699,0.1808734,0.023528721,0.043868914,0.036485564,0.036016207,0.028914675,0.022494003,0.03848892,0.024584198,0.42620414,0.025028808,0.018914584,0.037480548,2024-04-05 03:57:00
0.1872199,0.034345374,0.029721478,0.026031172,0.033195473,0.021515168,0.07855179,0.023964169,0.022520337,0.051217537,0.030140217,0.049582608,0.038773432,0.026664607,0.02645319,0.19673283,0.022554664,0.03472764,0.029988145,0.03634264,0.03525536,0.01950175,0.03400447,0.02400145,0.44942954,0.03162742,0.037012253,0.033305097,2024-04-05 03:58:00
0.035707626,0.041119874,0.08539671,0.02974244,0.01957686,0.023602376,0.083939955,0.015083518,0.014067345,0.038743116,0.03291512,0.015586601,0.07053445,0.019706082,0.016546661,0.028912203,0.015074653,0.040034078,0.035531387,0.035755213,0.029644325,0.015236477,0.016061725,0.020927874,0.4736069,0.030125694,0.021215392,0.036328264,2024-04-05 03:59:00
0.02632504,0.039444875,0.029750476,0.016583057,0.02013426,0.022693407,0.082279295,0.031723324,0.012972284,0.049858585,0.02934755,0.019847915,0.051367786,0.020892521,0.015140289,0.03771401,0.018829247,0.038644433,0.0498225,0.035725728,0.03208509,0.019627566,0.008809795,0.023960063,0.476483,0.04274959,0.026005335,0.03693966,2024-04-05 04:00:00
0.021643369,0.014780856,0.030292798,0.11004665,0.02435921,0.024427101,0.047609683,0.024932856,0.015012047,0.05017333,0.0399388,0.054530554,0.029951867,0.01755747,0.0667711,0.023564726,0.017458988,0.040062893,0.047673997,0.05298682,0.033757728,0.018012002,0.016845655,0.023938116,0.5005644,0.022911858,0.025551774,0.035254665,2024-04-05 04:01:00
0.03064504,0.03505417,0.03132721,0.014781027,0.039086286,0.023196911,0.07186395,0.029379288,0.018983014,0.05608377,0.032596424,0.09388263,0.039584246,0.020192726,0.014861724,0.025359584,0.038226806,0.04793449,0.052056983,0.08860657,0.03386928,0.017732657,0.019051455,0.02045296,0.47833478,0.030775174,0.024526622,0.016708048,2024-04-05 04:02:00
0.031425204,0.034427352,0.031038467,0.018726224,0.01269992,0.019819625,0.05823482,0.023183092,0.018084655,0.057580248,0.045977555,0.03069663,0.055262912,0.022722172,0.03923574,0.02492471,0.012224342,0.046749875,0.045423925,0.036189802,0.043711495,0.009306389,0.023935217,0.02100759,0.47945225,0.024069373,0.014051375,0.034921303,2024-04-05 04:03:00
0.03636031,0.044869993,0.028945526,0.014144876,0.03391216,0.06142475,0.05117669,0.023997974,0.017428258,0.04308526,0.03431106,0.04386284,0.029851133,0.018455945,0.053314183,0.024448186,0.01617645,0.03928564,0.05048969,0.044847135,0.034912392,0.025989449,0.017974116,0.023148097,0.49943534,0.023646267,0.027969502,0.044093046,2024-04-05 04:04:00
0.034368686,0.035256602,0.026575949,0.015850393,0.024672166,0.022208609,0.05464433,0.027167158,0.016997145,0.06227551,0.033433124,0.025686238,0.035265658,0.022049902,0.021858608,0.03227286,0.019706985,0.04139435,0.03825293,0.036542043,0.038564365,0.020242482,0.023828536,0.020985533,0.48429358,0.03232826,0.0174966,0.03252243,2024-04-05 04:05:00
0.035747487,0.047780663,0.023952186,0.015699303,0.030146925,0.018591225,0.048730157,0.030255765,0.020753829,0.057876855,0.031254966,0.055931292,0.053403635,0.017953396,0.022551486,0.025507174,0.023869589,0.03380493,0.040348925,0.11068262,0.027250482,0.017335655,0.009869479,0.018757468,0.47798902,0.028263979,0.018354008,0.053112622,2024-04-05 04:06:00
0.04713105,0.031474087,0.032111503,0.023030385,0.03147996,0.033524904,0.047867917,0.025156729,0.0315376,0.05784672,0.04174543,0.1302566,0.1585323,0.016059484,0.015506139,0.014486542,0.025843982,0.04373119,0.07924015,0.046316776,0.021215847,0.04022051,0.018767184,0.02017761,0.47283304,0.023695678,0.047355425,0.04353043,2024-04-05 04:07:00
0.026123583,0.040431775,0.027132375,0.019146074,0.017449902,0.022624021,0.053993996,0.024518874,0.01791398,0.055790246,0.025022898,0.06166419,0.038631264,0.017686963,0.049125955,0.019684128,0.025966208,0.027579296,0.036387738,0.035830062,0.02908401,0.024289686,0.0163479,0.024388088,0.114028975,0.028724352,0.017581,0.040139157,2024-04-05 04:08:00
0.024024514,0.044051107,0.035089944,0.02382692,0.028077606,0.016274497,0.05532084,0.024227137,0.022567336,0.040107574,0.020815594,0.14435096,0.029049013,0.023856072,0.03356794,0.020852542,0.017478539,0.041794576,0.08290911,0.035864156,0.025819335,0.019507743,0.021285078,0.02360891,0.07770553,0.026928728,0.020734552,0.034167137,2024-04-05 04:09:00
0.035534456,0.0277569,0.020463502,0.024632307,0.022485537,0.021396471,0.0710984,0.01959213,0.013881413,0.055978976,0.035523415,0.11641171,0.083734415,0.017527478,0.01838706,0.015958793,0.023791982,0.038280766,0.037086543,0.038849205,0.031264283,0.030666653,0.020251062,0.02472693,0.062887065,0.02815904,0.022269163,0.038613237,2024-04-05 04:10:00
0.024450075,0.035247672,0.024120118,0.024182308,0.024399113,0.03965502,0.09303628,0.025299495,0.021134282,0.034708314,0.029448533,0.06393729,0.040241983,0.033139028,0.023073526,0.014133675,0.028688882,0.026339596,0.027348408,0.03850038,0.052070107,0.035739,0.017938154,0.02523953,0.4836352,0.0288685,0.02201997,0.026175357,2024-04-05 04:11:00
0.028565159,0.026415985,0.02585745,0.020841077,0.023548799,0.016217032,0.06014189,0.020059586,0.022394445,0.051822405,0.024688834,0.13944542,0.0138709415,0.033033524,0.014073535,0.036953297,0.022670746,0.025827235,0.044066507,0.0365583,0.041057955,0.022062844,0.00895767,0.019421019,0.47266063,0.02649255,0.026871528,0.036021747,2024-04-05 04:12:00
0.028274285,0.07850182,0.03932665,0.0134167,0.016586566,0.024176916,0.060247008,0.022199012,0.019459315,0.043283373,0.04192134,0.043412477,0.055051394,0.06967231,0.014305602,0.026121568,0.01797205,0.029962124,0.029546702,0.04380393,0.036518086,0.01884671,0.015634498,0.046194326,0.4779103,0.031543467,0.019745616,0.03307796,2024-04-05 04:13:00
0.03611042,0.037470207,0.03049699,0.023357535,0.029447837,0.025007768,0.06499994,0.025915232,0.016839096,0.06597076,0.041150816,0.02039499,0.0373965,0.035998758,0.016556442,0.03589679,0.026606465,0.037237335,0.038755268,0.042545717,0.03723822,0.020821756,0.0153478915,0.026993379,0.521228,0.024999596,0.025394868,0.03749019,2024-04-05 04:14:00
0.030082693,0.029533455,0.027912416,0.026237596,0.016936772,0.044986382,0.051798448,0.022746986,0.023402508,0.059339244,0.03745194,0.09774716,0.026437894,0.0915446,0.024291134,0.035519704,0.028209649,0.030737383,0.041885585,0.04514274,0.02703903,0.018910125,0.023450991,0.024545848,0.4985577,0.023694322,0.02771898,0.037537232,2024-04-05 04:15:00
0.030177584,0.01407065,0.027469967,0.032050677,0.023084998,0.020683784,0.055982072,0.016068468,0.014709636,0.046041436,0.035892427,0.0130561255,0.02548057,0.029676275,0.014289823,0.026563138,0.020569755,0.040902678,0.049707647,0.035674624,0.03268794,0.0203331,0.013916707,0.023318887,0.40747896,0.026420131,0.023261575,0.045793205,2024-04-05 04:16:00
0.028357288,0.040428862,0.033946365,0.023219187,0.02050981,0.022849508,0.022461437,0.024985643,0.020047987,0.0392253,0.033182994,0.028908113,0.03056045,0.027484689,0.0138433175,0.040820837,0.0155577725,0.050390642,0.053770624,0.045100622,0.04051972,0.026649458,0.017540084,0.022282822,0.3373708,0.03026411,0.028998276,0.039531093,2024-04-05 04:17:00
0.022955067,0.039689537,0.02872564,0.016500667,0.041744743,0.018680561,0.055614937,0.021562912,0.014031671,0.11870557,0.031309523,0.03439811,0.06962802,0.031346094,0.01267138,0.04123056,0.025024373,0.034527022,0.08070794,0.039127827,0.02762347,0.021179585,0.010420097,0.020585189,0.14754759,0.025009355,0.020549076,0.03250342,2024-04-05 04:18:00
0.03239621,0.040272083,0.035251763,0.02348913,0.026006183,0.0229267,0.11011408,0.017789317,0.012773807,0.03513534,0.027653428,0.038064606,0.026236903,0.025824586,0.014047665,0.034836166,0.022373615,0.016294925,0.04793539,0.036180273,0.028408365,0.018641114,0.01784016,0.017558528,0.16063017,0.019426752,0.02020666,0.023318635,2024-04-05 04:19:00
0.03387016,0.025343735,0.02746252,0.022006834,0.03001407,0.013579404,0.052089646,0.022171501,0.015465007,0.03573275,0.022542562,0.050650585,0.02620713,0.033580963,0.029608328,0.03371216,0.018510725,0.041665908,0.046894237,0.03949596,0.027786735,0.016201347,0.017069818,0.021857763,0.15182696,0.029184254,0.019327404,0.025011238,2024-04-05 04:20:00
0.027212325,0.055872813,0.032765917,0.014025441,0.02828268,0.01563585,0.051861107,0.02631585,0.02041686,0.04628091,0.026034832,0.024886979,0.033248242,0.034316186,0.014685115,0.032498244,0.020960469,0.03740639,0.04860894,0.044852875,0.033336997,0.024380328,0.017075483,0.019673297,0.16109799,0.026510673,0.027298868,0.027500745,2024-04-05 04:21:00
0.014261812,0.04515448,0.038940664,0.022745445,0.021410221,0.01812295,0.05313018,0.016205182,0.012628731,0.05778621,0.04171685,0.035672903,0.028600305,0.020128809,0.017626759,0.03202652,0.015975576,0.0439902,0.045587458,0.045497194,0.03815794,0.032676287,0.016729442,0.016291754,0.1531799,0.023028467,0.026764048,0.036080983,2024-04-05 04:22:00
0.055432606,0.02049023,0.03999097,0.03277264,0.032804143,0.024188917,0.05336727,0.021123039,0.03499025,0.06614565,0.03728518,0.026383514,0.031417385,0.023853207,0.021214418,0.03202475,0.029463124,0.045257274,0.05230212,0.03560845,0.029684832,0.019492453,0.014457389,0.022677444,0.1494888,0.02550375,0.074613765,0.037248887,2024-04-05 04:23:00
0.02959517,0.031306952,0.034927495,0.014885643,0.020266138,0.02131923,0.049339555,0.022528848,0.016212402,0.04189515,0.038825598,0.037630714,0.030783786,0.03753525,0.012109734,0.039800435,0.037855484,0.039798204,0.046562243,0.045145497,0.046181396,0.021795833,0.034868155,0.037122205,0.21865231,0.022900732,0.03250544,0.03351737,2024-04-05 04:24:00
0.03522915,0.035745416,0.025569681,0.016701248,0.020619065,0.021156933,0.048267912,0.024557525,0.014515649,0.048122607,0.04123758,0.028881557,0.026332302,0.03483441,0.014480569,0.02615174,0.019685952,0.04348189,0.0409167,0.03575788,0.0296492,0.016760357,0.019398341,0.023506857,0.2429847,0.026704075,0.08144982,0.038594753,2024-04-05 04:25:00
0.038033962,0.0436045,0.03141256,0.015502527,0.017691271,0.027583435,0.049224436,0.09425614,0.017200409,0.031033648,0.03852532,0.044706024,0.041538715,0.04184473,0.014302578,0.034452893,0.022835344,0.01700313,0.050630916,0.035957873,0.03840038,0.017296212,0.014412829,0.016543252,0.30190307,0.025597129,0.028523525,0.038069926,2024-04-05 04:26:00
0.030939233,0.0686457,0.028627744,0.014674854,0.025377557,0.02245475,0.047836658,0.022926508,0.018938757,0.049206063,0.031054216,0.016192442,0.025584368,0.031958465,0.024945937,0.035345037,0.031656384,0.038337074,0.04186803,0.04482937,0.03697132,0.02544613,0.018285343,0.055608384,0.25769258,0.025314273,0.025985384,0.042347103,2024-04-05 04:27:00
0.03520874,0.04269351,0.033151582,0.021183798,0.0185324,0.018180508,0.048283633,0.021331247,0.019653775,0.044829592,0.037640557,0.042835183,0.040415496,0.035463754,0.013224385,0.04135469,0.029265251,0.040756553,0.04172604,0.04482256,0.03721083,0.018877037,0.018124972,0.023339642,0.33591366,0.021446355,0.026509445,0.038945727,2024-04-05 04:28:00
0.03224393,0.030500382,0.027625341,0.014051842,0.06632881,0.020187087,0.047326174,0.023379456,0.018805675,0.038552087,0.040180746,0.020334342,0.041939497,0.03327701,0.024625262,0.04032905,0.036014862,0.042402424,0.04162853,0.04482307,0.036696963,0.016322065,0.015620465,0.02256319,0.31569532,0.028234476,0.026732326,0.037358757,2024-04-05 04:29:00
0.031375784,0.031031834,0.02410443,0.016062072,0.07695711,0.02316402,0.048577614,0.03432931,0.023903225,0.063585974,0.035487194,0.031108959,0.045348678,0.031855967,0.014422203,0.036140703,0.022829108,0.04273805,0.039640885,0.044779975,0.03428328,0.022706054,0.016521085,0.044302616,0.29947546,0.024051208,0.030571058,0.035217322,2024-04-05 04:30:00
0.03238737,0.034673534,0.020859933,0.02227991,0.024604125,0.025520692,0.04948992,0.02222311,0.030047696,0.04511834,0.040448744,0.029019143,0.02993019,0.11711049,0.03166611,0.04148797,0.019604001,0.04528978,0.043606475,0.044953533,0.045213897,0.019647995,0.023890512,0.020048244,0.34420317,0.026659105,0.030111218,0.038288508,2024-04-05 04:31:00
0.03958214,0.026100807,0.038182743,0.020657258,0.019259827,0.07456626,0.067593694,0.028824495,0.025197402,0.068319306,0.041221894,0.03848992,0.027444022,0.036524672,0.014060305,0.033335023,0.018641736,0.037099123,0.042949256,0.044878937,0.037059117,0.028346224,0.01783933,0.026276644,0.36241055,0.04101223,0.026233349,0.03334496,2024-04-05 04:32:00
0.029022304,0.04735514,0.034356683,0.015426714,0.040524494,0.015826624,0.047718704,0.02499192,0.022619024,0.050777033,0.039407395,0.02283387,0.04190444,0.024514323,0.0224992,0.03797495,0.013112195,0.040767968,0.042235177,0.044947732,0.038694188,0.01545501,0.03188513,0.031464856,0.35698804,0.020549983,0.061890483,0.03343545,2024-04-05 04:33:00
0.028201167,0.03187598,0.02920595,0.030252859,0.020042172,0.022322964,0.05012822,0.031895414,0.03194323,0.054325905,0.041591126,0.017437385,0.03984523,0.025018055,0.019224958,0.040373188,0.014139057,0.017376507,0.037344683,0.04488653,0.027822938,0.014111739,0.012881211,0.01888393,0.39893177,0.02373136,0.021615516,0.037259553,2024-04-05 04:34:00
0.03352849,0.043772582,0.029917132,0.020428047,0.02109412,0.022824004,0.04730754,0.022359043,0.02567017,0.071661614,0.038936406,0.03135229,0.0401605,0.020782525,0.014219568,0.03535986,0.024653047,0.044320483,0.03658895,0.044992212,0.038637415,0.03288956,0.014391376,0.01964332,0.4022727,0.02766813,0.029440297,0.036852643,2024-04-05 04:35:00
0.026239702,0.038973592,0.03275134,0.012453103,0.025856791,0.023680566,0.047884926,0.025033226,0.016452713,0.06196048,0.041688364,0.036875147,0.037792232,0.03582411,0.034793936,0.028816732,0.022033479,0.035567254,0.075814605,0.039210167,0.036803685,0.024033708,0.039416254,0.021928707,0.41441506,0.02675254,0.017634198,0.022464944,2024-04-05 04:36:00
0.02927222,0.039559625,0.03345791,0.020971982,0.02215524,0.02217672,0.045999628,0.03164969,0.024214216,0.045616996,0.041889876,0.13296945,0.02862609,0.041110933,0.017566528,0.03174059,0.020285968,0.03696984,0.045631237,0.045777157,0.038240682,0.020313904,0.027625915,0.025851661,0.42542636,0.028094262,0.020457674,0.039821994,2024-04-05 04:37:00
0.031318966,0.039387286,0.041295357,0.015268651,0.021530421,0.021097118,0.048136625,0.025072781,0.017640823,0.042102717,0.037593048,0.16271263,0.042398524,0.039957337,0.019394897,0.038276233,0.022642942,0.04173027,0.044014882,0.04482491,0.0361268,0.018303264,0.01932133,0.023937045,0.45358503,0.026232962,0.03517069,0.037408873,2024-04-05 04:38:00
0.033509795,0.014461203,0.039061386,0.013055486,0.024379427,0.016895752,0.11841727,0.026933448,0.013231707,0.052356064,0.031029327,0.054037597,0.02649178,0.026500775,0.036190644,0.0398799,0.011548043,0.03831342,0.047489744,0.044958528,0.03135416,0.027621593,0.026405385,0.020107165,0.4071794,0.028222948,0.02658714,0.034706265,2024-04-05 04:39:00
0.02828385,0.05699361,0.040325344,0.021747962,0.020955678,0.018657438,0.05471388,0.019725073,0.020355973,0.04630077,0.040417645,0.05698304,0.025019692,0.04930268,0.01699597,0.036677748,0.017095951,0.03686535,0.033394877,0.044780087,0.03627415,0.02155941,0.021792302,0.018058373,0.39585575,0.023464367,0.027266348,0.03461712,2024-04-05 04:40:00
0.037075415,0.04148387,0.03614339,0.023064675,0.023780888,0.022750618,0.047929708,0.025512815,0.015851486,0.060974266,0.03491868,0.16491304,0.034310177,0.03605024,0.02211378,0.039265282,0.030062217,0.027127279,0.050533026,0.044473413,0.052196357,0.03797768,0.028769964,0.019529514,0.4230232,0.025385562,0.0140903145,0.038061507,2024-04-05 04:41:00
0.035551578,0.029718399,0.034162883,0.014715008,0.03250084,0.019057421,0.12301412,0.0274108,0.017667323,0.06354757,0.02946116,0.06696725,0.08073664,0.040105227,0.016859617,0.034731735,0.02563858,0.029273985,0.031770334,0.04476971,0.040088285,0.014030633,0.03512721,0.022904878,0.38025385,0.02424449,0.026785288,0.038764086,2024-04-05 04:42:00
0.030790677,0.033157695,0.037449457,0.019760214,0.034476787,0.02116161,0.11696746,0.016649429,0.025227763,0.057794172,0.029220268,0.15584128,0.025612485,0.036593676,0.017884096,0.039380673,0.023394573,0.03941269,0.030020364,0.036052104,0.02743073,0.020649433,0.014871491,0.0128981145,0.43190956,0.024697537,0.019431723,0.03910494,2024-04-05 04:43:00
0.030356724,0.01966072,0.03763772,0.026387727,0.019868044,0.019950299,0.04883526,0.024615034,0.024478061,0.050055042,0.034813654,0.0499975,0.09669453,0.044704728,0.02166736,0.027381584,0.01256136,0.04045902,0.06419822,0.0364027,0.04047762,0.020410286,0.024086898,0.023355447,0.4172643,0.029197115,0.018570557,0.034272764,2024-04-05 04:44:00
0.03141748,0.042803936,0.05126889,0.0146021675,0.01416873,0.020550279,0.04804998,0.018736176,0.025467258,0.033712972,0.02625098,0.06140422,0.018983174,0.036403306,0.015255742,0.037768364,0.017481074,0.039390188,0.04927056,0.048408054,0.039382443,0.0180621,0.027351707,0.018983107,0.4453878,0.024493696,0.020724474,0.037237253,2024-04-05 04:45:00
0.033867497,0.032877494,0.038940992,0.017357225,0.03215483,0.024109788,0.047576204,0.027339635,0.027801208,0.057855528,0.032916572,0.06266988,0.027255243,0.09592694,0.021636333,0.028980354,0.03824535,0.029338604,0.052808236,0.044820588,0.030390501,0.009647933,0.015673451,0.028991714,0.46356848,0.024867168,0.033377144,0.03396962,2024-04-05 04:46:00
0.032258067,0.03507321,0.047673326,0.016010378,0.017182576,0.022243759,0.20765792,0.021124791,0.034033637,0.056148943,0.034983538,0.05135263,0.032955516,0.038061816,0.015145126,0.037158683,0.03581497,0.045000035,0.044839367,0.04340841,0.03874016,0.019029818,0.01636897,0.019160714,0.43579084,0.026208896,0.029149814,0.03764972,2024-04-05 04:47:00
0.033450037,0.039307803,0.023174116,0.02553152,0.016217582,0.020461516,0.086364545,0.025478713,0.016128302,0.055032086,0.02847968,0.058678262,0.028007666,0.03161611,0.039596222,0.059681185,0.020104554,0.039739415,0.045395184,0.045795336,0.040093888,0.020699246,0.023167469,0.038665406,0.45582396,0.0272062,0.0223158,0.037743658,2024-04-05 04:48:00
0.036057305,0.046686687,0.042115528,0.019209078,0.019549247,0.016154071,0.0916719,0.018930398,0.022729555,0.03507802,0.03625969,0.10601216,0.06838069,0.04022353,0.02051023,0.031608857,0.023515232,0.035439864,0.032065433,0.04312261,0.047115203,0.020228684,0.024448005,0.030107187,0.45314074,0.026446875,0.018257186,0.032253675,2024-04-05 04:49:00
0.030691596,0.038605146,0.05252679,0.015364577,0.018787036,0.022132292,0.086320035,0.05319946,0.025988635,0.04415681,0.026357653,0.07888444,0.058881678,0.06539035,0.01865482,0.033913404,0.014572021,0.042826235,0.04641372,0.03901689,0.052836217,0.022716645,0.056419972,0.01995585,0.46276906,0.026001098,0.020396315,0.036806066,2024-04-05 04:50:00
0.030683812,0.03884476,0.036969066,0.01999664,0.026500188,0.022920482,0.087965846,0.026438395,0.021433879,0.042300995,0.03258211,0.04748648,0.06911549,0.04751874,0.01617334,0.038274325,0.037848707,0.032702558,0.025474489,0.04486567,0.036393713,0.022426806,0.026669946,0.024542615,0.45281088,0.025014475,0.09370416,0.04301987,2024-04-05 04:51:00
0.034893148,0.038038783,0.038100448,0.023693042,0.016035642,0.021912405,0.08624324,0.024442658,0.022962203,0.03643094,0.031204777,0.08114019,0.03028219,0.054682776,0.038260885,0.02330589,0.0152583495,0.04233174,0.05408665,0.044973288,0.03858756,0.016813952,0.023297165,0.022909377,0.4576896,0.020357879,0.026381895,0.030690357,2024-04-05 04:52:00
0.029827066,0.042952858,0.037422836,0.03049264,0.028020417,0.02324755,0.09109329,0.038196083,0.018546905,0.03912966,0.039235882,0.07902172,0.028343342,0.049424633,0.017318966,0.062722236,0.016274005,0.04071919,0.045151245,0.035624236,0.03708196,0.028510658,0.015581116,0.012154889,0.43919978,0.023321453,0.019420166,0.04872907,2024-04-05 04:53:00
0.03792601,0.04405294,0.03579393,0.025232961,0.017323919,0.022291545,0.08502661,0.024455896,0.022420712,0.055574417,0.045988683,0.04222036,0.03257069,0.049245518,0.018622255,0.034968965,0.03840497,0.046007395,0.044526514,0.045020625,0.034873243,0.021059616,0.032349907,0.024349844,0.40837902,0.022112774,0.027511124,0.033949994,2024-04-05 04:54:00
0.041818887,0.040406696,0.039754372,0.025251435,0.027473837,0.043026384,0.08578114,0.03585328,0.02041288,0.05941888,0.047870006,0.12656742,0.03456623,0.052088782,0.032320872,0.05811169,0.023662593,0.03955691,0.033498533,0.044925258,0.045948528,0.019869337,0.026282094,0.022404162,0.44606006,0.02371765,0.01473431,0.03329087,2024-04-05 04:55:00
0.01871305,0.037296742,0.04264889,0.022687217,0.026910054,0.021032743,0.08936608,0.026056021,0.017455649,0.057643857,0.04017191,0.16000585,0.07545888,0.044247538,0.021618929,0.03412058,0.02885979,0.03771454,0.08690821,0.040205818,0.032829218,0.01580386,0.014119154,0.02440232,0.42746156,0.027804311,0.02346594,0.035486374,2024-04-05 04:56:00
0.03448379,0.038813308,0.050611723,0.03686913,0.02291694,0.020465074,0.08364447,0.019380286,0.016715936,0.049588304,0.036682043,0.12472487,0.047813635,0.048647135,0.02054894,0.032712497,0.018456152,0.03660086,0.0386859,0.03559636,0.03659883,0.019771187,0.013690305,0.026004935,0.43226278,0.020725904,0.019279948,0.037038412,2024-04-05 04:57:00
0.033241004,0.039968643,0.033958923,0.017371643,0.02315545,0.021407241,0.10447309,0.022008298,0.022975598,0.04962032,0.013711603,0.114746846,0.039614342,0.13383009,0.016940039,0.014700733,0.017759204,0.029988391,0.03634007,0.04375767,0.03705674,0.02072848,0.013650567,0.022686535,0.4081273,0.027678682,0.035209954,0.039378773,2024-04-05 04:58:00
0.031239633,0.01519483,0.03256734,0.020123797,0.019784838,0.021262722,0.08041278,0.023451574,0.021950563,0.049035672,0.0392387,0.18758349,0.03909331,0.12256001,0.028892927,0.023880478,0.022250583,0.040584907,0.035462078,0.0449486,0.036083944,0.022525862,0.017290441,0.018479614,0.38139307,0.023867643,0.028285287,0.04605792,2024-04-05 04:59:00
0.024078911,0.03487206,0.03781717,0.01545503,0.029758934,0.024260249,0.08131503,0.019294549,0.015810493,0.045127805,0.034418046,0.13634281,0.029351033,0.3510074,0.022596454,0.017153505,0.027627867,0.036650315,0.04639499,0.036381356,0.04980661,0.020973314,0.013294745,0.02457884,0.4511022,0.027396213,0.049212284,0.037382696,2024-04-05 05:00:00
0.030010525,0.037063364,0.032216728,0.026436862,0.020485308,0.023481462,0.0802107,0.030524807,0.02311872,0.04116987,0.031810343,0.18704182,0.030193591,0.53764594,0.04295546,0.0147996815,0.0112506775,0.038749017,0.036523875,0.03582001,0.040436868,0.01965831,0.0279358,0.021808647,0.37091288,0.02653536,0.017792037,0.037314706,2024-04-05 05:01:00
0.031959575,0.041190784,0.033061594,0.013783296,0.026741976,0.020958418,0.07774022,0.026688296,0.024985759,0.053263314,0.024923366,0.07923794,0.03243942,0.2718717,0.019863207,0.016048405,0.021650668,0.036975056,0.035348777,0.045072105,0.03756685,0.019239515,0.028249793,0.020798255,0.41013798,0.029408945,0.023689207,0.039460413,2024-04-05 05:02:00
0.04005393,0.04336856,0.035333037,0.02111121,0.031889554,0.01935323,0.078825474,0.020501943,0.015958853,0.03387145,0.026382504,0.06369618,0.029208858,0.43080616,0.029821003,0.026874833,0.021898622,0.04502346,0.048202135,0.04505898,0.037007537,0.017752875,0.041654248,0.036065053,0.3761493,0.0210293,0.06035419,0.03788556,2024-04-05 05:03:00
0.030938357,0.04428027,0.03745149,0.014282412,0.024994554,0.01500513,0.079633065,0.033255033,0.021179436,0.04825193,0.03752052,0.06066525,0.033670742,0.32612374,0.029503943,0.023491962,0.02546517,0.039277993,0.038338702,0.035603397,0.035506878,0.020562276,0.014467664,0.022130737,0.37865192,0.034869783,0.01648345,0.04261012,2024-04-05 05:04:00
0.033334926,0.032786142,0.041497782,0.027609421,0.024034875,0.02362537,0.07693483,0.016603854,0.019445121,0.059715994,0.026551299,0.061163615,0.031545307,0.528679,0.012557344,0.01532765,0.02160988,0.03844631,0.04503305,0.036355484,0.038185637,0.02131475,0.015162437,0.020057961,0.41381133,0.02928438,0.019686287,0.032228913,2024-04-05 05:05:00
0.035239033,0.032549452,0.035740547,0.020547336,0.024743976,0.024247656,0.08603304,0.11910707,0.021810973,0.061511464,0.044977713,0.05185856,0.025513053,0.26365638,0.028513936,0.03274925,0.017026141,0.042661756,0.03782656,0.045209993,0.03702308,0.02937623,0.023605643,0.018171977,0.4212661,0.030458273,0.024127258,0.035092484,2024-04-05 05:06:00
0.026721613,0.032208797,0.030135406,0.017421009,0.01751832,0.023663417,0.07615437,0.023185866,0.024113908,0.04793747,0.025975173,0.0436588,0.03044165,0.34695098,0.01858874,0.024377836,0.014258746,0.030124312,0.021123882,0.04515529,0.04207979,0.022136632,0.016393213,0.02127279,0.4224741,0.025352554,0.027760241,0.037184693,2024-04-05 05:07:00
0.028537042,0.03307439,0.031471975,0.16625665,0.016478853,0.015265083,0.08029981,0.02186795,0.02801494,0.053871755,0.04425438,0.0284871,0.03412975,0.30811048,0.02773106,0.028119143,0.010775443,0.037565097,0.036885396,0.045090113,0.035065077,0.017798169,0.024819182,0.020173399,0.4092765,0.025456639,0.026509583,0.03861095,2024-04-05 05:08:00
0.026661612,0.037451893,0.02783902,0.023844501,0.020175284,0.021204399,0.17320307,0.02934838,0.024683718,0.0682169,0.030157138,0.12501863,0.09284326,0.62079763,0.019337049,0.0341733,0.01194928,0.032321192,0.022967692,0.044848364,0.03694685,0.016393669,0.025673423,0.02107498,0.42686936,0.039595984,0.020654736,0.023448722,2024-04-05 05:09:00
0.033440553,0.039093964,0.17086098,0.016832579,0.025813732,0.022198834,0.14426671,0.01961931,0.015464537,0.070942566,0.04373015,0.28992343,0.044306755,0.23673618,0.043758232,0.029956333,0.021129174,0.014026586,0.033408392,0.04386293,0.034953974,0.020512922,0.022788927,0.015464667,0.46452492,0.027623685,0.026349157,0.03803013,2024-04-05 05:10:00
0.02903972,0.042971212,0.029129306,0.01884197,0.023198083,0.02645972,0.12680963,0.021433719,0.01481583,0.039094873,0.039832864,0.0739824,0.035471257,0.44178933,0.014965953,0.030200824,0.032823496,0.045526493,0.049329113,0.04505992,0.034402255,0.022225857,0.014834966,0.029135289,0.4676713,0.023805138,0.02434863,0.034859423,2024-04-05 05:11:00
0.028480766,0.042386957,0.029399456,0.016330391,0.01975252,0.024211118,0.12642503,0.03219346,0.010111143,0.041714013,0.037695177,0.053093474,0.032194164,0.38404334,0.016091863,0.02398537,0.015558886,0.04186122,0.034875955,0.04482757,0.0657756,0.032048363,0.03410751,0.015936194,0.49729282,0.024783101,0.032223437,0.018288838,2024-04-05 05:12:00
0.053547945,0.026978042,0.03699813,0.015922131,0.039429214,0.019245608,0.12759265,0.021094205,0.017077764,0.043744374,0.03130484,0.14110136,0.051237542,0.43856832,0.017081896,0.027880853,0.030473266,0.039055154,0.038498558,0.0451645,0.03693419,0.032525063,0.019850802,0.016704522,0.50163186,0.0282418,0.05003524,0.03775514,2024-04-05 05:13:00
0.02821245,0.038199756,0.031001959,0.02906766,0.015670799,0.02064729,0.13108008,0.015430903,0.024501365,0.048938144,0.03176655,0.07925122,0.030725067,0.51164335,0.040094554,0.043907948,0.019864876,0.039092187,0.05358673,0.04531817,0.038377672,0.022805044,0.020416887,0.023015888,0.5067681,0.025535705,0.03134954,0.036949027,2024-04-05 05:14:00
0.027689269,0.05772941,0.025876459,0.02259025,0.021582652,0.020215213,0.12652099,0.024818473,0.017404066,0.04848423,0.03468872,0.042642754,0.0390267,0.27739733,0.026328113,0.023790065,0.015022508,0.030863805,0.03887753,0.045033224,0.031568747,0.01893431,0.0158391,0.01884616,0.5114108,0.023416363,0.019842412,0.036880266,2024-04-05 05:15:00
0.029178951,0.038472913,0.033967916,0.025078172,0.028445657,0.018519798,0.12996878,0.023537066,0.031045139,0.060721666,0.038919915,0.046558514,0.027319932,0.24627392,0.019950923,0.06909571,0.021216908,0.04545177,0.037660718,0.04510303,0.035835728,0.01951075,0.030815428,0.020552445,0.5645997,0.022274679,0.027834103,0.03875396,2024-04-05 05:16:00
0.025152963,0.026282389,0.030948177,0.027273035,0.02264579,0.022532811,0.13164164,0.019880446,0.019552102,0.048861295,0.03070716,0.11065533,0.07741093,0.40747204,0.024871934,0.029178172,0.025833057,0.036851175,0.037705254,0.040295426,0.03526245,0.023879364,0.014496239,0.023225285,0.58442366,0.020242473,0.013898549,0.024261773,2024-04-05 05:17:00
0.040906772,0.12955292,0.031995844,0.021030048,0.038532056,0.02438072,0.12508978,0.019790705,0.0261456,0.063432984,0.03404742,0.07056411,0.045318022,0.43000787,0.015469927,0.026749203,0.033480782,0.03511254,0.040398017,0.044895504,0.038056225,0.016294999,0.028713146,0.025212308,0.6057833,0.0249479,0.024109937,0.011309378,2024-04-05 05:18:00
0.030285444,0.093466505,0.034691907,0.014217376,0.021903561,0.020176684,0.13108753,0.021227986,0.020413326,0.04986731,0.038841765,0.1395537,0.07859007,0.26147932,0.02780149,0.029730026,0.031974223,0.029704642,0.04067188,0.044825792,0.02823262,0.015521106,0.013755771,0.021155966,0.6170638,0.022721663,0.021773031,0.0129828015,2024-04-05 05:19:00
0.030915068,0.0409933,0.020940643,0.025828745,0.017049361,0.022440983,0.2548476,0.021018486,0.015579619,0.05360117,0.042649098,0.20213763,0.029641114,0.25849506,0.018650448,0.027718294,0.01450037,0.03323871,0.036337305,0.050181255,0.03170509,0.019761503,0.015266711,0.022488873,0.6107899,0.025206944,0.025934141,0.022847766,2024-04-05 05:20:00
0.038907636,0.041236065,0.03568402,0.016395617,0.021413112,0.033873312,0.1381238,0.024223413,0.019215407,0.04184909,0.022084272,0.06742136,0.03998035,0.39801082,0.025884511,0.027287476,0.009176558,0.041418053,0.04485734,0.041088402,0.045087907,0.018411146,0.015876358,0.02082642,0.6302561,0.020944478,0.053986426,0.032665983,2024-04-05 05:21:00
0.035447106,0.03804805,0.03137381,0.14955987,0.023350911,0.026750872,0.13907574,0.02977397,0.023819072,0.060997687,0.04575868,0.24597082,0.05412916,0.415808,0.01812724,0.022985583,0.019968774,0.016283121,0.018908672,0.044921447,0.042399306,0.021737449,0.016400483,0.020044964,0.55717146,0.024654299,0.027807372,0.037297565,2024-04-05 05:22:00
0.033180922,0.052270416,0.03842432,0.014523471,0.061396938,0.022742318,0.13366298,0.034788493,0.018369026,0.061701007,0.04909426,0.11902685,0.10364592,0.4299785,0.017597662,0.029842785,0.02575934,0.03280733,0.05702333,0.035845634,0.035947654,0.019085394,0.02094365,0.052711412,0.5877438,0.025028456,0.025330728,0.03430575,2024-04-05 05:23:00
0.029519165,0.040247574,0.030802948,0.02167661,0.016135046,0.020307055,0.18597138,0.030740364,0.020763738,0.061114438,0.04149839,0.09124341,0.029348541,0.22168584,0.030558655,0.03035737,0.016540375,0.023591477,0.051668495,0.044864204,0.040158436,0.026162306,0.017926818,0.04008577,0.5757902,0.022682942,0.026812145,0.026993426,2024-04-05 05:24:00
0.029747998,0.029645167,0.037604768,0.014558054,0.024697348,0.016947672,0.1473796,0.019244924,0.018036187,0.05963758,0.0443819,0.043729052,0.033409636,0.251241,0.0154917305,0.033418242,0.032306466,0.044275824,0.04453173,0.045302402,0.040071838,0.019842342,0.024961866,0.02449971,0.55811316,0.025785934,0.027439443,0.03135154,2024-04-05 05:25:00
0.033929005,0.05280093,0.027551662,0.021327296,0.020334924,0.021013703,0.14420602,0.020740991,0.023093639,0.051781673,0.029033445,0.04137431,0.028212506,0.22946477,0.030066421,0.027172575,0.049351625,0.037265297,0.033683993,0.045142118,0.040174,0.026246343,0.052765884,0.020090304,0.552604,0.027490748,0.018641615,0.02820733,2024-04-05 05:26:00
0.11531176,0.034037948,0.031292073,0.021192396,0.02533178,0.020421136,0.14633228,0.022194685,0.02348462,0.05801555,0.038117208,0.06239265,0.039816312,0.44210634,0.014638646,0.030971413,0.01676775,0.0419279,0.043281153,0.04518793,0.035492368,0.025692612,0.024864847,0.024234796,0.57251877,0.018040525,0.027201531,0.034501307,2024-04-05 05:27:00
0.039779842,0.039761707,0.033911508,0.018949425,0.02060609,0.023275767,0.14125758,0.021608215,0.022909975,0.057980593,0.031482536,0.18330829,0.07357434,0.40585533,0.02783713,0.03130827,0.011910989,0.04771671,0.033314347,0.048175283,0.03222017,0.018520808,0.018264528,0.020643339,0.5687927,0.025555218,0.01942341,0.03656554,2024-04-05 05:28:00
0.03085186,0.037727,0.03939212,0.013342689,0.031572863,0.020847837,0.14380963,0.01943455,0.023918582,0.04298934,0.034553565,0.10318482,0.025283562,0.23503968,0.023289757,0.024623813,0.027508777,0.0397956,0.046782266,0.04491382,0.037618518,0.019397594,0.015085529,0.022625754,0.5912033,0.020158783,0.027427178,0.03321978,2024-04-05 05:29:00
0.038531233,0.04801724,0.061951585,0.016006382,0.02894319,0.022322668,0.141533,0.07340921,0.021870881,0.043527592,0.04514515,0.21976075,0.05513886,0.4181751,0.017172351,0.03063586,0.022395642,0.029641617,0.039307345,0.035845783,0.038653716,0.020524684,0.02010995,0.029737057,0.5872425,0.019807464,0.017928235,0.03882904,2024-04-05 05:30:00
0.030865958,0.040021453,0.037819978,0.014174129,0.02196664,0.021264605,0.14850724,0.022437943,0.022105372,0.06644925,0.030383479,0.05664654,0.04271489,0.38539732,0.021401476,0.04546804,0.015593969,0.040382065,0.03745346,0.045056544,0.038178552,0.021547226,0.017490905,0.020320216,0.5857502,0.027893748,0.025583468,0.03794693,2024-04-05 05:31:00
0.030849176,0.0637309,0.026321074,0.017497715,0.035359174,0.021985838,0.14315999,0.02206575,0.021754978,0.05885665,0.04059125,0.084516376,0.029655598,0.4275022,0.023775311,0.030297095,0.020485995,0.034369312,0.037294015,0.03591827,0.034306258,0.02676034,0.01831042,0.020092878,0.5823348,0.03158884,0.026699664,0.045583043,2024-04-05 05:32:00
0.041598644,0.04208168,0.041147355,0.014866994,0.021209521,0.022278998,0.14173567,0.020916823,0.01733926,0.13446088,0.028364843,0.037598673,0.031902116,0.23821057,0.015677918,0.04551761,0.024236033,0.048980992,0.04272877,0.04488754,0.027133983,0.020406164,0.06011085,0.027895674,0.6625975,0.025117587,0.027197849,0.0368222,2024-04-05 05:33:00
0.04083028,0.042441744,0.046126854,0.018614147,0.014801934,0.029986287,0.14486946,0.039900146,0.016441485,0.04425872,0.027643256,0.046778195,0.045332693,0.21846932,0.026074491,0.032532472,0.019539542,0.048981663,0.04199775,0.035681617,0.03430221,0.030806726,0.020202452,0.017078478,0.6408304,0.029050542,0.02714899,0.039738156,2024-04-05 05:34:00
0.07128194,0.03298987,0.04295134,0.026038585,0.027611485,0.016858764,0.14169465,0.024187794,0.013740404,0.056992218,0.036487047,0.043896712,0.05781032,0.2325283,0.013030676,0.022722172,0.015247963,0.04232783,0.03332222,0.037073597,0.029603936,0.027169129,0.015738364,0.027735524,0.73487425,0.028140293,0.019106587,0.038709857,2024-04-05 05:35:00
0.031283647,0.042944748,0.047712952,0.021226965,0.01848578,0.018951857,0.14262874,0.023794163,0.0192517,0.058288865,0.037288744,0.031959802,0.057572696,0.30208042,0.02700921,0.041617874,0.01923375,0.036279317,0.039967503,0.044821717,0.035494808,0.016809927,0.016716298,0.027315317,0.71463376,0.023064915,0.06595152,0.03462312,2024-04-05 05:36:00
0.03742618,0.033605196,0.053253923,0.015449553,0.01887261,0.01785093,0.14358585,0.025904635,0.019947568,0.035783052,0.033325754,0.26051214,0.026588636,0.23750311,0.022553133,0.028890595,0.024759857,0.038788173,0.05008012,0.046417423,0.026338687,0.01912791,0.025495447,0.028660769,0.71578723,0.04093089,0.02636227,0.022180548,2024-04-05 05:37:00
0.034096558,0.043802198,0.038933955,0.021402648,0.0190636,0.023314178,0.14448115,0.024172679,0.021763988,0.044445574,0.030498946,0.063704245,0.11821517,0.25026634,0.017071307,0.031916883,0.017608741,0.033764914,0.044938605,0.040399484,0.047732826,0.02137139,0.025571411,0.027702395,0.7492436,0.025011608,0.021996168,0.020545848,2024-04-05 05:38:00
0.029598216,0.039190356,0.03410384,0.019479858,0.021023387,0.023232985,0.14538313,0.019970378,0.02453894,0.06147164,0.031537555,0.24732819,0.03112675,0.5966765,0.016416803,0.028549671,0.019722419,0.023515709,0.037609417,0.044871535,0.03873325,0.02500254,0.02072501,0.017621228,0.7510484,0.033112183,0.04336384,0.034433387,2024-04-05 05:39:00
0.02842447,0.051793497,0.059785713,0.013678971,0.020947091,0.025096612,0.14132348,0.024572765,0.01833619,0.05512345,0.033364538,0.06260203,0.056465585,0.44283983,0.017341409,0.03003436,0.046928838,0.03971059,0.04381039,0.04489718,0.041032862,0.017028516,0.016379042,0.019803474,0.7175498,0.02882564,0.026350908,0.033833593,2024-04-05 05:40:00
0.060706485,0.03704275,0.042919874,0.022619715,0.024260724,0.028568875,0.14248638,0.023911837,0.012928882,0.038967356,0.03630908,0.0820876,0.024365397,0.25648284,0.021460377,0.03443368,0.01991737,0.03996032,0.08535695,0.046349917,0.036135703,0.02159035,0.02220114,0.020327518,0.7184119,0.039077017,0.017467767,0.034506354,2024-04-05 05:41:00
0.04036003,0.056492545,0.032765836,0.02327838,0.02530396,0.018370995,0.14160986,0.021575753,0.017959429,0.048997603,0.027396737,0.23208588,0.05348882,0.43425977,0.047191307,0.024142627,0.021640848,0.032750476,0.0379261,0.04304379,0.27901736,0.02499568,0.02212255,0.025625179,0.74084896,0.029152526,0.025610255,0.021758018,2024-04-05 05:42:00
0.031590287,0.039329782,0.041157514,0.016478775,0.027285643,0.019463342,0.31940043,0.019089473,0.022923397,0.053041562,0.028395833,0.12887676,0.07520901,0.30687788,0.028001342,0.028999416,0.014362998,0.036356356,0.030896256,0.047879275,0.038179565,0.015647637,0.019890849,0.01836814,0.7686031,0.035150796,0.046382792,0.037524804,2024-04-05 05:43:00
0.03614908,0.035311755,0.06788754,0.022377469,0.022781866,0.022188673,0.20563075,0.021172086,0.013406551,0.0457596,0.033647712,0.16354403,0.03202091,0.38802993,0.037178636,0.021083124,0.0126627255,0.040021613,0.075478494,0.039737225,0.04091603,0.022844212,0.018384412,0.021515228,0.7469103,0.032226026,0.026453696,0.040866893,2024-04-05 05:44:00
0.029932173,0.03817307,0.032256536,0.020111851,0.021496134,0.021991163,0.19339184,0.022326708,0.009900796,0.044601556,0.0338423,0.15041064,0.05737177,0.45054868,0.015967885,0.024501102,0.017911028,0.036073208,0.041617125,0.04004333,0.03406084,0.019282587,0.0152168,0.021140262,0.7458516,0.028164288,0.023304082,0.034076396,2024-04-05 05:45:00
0.028863676,0.039864402,0.056548614,0.031006267,0.030775793,0.020569582,0.24923281,0.017346574,0.025822004,0.042701773,0.038720038,0.23400518,0.028866809,0.32154053,0.028748505,0.030564327,0.025110714,0.0344449,0.039006557,0.0458785,0.03025378,0.01911251,0.018952614,0.027455164,0.7591942,0.023724016,0.0631119,0.034931406,2024-04-05 05:46:00
0.039070923,0.035770427,0.08166566,0.022081247,0.019917473,0.021105623,0.19445823,0.034405332,0.021456169,0.044474177,0.030758379,0.11043779,0.04481774,0.27817824,0.01505992,0.028901301,0.029336404,0.037311725,0.05235898,0.06289352,0.035390947,0.017935146,0.015633466,0.03768954,0.7569067,0.0283597,0.020938981,0.04392138,2024-04-05 05:47:00
0.028227346,0.014188062,0.09892032,0.015394992,0.027336417,0.017739497,0.23800491,0.029293016,0.012779487,0.03910913,0.032355603,0.10761184,0.030336196,0.2884999,0.01849197,0.02855876,0.013720541,0.039641716,0.040451113,0.040940344,0.030774971,0.020031089,0.016631281,0.021994095,0.76112545,0.020725736,0.029910292,0.01440492,2024-04-05 05:48:00
0.029783923,0.019922812,0.09409404,0.13275632,0.0321124,0.027593898,0.16373453,0.025270911,0.019488683,0.044516046,0.025477529,0.1284697,0.09745881,0.45703885,0.024234563,0.03008804,0.014707741,0.040472254,0.037823867,0.039207745,0.026068654,0.029747361,0.022666994,0.025842346,0.7563882,0.026877334,0.020978699,0.043284155,2024-04-05 05:49:00
0.2603027,0.036682874,0.12719828,0.0262397,0.02161472,0.025656078,0.16965333,0.02860457,0.019863,0.04646036,0.034720395,0.1281309,0.03912411,0.4807182,0.0133011555,0.037796017,0.023484863,0.012894611,0.037595898,0.03561988,0.029600734,0.015988372,0.015119116,0.019738646,0.757677,0.0247475,0.0204111,0.033042163,2024-04-05 05:50:00
0.12270136,0.048189916,0.1707273,0.0942253,0.034596466,0.020943498,0.16209885,0.019130427,0.029136734,0.071566895,0.048679955,0.061008155,0.028951416,0.27564302,0.01919811,0.028756713,0.009378761,0.035001248,0.04363861,0.037577506,0.039085947,0.015922189,0.027156785,0.019831253,0.7576488,0.024285795,0.027706588,0.03788742,2024-04-05 05:51:00
0.20210563,0.0357151,0.26800567,0.021534964,0.025114566,0.026405374,0.19218715,0.028115273,0.060815714,0.09030614,0.030833794,0.23515362,0.055020925,0.41228488,0.0462793,0.03125678,0.02841217,0.038992234,0.05123993,0.0366399,0.043995757,0.012943196,0.023062248,0.023731178,0.74691665,0.019430857,0.028173132,0.032428052,2024-04-05 05:52:00
0.12332439,0.03762402,0.17650746,0.016679235,0.028732287,0.017371183,0.16918482,0.023393242,0.015035717,0.04228751,0.03568072,0.121982954,0.030337293,0.42342448,0.012948883,0.029853221,0.026840728,0.03595651,0.044188455,0.036050156,0.03492925,0.021906445,0.019768137,0.02211699,0.7414555,0.02191747,0.026075898,0.027812365,2024-04-05 05:53:00
0.1211775,0.056287486,0.22480337,0.013299783,0.014983051,0.019908559,0.17254376,0.025571357,0.017210504,0.06547462,0.04942087,0.054012526,0.031507522,0.25439826,0.038079593,0.02976847,0.038139526,0.045600213,0.050254453,0.042041738,0.036714554,0.07668002,0.01623988,0.033545624,0.7903923,0.023303673,0.026298702,0.051464878,2024-04-05 05:54:00
0.120291516,0.044598196,0.21199617,0.013654864,0.022695957,0.024485927,0.173388,0.012450227,0.025532525,0.03715331,0.027470578,0.057035398,0.041756954,0.30893943,0.031822257,0.027306728,0.012008235,0.04227867,0.045768652,0.04346005,0.038578834,0.023371335,0.03133165,0.022709263,0.81462616,0.020084303,0.024863085,0.038959607,2024-04-05 05:55:00
0.121250995,0.056002885,0.3831004,0.022123223,0.031179147,0.019842433,0.17319183,0.023503417,0.03319816,0.06219558,0.03005413,0.27845967,0.028584499,0.5730206,0.04145871,0.030567352,0.026870567,0.025614524,0.078011975,0.036115736,0.046426725,0.017510535,0.022746261,0.024429362,0.73752683,0.025965061,0.017916724,0.03400134,2024-04-05 05:56:00
0.12090632,0.073595494,0.26313242,0.021131018,0.020433618,0.019584078,0.17507355,0.037316926,0.023259006,0.04706528,0.04923462,0.06622661,0.08317232,0.2422273,0.015171724,0.017268933,0.016500812,0.0374282,0.036164153,0.045368057,0.035462968,0.020701058,0.027232103,0.025334086,0.7425117,0.025838839,0.0234032,0.032719675,2024-04-05 05:57:00
0.12278133,0.05173965,0.37122574,0.017112918,0.020944726,0.024343323,0.17205715,0.016041728,0.018928159,0.054627802,0.03763521,0.07948973,0.042527366,0.44584003,0.015920699,0.019938784,0.018707642,0.032621637,0.0278232,0.045157913,0.037418675,0.019583466,0.017353876,0.018083304,0.7741069,0.026215281,0.025533471,0.03889982,2024-04-05 05:58:00
0.12080166,0.045411114,0.3131109,0.023267912,0.022244716,0.021978974,0.17241555,0.020012314,0.028847368,0.07331888,0.025784776,0.056211747,0.030839099,0.24831173,0.028873596,0.03770919,0.010928407,0.03484661,0.039994616,0.036853228,0.039116208,0.017954579,0.014193901,0.026325935,0.7377149,0.023572495,0.024703862,0.02500561,2024-04-05 05:59:00
0.124585174,0.043752886,0.4277472,0.02220056,0.027351856,0.027713379,0.17361207,0.022223564,0.054771475,0.048620034,0.11417883,0.09766089,0.04413794,0.2353798,0.0187329,0.027537273,0.027524702,0.036100045,0.06364706,0.04583582,0.043603614,0.032984335,0.028152093,0.019844543,0.82308,0.03147369,0.040751312,0.03893442,2024-04-05 06:00:00
0.122569464,0.05524518,0.34614575,0.014693329,0.022905488,0.024954148,0.17513394,0.026746292,0.020288717,0.05114077,0.03373135,0.05818304,0.025094368,0.24516064,0.018673552,0.032330353,0.017126247,0.03306657,0.04054944,0.036059085,0.037166018,0.018700145,0.023420652,0.017842982,0.85566914,0.029555783,0.026031151,0.0378807,2024-04-05 06:01:00
0.13048892,0.039122507,0.3936053,0.017495854,0.017228981,0.020294806,0.16741693,0.02138102,0.023572257,0.057365026,0.030041056,0.06864362,0.026036479,0.5180929,0.012731169,0.027651519,0.01813445,0.03494516,0.044186424,0.044913072,0.03676608,0.028921222,0.02705344,0.023642454,0.83571327,0.033476505,0.028157188,0.043499485,2024-04-05 06:02:00
0.12448669,0.041252986,0.38345242,0.018490598,0.023183098,0.02682898,0.17431578,0.021242749,0.018497426,0.08526509,0.03204898,0.10379018,0.025384659,0.3768634,0.04331764,0.02354672,0.014343246,0.04660496,0.045288887,0.044846993,0.034258917,0.033818595,0.01885842,0.021794574,0.85203356,0.030666584,0.030286647,0.038528986,2024-04-05 06:03:00
0.12371644,0.048648447,0.40164134,0.018735126,0.018204818,0.10181621,0.17091759,0.026793402,0.01676247,0.04288024,0.026390739,0.1101231,0.028905319,0.4539419,0.018335065,0.03479223,0.030987263,0.045704693,0.042654403,0.045243565,0.036295418,0.026676826,0.025244888,0.026057411,0.88647467,0.02574388,0.027840482,0.045135956,2024-04-05 06:04:00
0.121083364,0.03343232,0.38415843,0.020039799,0.018526489,0.022423081,0.17060357,0.0723701,0.022501227,0.059802096,0.029018676,0.10760738,0.029141739,0.38897252,0.04009146,0.03442188,0.034419164,0.039548453,0.04997322,0.04492818,0.042758375,0.033109516,0.017554658,0.024658192,0.8320362,0.022396656,0.08565061,0.043171305,2024-04-05 06:05:00
0.120512,0.037311994,0.3912782,0.029468585,0.019467596,0.022857953,0.17105955,0.016591769,0.013173722,0.059368912,0.039912686,0.14847443,0.022002734,0.2989038,0.04063011,0.017655136,0.033337947,0.03734504,0.042371634,0.03581345,0.027493754,0.014969496,0.013311656,0.011840565,0.82196766,0.027656062,0.070257485,0.024645148,2024-04-05 06:06:00
0.122133076,0.039297566,0.39283946,0.013625882,0.0244013,0.06710365,0.17030892,0.025564427,0.023200084,0.048788883,0.040567555,0.072398946,0.028907109,0.22548899,0.029922789,0.013197877,0.022322208,0.037381086,0.0460839,0.035847418,0.035349585,0.022185717,0.018721472,0.028047726,0.82530373,0.02709922,0.02708489,0.019184876,2024-04-05 06:07:00
0.11994033,0.15328433,0.46943286,0.02281047,0.028203063,0.02104876,0.17408048,0.024515048,0.019380135,0.056979097,0.0315893,0.065015845,0.042650722,0.2536483,0.01353352,0.02404328,0.017407907,0.04578919,0.04189647,0.04530725,0.03972286,0.018319989,0.032542516,0.016249005,0.8305584,0.024250386,0.025031058,0.09470515,2024-04-05 06:08:00
0.12552568,0.040916484,0.38042584,0.014851433,0.01690739,0.020212052,0.17588612,0.024702642,0.017340181,0.056369398,0.04085677,0.05073277,0.025396379,0.23963818,0.021161633,0.020969275,0.0104967095,0.051301107,0.05738882,0.036079552,0.045553196,0.034817375,0.026210736,0.014135377,0.8213103,0.030591564,0.028512271,0.031850517,2024-04-05 06:09:00
0.09645994,0.029370634,0.41678634,0.013952823,0.025642188,0.01683509,0.17847423,0.01979303,0.018108476,0.03789614,0.036037754,0.19592416,0.031692993,0.24853328,0.021956036,0.029221656,0.024401203,0.043128874,0.042380363,0.04405178,0.046357997,0.0121090915,0.016515061,0.023582703,0.83193827,0.021859532,0.020773299,0.03354417,2024-04-05 06:10:00
0.11981776,0.040529273,0.3195156,0.012791051,0.02152685,0.025214635,0.17798333,0.021108372,0.020049334,0.04873599,0.04014694,0.15174703,0.030069089,0.28236628,0.022938687,0.030763347,0.010300227,0.028226547,0.05470448,0.045163225,0.045101434,0.023743484,0.025044322,0.02414873,0.91844183,0.02461325,0.024689827,0.034714535,2024-04-05 06:11:00
0.12261243,0.043118097,0.18996704,0.016197836,0.01846193,0.019728173,0.17246076,0.021786833,0.022922307,0.043892335,0.044848632,0.058707282,0.03231415,0.24014549,0.015742373,0.023125289,0.01765951,0.03967151,0.042431515,0.044895157,0.037349567,0.021911079,0.016341567,0.02975142,0.9796569,0.018393688,0.027069151,0.03950561,2024-04-05 06:12:00
0.13061436,0.02251388,0.22016828,0.019289374,0.023887856,0.019436358,0.19390243,0.026279371,0.018687725,0.06325932,0.039354626,0.066145435,0.03235208,0.24547514,0.028013041,0.031798195,0.04802624,0.034148548,0.0414052,0.045039568,0.03623307,0.019443674,0.020095624,0.03182731,0.9140225,0.031514253,0.027927998,0.029546319,2024-04-05 06:13:00
0.12268686,0.04313378,0.17883056,0.019113569,0.029351898,0.02697644,0.19318298,0.025417075,0.02146943,0.049174678,0.041461743,0.055232015,0.027340313,0.23842117,0.014880989,0.023962889,0.027006073,0.04441932,0.046481464,0.04512989,0.039713528,0.015107602,0.02209261,0.019459184,0.9250029,0.028014135,0.027390402,0.03343107,2024-04-05 06:14:00
0.121218085,0.038929712,0.17560057,0.012856393,0.011597355,0.020280834,0.19296086,0.016996898,0.01751616,0.051009983,0.03378757,0.071405225,0.028772866,0.30139023,0.020121701,0.0270511,0.026066493,0.04636499,0.051624842,0.0449304,0.036391288,0.02823381,0.017399376,0.060055826,0.994608,0.032324597,0.035798732,0.03835526,2024-04-05 06:15:00
0.12232964,0.032909073,0.16956791,0.014965171,0.01301833,0.024518346,0.2067341,0.024249105,0.015228878,0.05602131,0.035580207,0.061985657,0.03728783,0.26578343,0.032369,0.015422701,0.023284325,0.043104023,0.042290185,0.035794005,0.03313848,0.0113408035,0.024950184,0.018896729,0.97309196,0.025235422,0.07054978,0.029759374,2024-04-05 06:16:00
0.070727974,0.030912915,0.22033499,0.017378148,0.014721686,0.01813575,0.18788157,0.021186076,0.02306292,0.059519038,0.039118044,0.17880416,0.023347193,0.24461386,0.031156737,0.026492001,0.021806808,0.030779354,0.04031033,0.036129605,0.0607443,0.017130924,0.013220337,0.023651445,0.9180828,0.030396795,0.019559544,0.022094594,2024-04-05 06:17:00
0.099250294,0.048465326,0.21571526,0.028299026,0.036112767,0.028960211,0.1873545,0.15711811,0.01864781,0.029077094,0.01339279,0.056946885,0.020181388,0.4603837,0.050106984,0.025847252,0.016526608,0.042147372,0.0512865,0.04496478,0.036615152,0.015443072,0.021752045,0.028120244,0.9526275,0.030440403,0.026108056,0.030278994,2024-04-05 06:18:00
0.10111928,0.031812113,0.23740242,0.014663214,0.021259269,0.020492688,0.23840111,0.024444334,0.025309585,0.04383077,0.026011098,0.041414768,0.03020735,0.28533813,0.028473489,0.027649116,0.018124036,0.020359999,0.068300866,0.044848517,0.052004103,0.025094781,0.0204709,0.028759342,0.9592795,0.027299663,0.027171576,0.030250419,2024-04-05 06:19:00
0.09999266,0.042573635,0.27708077,0.018445902,0.017697325,0.019121397,0.20139736,0.01807967,0.015129709,0.05145496,0.039113317,0.03201175,0.06478382,0.28070235,0.015138788,0.013452791,0.023334138,0.03744502,0.049652655,0.035960604,0.029681457,0.018766597,0.029206391,0.019754028,0.8572749,0.028678978,0.045223746,0.026578708,2024-04-05 06:20:00
0.16099583,0.046603378,0.25741082,0.028899925,0.024034867,0.021745063,0.21735978,0.02910238,0.014639018,0.047864534,0.04061751,0.050819308,0.045742247,0.29393408,0.0327576,0.023584697,0.038740385,0.037902057,0.04368224,0.035613447,0.040016837,0.02660134,0.014988096,0.033933617,0.8708356,0.029778916,0.09141775,0.03587479,2024-04-05 06:21:00
0.075777836,0.04026589,0.31434342,0.018676342,0.021863494,0.017252456,0.19099593,0.027764149,0.020706134,0.052879605,0.017972592,0.063146584,0.03129194,0.24762492,0.02521996,0.03034368,0.02323669,0.029621068,0.0480567,0.0448771,0.034815557,0.020600088,0.015804185,0.021878358,0.8333181,0.026225168,0.03211121,0.037969947,2024-04-05 06:22:00
0.08994637,0.04206504,0.2676787,0.020702131,0.022158055,0.024241896,0.18839745,0.026364552,0.016975643,0.045516808,0.031933945,0.049077913,0.031999327,0.27046427,0.01436011,0.026237149,0.0367552,0.036294296,0.041596312,0.04025301,0.037816174,0.03472477,0.018135669,0.025258278,0.8326486,0.030552872,0.02639106,0.039704353,2024-04-05 06:23:00
0.054316368,0.027372116,0.30176055,0.031589095,0.019128166,0.02113141,0.17363925,0.025797984,0.021611959,0.052822467,0.03774064,0.04712153,0.03066817,0.49856448,0.02396726,0.030907517,0.044839155,0.037654217,0.043745182,0.047497712,0.03635894,0.020167993,0.048457973,0.034759734,0.8713522,0.030886391,0.027787639,0.038142648,2024-04-05 06:24:00
0.055795528,0.025766352,0.25071558,0.01552117,0.024901733,0.024252875,0.17829657,0.024276415,0.030191947,0.062394887,0.040264506,0.050144214,0.08076197,0.3233112,0.025536822,0.029717702,0.010027058,0.036828123,0.035379525,0.03909613,0.034706216,0.025335321,0.018334135,0.03407441,0.8609009,0.029119024,0.11399724,0.0375355,2024-04-05 06:25:00
0.11118185,0.038456284,0.359291,0.02147023,0.01775289,0.023427926,0.18887225,0.020920567,0.016673133,0.05226978,0.035116598,0.041699648,0.090499036,0.24001244,0.019102642,0.025609666,0.026346464,0.036224928,0.036169678,0.044719253,0.040874463,0.019392619,0.028641516,0.021012682,0.857528,0.021701874,0.017990744,0.0394404,2024-04-05 06:26:00
0.02779025,0.02183284,0.3675941,0.0146050155,0.056449275,0.018782642,0.17814675,0.01407768,0.021129072,0.04547838,0.023453437,0.043370064,0.050232735,0.255664,0.027515832,0.023184802,0.02082525,0.036891762,0.07477476,0.052279513,0.036486927,0.016898176,0.023253141,0.023874411,0.8498782,0.021619244,0.02087294,0.035280976,2024-04-05 06:27:00
0.030836087,0.036990024,0.32508457,0.018387647,0.016393755,0.019497901,0.17877553,0.05693037,0.017816784,0.04619544,0.029103233,0.040113684,0.033319406,0.4290409,0.03196771,0.02515331,0.0125898905,0.04195304,0.047163684,0.044904996,0.03634786,0.030031232,0.023555592,0.020759907,0.8577767,0.030474437,0.07629459,0.039086796,2024-04-05 06:28:00
0.033776667,0.03509066,0.23939079,0.018976774,0.019155199,0.02439344,0.16968139,0.020904684,0.031497467,0.044423643,0.030433562,0.04296281,0.029819489,0.2804183,0.033432834,0.026345389,0.010636089,0.036232095,0.04389704,0.044996794,0.02911738,0.018848704,0.02952177,0.023472467,0.85367924,0.0283214,0.062251464,0.037438054,2024-04-05 06:29:00
0.04489337,0.015754124,0.29717463,0.022228405,0.024192214,0.01701932,0.17581727,0.024790578,0.026373375,0.053728536,0.030843472,0.06262705,0.10935021,0.41064924,0.03645995,0.028050466,0.021430477,0.032771282,0.091037296,0.0367591,0.034306522,0.016870877,0.015397047,0.02098358,0.95320046,0.027706822,0.03168861,0.034574103,2024-04-05 06:30:00
0.03434511,0.039330766,0.2546097,0.022767447,0.019072548,0.029041411,0.17484812,0.025584323,0.017217835,0.046899028,0.04382883,0.06952507,0.0684637,0.2611581,0.014296878,0.025778579,0.04195521,0.011690402,0.09566749,0.036000967,0.035082,0.02521857,0.015555487,0.018469235,0.9444851,0.026217857,0.027381469,0.035963144,2024-04-05 06:31:00
0.02842003,0.03743634,0.3796187,0.10720646,0.017336011,0.02042184,0.1738844,0.020764349,0.018766802,0.05264703,0.04005917,0.26892182,0.08306773,0.27605292,0.044916023,0.029891126,0.019968174,0.035242703,0.045592163,0.04000412,0.03180252,0.030150158,0.018284393,0.01896434,0.91840243,0.032769434,0.037386112,0.017403118,2024-04-05 06:32:00
0.02785873,0.054676022,0.29223633,0.078136645,0.022531884,0.021479173,0.17825682,0.024447203,0.012897574,0.03282568,0.029727107,0.09589845,0.028441135,0.67686063,0.030131515,0.018964708,0.023499086,0.043024298,0.035730433,0.045080554,0.029612688,0.019333106,0.0180751,0.018602313,0.87619805,0.027289527,0.021749225,0.03853224,2024-04-05 06:33:00
0.028879328,0.048664026,0.3915439,0.015991567,0.029137108,0.01599547,0.26169017,0.012436645,0.020631868,0.048215486,0.03426561,0.12855926,0.07240681,0.24521804,0.018048424,0.017558116,0.0218473,0.042358506,0.12074588,0.0432593,0.03791389,0.026329918,0.027919957,0.048427965,0.90222806,0.02224878,0.027387079,0.025708279,2024-04-05 06:34:00
0.02864537,0.060040902,0.27077764,0.016448595,0.019267054,0.02005255,0.20917536,0.02272505,0.022717936,0.04820849,0.03217669,0.062213305,0.034682725,0.4089951,0.029724048,0.028663373,0.02547812,0.04436936,0.043159686,0.045156974,0.0334039,0.016506746,0.077755824,0.017718978,0.88271487,0.018739512,0.02302707,0.030506782,2024-04-05 06:35:00
0.0371258,0.039324913,0.28963426,0.014796764,0.022790523,0.022618357,0.21198702,0.021897595,0.018112035,0.03897562,0.06770732,0.13602132,0.041367915,0.5014658,0.024596702,0.021505002,0.022867797,0.03547857,0.033639703,0.03815301,0.036866087,0.021114893,0.018378468,0.02671019,1.0243814,0.023369111,0.019249897,0.028396985,2024-04-05 06:36:00
0.03381241,0.031755332,0.3745866,0.020741781,0.017841449,0.026014935,0.18489255,0.019999709,0.021110566,0.049836915,0.03979165,0.16382125,0.029751161,0.23583369,0.019884046,0.021803893,0.021694882,0.02010087,0.038264547,0.044908863,0.03776049,0.019487074,0.024012605,0.018194027,0.8759796,0.023832597,0.026066862,0.036064364,2024-04-05 06:37:00
0.028603313,0.0368231,0.30052143,0.038286153,0.024269909,0.027168717,0.18726717,0.019959707,0.022522513,0.06126001,0.026958372,0.19092964,0.097353846,0.23328109,0.02213343,0.028049989,0.016323999,0.039309893,0.039178435,0.045164842,0.036592238,0.011703237,0.020061487,0.02980792,0.8891883,0.019070227,0.020672565,0.021024846,2024-04-05 06:38:00
0.0304263,0.038299814,0.27866435,0.027083574,0.020678474,0.019111037,0.19003366,0.017375885,0.022565471,0.054686822,0.027846117,0.1235786,0.037199352,0.4245315,0.016090205,0.025701035,0.017397372,0.05006934,0.037893083,0.03655,0.035051975,0.01236444,0.02462418,0.010595976,0.89638835,0.023221416,0.028480014,0.03361441,2024-04-05 06:39:00
0.030775208,0.036162958,0.35428616,0.016532104,0.030517854,0.022910533,0.18689801,0.022956239,0.032205835,0.039902307,0.029004956,0.15425679,0.048455022,0.25803486,0.07130733,0.032512918,0.022704506,0.049619995,0.03460846,0.040644947,0.034895416,0.03511575,0.022893982,0.025154991,0.89273363,0.03309244,0.023047728,0.033422355,2024-04-05 06:40:00
0.016620409,0.04043885,0.2807211,0.026040014,0.028247615,0.024014333,0.2097491,0.022191443,0.038438734,0.056111626,0.02060064,0.24343441,0.03671032,0.30477494,0.01714039,0.024644673,0.022286294,0.03849145,0.026745595,0.05335936,0.036503036,0.031014951,0.021129733,0.021647071,0.90454435,0.027010882,0.021690542,0.0344622,2024-04-05 06:41:00
0.028486269,0.025512991,0.273761,0.014489355,0.023462009,0.018265609,0.20509088,0.019297704,0.02382406,0.06732269,0.05726661,0.13750249,0.03013587,0.4367428,0.024953315,0.026867554,0.013765419,0.046598483,0.049669776,0.044988163,0.036762975,0.010093459,0.027127853,0.01486797,0.894796,0.024808912,0.026581438,0.03537973,2024-04-05 06:42:00
0.041408878,0.031351887,0.3593451,0.014971725,0.027003624,0.017015716,0.21276937,0.022763137,0.018479427,0.04913739,0.030419068,0.08778598,0.06432806,0.4111153,0.015312803,0.045081377,0.020662302,0.019862413,0.06332304,0.039701395,0.041609034,0.025102405,0.06221967,0.027165918,0.89807755,0.023601282,0.018250372,0.032805864,2024-04-05 06:43:00
0.042119145,0.03812303,0.40170106,0.020940002,0.025385683,0.020094214,0.21271807,0.015854679,0.018205436,0.03748275,0.0304549,0.18840012,0.04764438,0.4908007,0.016884696,0.039020948,0.020528752,0.039766703,0.1020578,0.062162675,0.044374432,0.042433187,0.025031004,0.02804949,0.99503654,0.037105482,0.02842,0.03362626,2024-04-05 06:44:00
0.027953442,0.040971503,0.3515468,0.016082656,0.02286545,0.026778262,0.19464938,0.043074675,0.02136261,0.059741504,0.022397714,0.054951448,0.047811892,0.28583074,0.019916367,0.024721367,0.016487574,0.0364944,0.0318858,0.045172743,0.037358705,0.021879269,0.024013769,0.02104291,0.9728991,0.028926846,0.026764443,0.034247704,2024-04-05 06:45:00
0.038274992,0.040204663,0.3309288,0.018991645,0.03493052,0.016763743,0.18724343,0.023857445,0.014305134,0.06821482,0.024998171,0.13707718,0.07381468,0.67422736,0.016164225,0.026693797,0.012890579,0.037695892,0.04522574,0.03650307,0.036157016,0.0141638545,0.023322854,0.02202025,0.9725754,0.026697762,0.054444045,0.035751987,2024-04-05 06:46:00
0.03274239,0.03365126,0.3846421,0.025225556,0.027251834,0.024146765,0.20156133,0.023530422,0.014987343,0.06161961,0.037412897,0.09593736,0.09283981,0.28918475,0.034015357,0.02909137,0.0155748185,0.032259338,0.031891983,0.043967236,0.054859508,0.030858234,0.01990937,0.023269873,1.0135357,0.023891369,0.027477527,0.046331245,2024-04-05 06:47:00
0.036209606,0.03275441,0.387457,0.020257145,0.021280702,0.022424012,0.22243458,0.03520532,0.022736313,0.041086927,0.037035096,0.1740054,0.055850852,0.2869111,0.03727242,0.027031483,0.018105002,0.035505198,0.04373983,0.035995003,0.037715543,0.024625132,0.020872938,0.015624216,1.0014285,0.02025688,0.018772094,0.038223334,2024-04-05 06:48:00
0.027951801,0.037324324,0.4185521,0.046255242,0.028529447,0.027199883,0.18680589,0.02906506,0.021937298,0.074703306,0.024342366,0.07808335,0.069888,0.24694768,0.016137213,0.03027219,0.02340351,0.021117318,0.043050922,0.05423221,0.036738537,0.018063687,0.014923101,0.016643127,0.97296876,0.02656165,0.023370214,0.036656745,2024-04-05 06:49:00
0.025774758,0.03900439,0.52310663,0.014857313,0.029363653,0.025250528,0.18635932,0.0230703,0.024737693,0.06487652,0.043664653,0.2031352,0.048952382,0.23859234,0.027131129,0.020908512,0.037662454,0.029260173,0.049754854,0.039523747,0.03876515,0.022469692,0.018504841,0.0155189345,1.0612236,0.024425825,0.02308859,0.03951962,2024-04-05 06:50:00
0.02814201,0.040837273,0.4704523,0.022680148,0.022881813,0.024996215,0.18652466,0.024333756,0.019498631,0.03804637,0.036114354,0.10530701,0.02852288,0.24987255,0.017180672,0.027974624,0.015013421,0.035694204,0.044952456,0.04483167,0.03587175,0.0323276,0.0193279,0.017027533,1.0462601,0.02953813,0.017126234,0.040071215,2024-04-05 06:51:00
0.038229268,0.040099196,0.5688758,0.027389003,0.018838942,0.02245853,0.18905821,0.025320534,0.019947436,0.03741375,0.02888605,0.04854919,0.09466888,0.5026308,0.012755507,0.031826384,0.01640209,0.047360465,0.045117203,0.04213953,0.047034223,0.020285608,0.032697905,0.018757457,1.0473518,0.023942232,0.02743975,0.039324444,2024-04-05 06:52:00
0.033300404,0.017833889,0.58945096,0.014393875,0.02958628,0.019595748,0.18404895,0.022376623,0.016394507,0.04678537,0.035070885,0.10054385,0.032065205,0.25261456,0.038788825,0.021876428,0.022937339,0.02696105,0.040964153,0.035831288,0.036753982,0.02239314,0.022713479,0.023337673,1.0253875,0.027782066,0.022343656,0.049506065,2024-04-05 06:53:00
0.066238694,0.0395223,0.5687309,0.026120469,0.019534344,0.015672307,0.253177,0.022911347,0.018855097,0.04394666,0.033613965,0.113802694,0.03893349,0.24222946,0.022429144,0.032511827,0.026581036,0.029366335,0.04068166,0.035710867,0.036557678,0.018689374,0.023483826,0.022989921,1.0901904,0.023928998,0.021046424,0.039738424,2024-04-05 06:54:00
0.028326048,0.03664177,0.5389106,0.017882809,0.021998933,0.026325442,0.18295799,0.023188319,0.029589405,0.041663073,0.024738124,0.06381336,0.023136625,0.5627002,0.020847458,0.029049648,0.011400171,0.041977238,0.05161729,0.048090324,0.0352888,0.016236445,0.024821158,0.015741346,0.9887062,0.022084093,0.016388014,0.039222136,2024-04-05 06:55:00
0.028126966,0.03851193,0.6227678,0.021759568,0.017587366,0.01829557,0.18284148,0.021871123,0.032152347,0.05635087,0.031874433,0.047689363,0.023926985,0.28585812,0.022371637,0.023566604,0.021450292,0.030431416,0.038265027,0.04485376,0.037230544,0.019927125,0.026664367,0.036894802,0.99437445,0.019508848,0.024912579,0.036876608,2024-04-05 06:56:00
0.02785223,0.03861255,0.5916432,0.021979602,0.03315518,0.017840026,0.18301718,0.023317171,0.027334517,0.035328407,0.042140663,0.07961999,0.078507245,0.3083467,0.018208737,0.025068741,0.021188159,0.029404525,0.033765327,0.046103995,0.03648132,0.021494,0.024896266,0.021750059,1.0098563,0.026026497,0.021139037,0.03275222,2024-04-05 06:57:00
0.028210467,0.038004465,0.5893363,0.013509126,0.019365752,0.0168491,0.18474829,0.020283215,0.016902126,0.04455219,0.040632706,0.09363274,0.026699966,0.8946971,0.022284202,0.0249209,0.023511192,0.043633126,0.040810425,0.044964682,0.03911821,0.013151772,0.026122924,0.018723447,1.0058004,0.021394975,0.03862242,0.032565366,2024-04-05 06:58:00
0.02719746,0.040280476,0.62931556,0.018416028,0.01798029,0.023933953,0.18601705,0.016068123,0.022639126,0.055714455,0.038750637,0.12974323,0.0549966,0.40834498,0.03865792,0.027931254,0.016378468,0.036997218,0.03160963,0.040361978,0.04341762,0.022525279,0.019971602,0.016471002,0.99462295,0.031856604,0.017453212,0.048945367,2024-04-05 06:59:00
0.027748639,0.050419122,0.65694183,0.022663038,0.02577732,0.024573702,0.18171166,0.026287464,0.013712371,0.034544606,0.025334243,0.2811044,0.05256701,0.5178053,0.019737953,0.04884962,0.022131445,0.017082883,0.03419716,0.050171763,0.036097817,0.017828105,0.017051177,0.021805042,1.0080882,0.025484316,0.026068496,0.04003643,2024-04-05 07:00:00
0.04007982,0.040631067,0.6781759,0.01406018,0.019584328,0.022853808,0.17591515,0.019426467,0.01868598,0.05052603,0.04200978,0.16797012,0.0327727,0.38481113,0.015000394,0.021242468,0.02193562,0.023856685,0.06397464,0.035830393,0.031648777,0.019555315,0.0200578,0.023290774,1.036184,0.02343482,0.02749554,0.038228624,2024-04-05 07:01:00
0.033153083,0.034811247,0.7074969,0.02191103,0.020694004,0.01988543,0.19438276,0.02196385,0.019996742,0.044756528,0.041475005,0.10989538,0.030894512,0.59019166,0.015095082,0.025744364,0.03718445,0.03999625,0.036042936,0.036469445,0.03671061,0.022735257,0.01999722,0.028336223,1.0757173,0.032490924,0.020291265,0.02749172,2024-04-05 07:02:00
0.03197905,0.053558096,0.71288776,0.014998877,0.026422784,0.021658992,0.18446203,0.024744323,0.024553128,0.040697087,0.04123427,0.159706,0.028419655,0.5885799,0.026638735,0.027444575,0.02311281,0.04215644,0.039782446,0.045814805,0.025897902,0.032243572,0.019110974,0.022051506,1.0544019,0.023320708,0.01817222,0.03513478,2024-04-05 07:03:00
0.026038473,0.03667601,0.68489474,0.014239044,0.025052577,0.020556996,0.1808531,0.022443103,0.019163929,0.05706306,0.024034588,0.098357454,0.053349707,0.546221,0.02940594,0.028479014,0.025114078,0.044461157,0.039330438,0.04501449,0.04506657,0.014426145,0.014817188,0.034487687,1.0456914,0.050864436,0.027342016,0.037580993,2024-04-05 07:04:00
0.027498567,0.04256602,0.7487451,0.015133075,0.022453157,0.019766148,0.17738293,0.018606707,0.025459675,0.06246735,0.042007484,0.06642195,0.03090427,0.33359686,0.029098319,0.027533766,0.024195358,0.028885745,0.04847489,0.045534816,0.03384489,0.02343347,0.018098863,0.025571572,1.0496792,0.018349426,0.023033516,0.02151362,2024-04-05 07:05:00
0.039763324,0.053945906,0.80917734,0.014711617,0.02116228,0.023197003,0.1812439,0.020088071,0.02406272,0.04818618,0.03937111,0.05417619,0.04066742,0.3658519,0.039209045,0.027725354,0.0311505,0.035081014,0.038443856,0.045175444,0.09490678,0.017011203,0.018312741,0.030794794,1.172277,0.0291392,0.02636048,0.03686197,2024-04-05 07:06:00
0.039999902,0.040803056,0.76397514,0.021126535,0.019476362,0.024210954,0.17780487,0.013843891,0.022133153,0.05918609,0.035655886,0.055512596,0.027760481,0.55800116,0.018942682,0.02675545,0.021123488,0.023992622,0.048091713,0.04524268,0.041502707,0.018925643,0.0346833,0.026615266,1.1334031,0.02012759,0.024822922,0.03754904,2024-04-05 07:07:00
0.027527422,0.0410049,0.75867736,0.025524188,0.017992806,0.019053921,0.1832217,0.02032977,0.021314781,0.04388232,0.031053167,0.1381619,0.026916409,0.51194996,0.014920824,0.025881246,0.032340746,0.03645357,0.041552115,0.035748653,0.041739497,0.018283485,0.021982368,0.018709322,1.1699604,0.031569805,0.0276744,0.04065434,2024-04-05 07:08:00
0.03237063,0.05847185,0.7603365,0.0264927,0.023457969,0.017812287,0.17660956,0.023780972,0.0189242,0.069624454,0.0372879,0.055381052,0.02717123,0.34248176,0.031558815,0.025317943,0.013110117,0.03817143,0.035470568,0.044923555,0.038138803,0.023806078,0.04694316,0.024695767,1.1385995,0.024124475,0.027897624,0.039614808,2024-04-05 07:09:00
0.05743269,0.042229507,0.81689864,0.01340428,0.019404463,0.055768922,0.1791535,0.023680443,0.020535901,0.03569207,0.024385523,0.2659449,0.06661343,0.35592142,0.016174793,0.030998573,0.022448713,0.030401895,0.036302697,0.04468249,0.056093626,0.039948083,0.030196376,0.013214395,1.1354692,0.030872194,0.019873768,0.041185405,2024-04-05 07:10:00
0.0272585,0.041660514,0.77011395,0.032795582,0.02494057,0.018534059,0.18042533,0.025299752,0.016138429,0.044145145,0.03441195,0.1360268,0.060397048,0.34789488,0.022339774,0.027077492,0.02311946,0.02687068,0.03659461,0.046246618,0.035598584,0.022404404,0.024592923,0.03937581,1.209158,0.03456466,0.027091132,0.036984637,2024-04-05 07:11:00
0.034282077,0.041770563,0.758589,0.020596318,0.03234343,0.018871292,0.17734672,0.032491617,0.023249079,0.05029183,0.03023359,0.048093535,0.027544549,0.4267395,0.016052268,0.025650041,0.009660927,0.04921067,0.04250481,0.044846307,0.0362268,0.031102896,0.02384977,0.015065868,1.1649137,0.0251741,0.027206542,0.035925236,2024-04-05 07:12:00
0.026520867,0.067495815,0.80887073,0.016150974,0.018450852,0.026113873,0.18542492,0.016285624,0.028566914,0.028705277,0.025069151,0.09985878,0.045142807,0.36333203,0.03412213,0.026812654,0.021535877,0.034900017,0.037315413,0.044929046,0.039858777,0.030612033,0.023103084,0.023960333,1.1602864,0.026128214,0.018099839,0.048630845,2024-04-05 07:13:00
0.028787926,0.039489802,0.84020245,0.024611002,0.017810646,0.02502647,0.18336704,0.018338302,0.018181754,0.046251938,0.03669199,0.12656495,0.107088126,0.5365448,0.014112745,0.055258334,0.024906397,0.03602266,0.058427263,0.035867177,0.046873216,0.1488898,0.02425268,0.020371346,1.1557133,0.0294672,0.019447545,0.03626143,2024-04-05 07:14:00
0.03720227,0.025014548,0.79326963,0.01353847,0.027908495,0.023791295,0.18133731,0.023870468,0.021713002,0.04460977,0.030035121,0.04682427,0.120605856,0.55928296,0.013594213,0.028820908,0.022991661,0.027690148,0.019670626,0.050802074,0.04070598,0.017719755,0.015824005,0.020563949,1.1311475,0.02533416,0.05280169,0.04059691,2024-04-05 07:15:00
0.03733651,0.02875694,0.7743232,0.023606505,0.021351485,0.045478515,0.23900034,0.024264563,0.024315706,0.063813455,0.031060606,0.054950796,0.045622576,0.6252163,0.015640443,0.027814435,0.017771345,0.04658198,0.07348474,0.044862296,0.036759797,0.016317355,0.024513707,0.024726918,1.2323354,0.025401188,0.020384677,0.037206683,2024-04-05 07:16:00
0.07232682,0.034599397,0.8399836,0.0232054,0.023844473,0.023390519,0.23666279,0.024231855,0.022216117,0.052228224,0.03468376,0.24157186,0.030139394,0.4156004,0.024975039,0.023673084,0.019747045,0.034815058,0.03544032,0.04334234,0.034120843,0.031322718,0.034385666,0.02085952,1.1974559,0.03132751,0.028463159,0.022482518,2024-04-05 07:17:00
0.027235799,0.06522324,0.8222573,0.021600246,0.03164442,0.014857793,0.23814242,0.023644187,0.035846055,0.059947,0.029832682,0.046676286,0.040354926,0.8769384,0.014581847,0.018824356,0.026263814,0.035338975,0.05382722,0.036097955,0.026647098,0.018972887,0.020212378,0.023284432,1.2203718,0.027768478,0.01854897,0.024694439,2024-04-05 07:18:00
0.024790175,0.03890197,0.8568761,0.028781287,0.02673104,0.019014817,0.23600078,0.023354845,0.024181658,0.04148429,0.038248107,0.15608858,0.043428764,0.5795936,0.014817335,0.034287483,0.02148154,0.09296905,0.07962897,0.040079314,0.032389496,0.025440566,0.02913842,0.021044618,1.1989924,0.031766586,0.05749637,0.026074681,2024-04-05 07:19:00
0.038730517,0.048455436,0.81930685,0.025796033,0.016442223,0.021555435,0.2510477,0.018684406,0.019110182,0.03986597,0.034560923,0.11413613,0.060878437,0.5572802,0.018033816,0.038858593,0.0139048,0.035890777,0.038616247,0.045633532,0.038067576,0.015492886,0.5413066,0.020761149,1.2127506,0.03052899,0.01397472,0.075816244,2024-04-05 07:20:00
0.03250522,0.03932506,0.7372574,0.024199395,0.017221443,0.029242065,0.277487,0.021819428,0.021769697,0.05033617,0.0345613,0.106090784,0.06426449,0.36396158,0.014065959,0.02504961,0.014300287,0.030174341,0.04669545,0.036313415,0.03588834,0.023592293,0.028347405,0.019365644,1.12706,0.027015151,0.019440008,0.025455141,2024-04-05 07:21:00
0.025042472,0.03659492,0.6176211,0.015464564,0.023730494,0.019991813,0.22593136,0.019786738,0.02201806,0.09113189,0.04064976,0.06295368,0.033184137,0.3718671,0.02973756,0.02844048,0.030585388,0.036825765,0.0466444,0.04490093,0.04891646,0.017141866,0.02402507,0.021266138,1.1441629,0.020119507,0.028042581,0.03624189,2024-04-05 07:22:00
0.026437256,0.043717254,0.61269623,0.20081136,0.01753593,0.026625266,0.22835733,0.023824243,0.024210267,0.03843716,0.033220228,0.0561013,0.033092543,0.35702854,0.017970365,0.02954668,0.02293951,0.042943276,0.013933019,0.03590466,0.03879562,0.023405623,0.0143828485,0.028976925,1.1514256,0.02180248,0.026118036,0.042179912,2024-04-05 07:23:00
0.044026304,0.045587663,0.588313,0.017054759,0.018364696,0.036666647,0.26009554,0.009971478,0.021460881,0.06564568,0.040273175,0.14381881,0.02186723,0.34769344,0.020928305,0.030962404,0.023356885,0.035260927,0.04042101,0.035896447,0.036705784,0.02126106,0.035363346,0.022200655,1.189559,0.025621371,0.021246249,0.023196036,2024-04-05 07:24:00
0.056401394,0.051704522,0.53711176,0.028192038,0.024453795,0.025398297,0.24644896,0.036088068,0.018862255,0.036292013,0.025380911,0.16094755,0.023750113,0.36678153,0.01221424,0.015733724,0.012914423,0.03834824,0.03506292,0.04485833,0.03230416,0.018693523,0.024394436,0.020674927,1.2248144,0.02468525,0.02737829,0.040824726,2024-04-05 07:25:00
0.02529876,0.040535115,0.5377871,0.018751089,0.027316049,0.022115855,0.22801317,0.039186064,0.020645792,0.043147843,0.037842344,0.053715937,0.06348385,0.4081651,0.012686023,0.026601793,0.021264054,0.03185838,0.03941816,0.0448232,0.03465514,0.020246984,0.03406946,0.022492042,1.2841002,0.028022569,0.025904577,0.03912052,2024-04-05 07:26:00
0.028054766,0.04411035,0.45788878,0.028305583,0.015618728,0.015914021,0.22850326,0.024202531,0.016012415,0.0565473,0.028187731,0.09419101,0.025911877,0.49957135,0.012466233,0.026914166,0.0066316077,0.015696947,0.042561214,0.03588488,0.0381064,0.02074835,0.029476067,0.022647453,1.298393,0.023759361,0.02547915,0.03989072,2024-04-05 07:27:00
0.029248897,0.038063336,0.5198497,0.02069515,0.019790249,0.020691382,0.22596143,0.026030552,0.023492763,0.06541336,0.037461475,0.06580504,0.05041573,0.34682658,0.01693193,0.02427197,0.03634156,0.04546445,0.045701873,0.044952735,0.037202355,0.031082941,0.030148612,0.019522581,1.3124644,0.032018457,0.024553493,0.03632592,2024-04-05 07:28:00
0.0349892,0.040419113,0.5222724,0.025115268,0.016115924,0.020244977,0.2279619,0.03493842,0.027056871,0.054611493,0.0365049,0.23962663,0.05070325,0.5469582,0.055331636,0.024815917,0.023166606,0.030042024,0.038836114,0.046881363,0.035891257,0.019153394,0.030988842,0.019534165,1.3756429,0.024496164,0.021362884,0.035710502,2024-04-05 07:29:00
0.039056543,0.040832024,0.49452478,0.016818069,0.028126009,0.020334363,0.26745668,0.018664699,0.018247815,0.037597023,0.024652401,0.08193686,0.056840066,0.5957556,0.03699413,0.021740505,0.024414783,0.032609228,0.025828443,0.04482439,0.036610235,0.019877572,0.030064242,0.018725952,1.288568,0.042871956,0.024094727,0.039461765,2024-04-05 07:30:00
0.045985617,0.031840246,0.5630632,0.019426856,0.025606964,0.026087327,0.22610438,0.024027476,0.03276513,0.050314084,0.017137326,0.21126628,0.05436311,0.3588454,0.016087122,0.03217042,0.02563005,0.037989102,0.0721725,0.06114166,0.037825476,0.035718583,0.020236876,0.017942656,1.32449,0.022242898,0.025791671,0.045348663,2024-04-05 07:31:00
0.038861956,0.021132784,0.60619485,0.020499177,0.02898039,0.022992238,0.27470464,0.024178399,0.015352965,0.10009168,0.028273772,0.18893324,0.06833317,0.39222652,0.018561974,0.04407699,0.02950021,0.041875936,0.037574183,0.03616165,0.027318018,0.10813939,0.022997934,0.03536468,1.3671278,0.019367523,0.057336763,0.033401515,2024-04-05 07:32:00
0.028979542,0.03552164,0.5294537,0.015009798,0.023247166,0.021354303,0.22583912,0.024564235,0.014629267,0.041867416,0.016077235,0.11487857,0.060875643,0.46448597,0.019732129,0.011358689,0.036734376,0.039823376,0.044794764,0.035874136,0.027235081,0.020207088,0.027005857,0.015742065,1.3578894,0.023522891,0.0465246,0.03669395,2024-04-05 07:33:00
0.034564286,0.033527274,0.6404051,0.020376937,0.04273963,0.020987447,0.22205782,0.025961986,0.013943483,0.0709236,0.043635674,0.063815795,0.028854186,0.5578763,0.025598766,0.023401672,0.050021116,0.025898218,0.036913656,0.048511915,0.036657978,0.020268913,0.0278804,0.03019541,1.3590726,0.0234555,0.021335103,0.036910143,2024-04-05 07:34:00
0.02989466,0.041183792,0.6242892,0.029951945,0.019732589,0.019447036,0.22351398,0.008852183,0.025896715,0.064204924,0.034639396,0.07483454,0.09848772,0.3662217,0.0213942,0.025226815,0.01038353,0.033709086,0.038113277,0.035699636,0.036022563,0.02006219,0.033517454,0.022762716,1.351173,0.05035866,0.027605101,0.039362285,2024-04-05 07:35:00
0.024624888,0.04211054,0.65658915,0.021566564,0.02087887,0.0224111,0.2512609,0.021457499,0.031388674,0.037658025,0.033556927,0.09414218,0.038440276,0.33364528,0.022055091,0.031896867,0.022713719,0.0330431,0.049351316,0.045217074,0.02990077,0.022284336,0.029292565,0.020086557,1.3536406,0.024556383,0.04956244,0.03821936,2024-04-05 07:36:00
0.024695463,0.04118622,0.7017977,0.016249316,0.023788735,0.0159124,0.2629962,0.025624448,0.02416105,0.06918615,0.034134746,0.14104535,0.029568153,0.34521917,0.024277825,0.029995399,0.023904642,0.0280671,0.03726406,0.03598703,0.036320243,0.022584267,0.026888322,0.02252115,1.4026017,0.02572677,0.02721493,0.03850597,2024-04-05 07:37:00
0.028098792,0.041586895,0.72306895,0.017843375,0.032280654,0.014064562,0.2245231,0.016256535,0.02678304,0.02896235,0.034434196,0.08457548,0.0297623,0.56425756,0.037243847,0.026862228,0.025645647,0.03945558,0.045669682,0.04511455,0.029390706,0.034451958,0.020667553,0.02032215,1.4383565,0.021665005,0.023256045,0.03708265,2024-04-05 07:38:00
0.03456026,0.03153209,0.7392091,0.019887507,0.018752122,0.02264549,0.2293958,0.016983801,0.021458562,0.039689563,0.046838857,0.06948375,0.052938167,0.35222617,0.023391923,0.06417658,0.01817793,0.038694277,0.037145913,0.04495607,0.034063786,0.016125657,0.029016756,0.036062345,1.4456341,0.022558516,0.025310487,0.040978223,2024-04-05 07:39:00
0.024601089,0.061774347,0.70998365,0.022148432,0.022957603,0.017871127,0.22868581,0.024042513,0.014963369,0.037495192,0.04386566,0.1507907,0.03202231,0.33901232,0.021316161,0.071238145,0.021765098,0.03188422,0.039513372,0.045093123,0.031236086,0.025633562,0.029051956,0.016346043,1.4682575,0.029929016,0.028115315,0.050149687,2024-04-05 07:40:00
0.06104157,0.039281953,0.68473,0.022009155,0.02075573,0.029759798,0.22834107,0.025129534,0.023082636,0.03814473,0.030089246,0.16367485,0.04361057,0.5798731,0.05267116,0.074358836,0.016806312,0.03636535,0.037792407,0.045512393,0.037535284,0.01941362,0.02870211,0.038597625,1.4734081,0.03079033,0.023261955,0.03786819,2024-04-05 07:41:00
0.06800301,0.03969472,0.6917792,0.0333447,0.03599428,0.02143946,0.2282429,0.01931432,0.023198772,0.04120509,0.039348565,0.08318439,0.07013593,0.3694262,0.015226551,0.06172506,0.019698083,0.039451487,0.0375517,0.036029693,0.04612498,0.020233277,0.0235649,0.023520092,1.4336843,0.023719987,0.016913004,0.03771239,2024-04-05 07:42:00
0.0667955,0.052598447,0.66297126,0.022384254,0.021756858,0.025228038,0.2250306,0.026710315,0.023358172,0.045445796,0.029397704,0.23397376,0.055863,0.56319886,0.014918647,0.13378085,0.016242156,0.023544487,0.040095165,0.044839967,0.039309453,0.016902877,0.032052096,0.032384023,1.6358973,0.028244691,0.022711875,0.034181423,2024-04-05 07:43:00
0.060560506,0.044409554,0.73711413,0.028940715,0.023011856,0.021049555,0.32911777,0.025776837,0.025774093,0.05179948,0.024333648,0.16570881,0.029758604,0.73845506,0.0142505625,0.12215909,0.022920854,0.03290119,0.036488034,0.044847734,0.03550247,0.025799138,0.026471235,0.024335064,1.5469298,0.022354612,0.018014066,0.030337287,2024-04-05 07:44:00
0.0402063,0.060196552,0.7463718,0.018715784,0.01599276,0.02215172,0.2049941,0.020507427,0.017138125,0.07004908,0.04221555,0.07550775,0.028007995,0.37409967,0.022227671,0.11717649,0.013270695,0.042231597,0.037041537,0.038961127,0.029332915,0.013062408,0.030451143,0.019409489,1.4197531,0.022939969,0.040238116,0.063242786,2024-04-05 07:45:00
0.048170332,0.027899198,0.8624296,0.0136559345,0.0188779,0.022117475,0.19749041,0.016849656,0.024091044,0.06651759,0.04404723,0.12712564,0.031631205,0.3550484,0.052647173,0.12346617,0.02620488,0.03511554,0.039725233,0.046021435,0.031568307,0.0238948,0.061174262,0.017606976,1.4536686,0.03538499,0.027700555,0.036086712,2024-04-05 07:46:00
0.053329535,0.04110971,0.84571886,0.013146836,0.028174665,0.017742053,0.19099173,0.02058086,0.022726694,0.041426513,0.02731955,0.0635801,0.032376643,0.62914956,0.031438094,0.12203117,0.013886581,0.03395431,0.042519838,0.045097914,0.03440302,0.023615139,0.043041743,0.014647509,1.3411428,0.022090815,0.02610821,0.037876166,2024-04-05 07:47:00
0.072088875,0.023944916,0.8523391,0.016480235,0.029870283,0.016718004,0.12955937,0.018913642,0.026229646,0.07561236,0.016431574,0.09271238,0.02855312,0.34135115,0.01487261,0.123219706,0.016196303,0.044873975,0.052037828,0.045242082,0.031809207,0.01864583,0.03267562,0.020591484,1.3044791,0.030640582,0.038111467,0.034551866,2024-04-05 07:48:00
0.078450724,0.043496374,0.95367056,0.020789202,0.020715307,0.02309511,0.13362715,0.02169769,0.015863378,0.06050841,0.03113779,0.10655086,0.07270411,0.35396683,0.01987197,0.11054868,0.025943914,0.027519062,0.049162466,0.04486371,0.034739934,0.020550802,0.028938128,0.0128146075,1.3090198,0.029699907,0.026826113,0.040025514,2024-04-05 07:49:00
0.06362534,0.032154042,0.9109592,0.0141210575,0.013838625,0.02921892,0.1286605,0.023292111,0.02480836,0.030154765,0.037203427,0.13582888,0.03849047,0.6597288,0.017772404,0.10570545,0.02546006,0.03500915,0.05281357,0.04532457,0.03955366,0.010681188,0.029683927,0.017219627,1.2244202,0.024687335,0.02750565,0.036245137,2024-04-05 07:50:00
0.06326242,0.048129264,0.99257153,0.021432059,0.0340367,0.021700747,0.1391105,0.022813423,0.020595623,0.044640213,0.041397817,0.07634099,0.04442572,0.36528745,0.01395121,0.13143347,0.02759079,0.033004545,0.047763,0.043662257,0.038246755,0.018970825,0.03261178,0.021195592,1.219049,0.04581947,0.01719816,0.037562713,2024-04-05 07:51:00
0.060957864,0.049120113,0.9481266,0.027859066,0.020081459,0.02401897,0.14163244,0.019147217,0.015044079,0.05480688,0.031370044,0.24500036,0.07884069,0.62268865,0.016478278,0.10639405,0.013830585,0.03410077,0.030169921,0.040975016,0.046414495,0.018017506,0.032921102,0.020050999,1.2515684,0.020899266,0.018121613,0.037172157,2024-04-05 07:52:00
0.06417014,0.039582435,0.8396777,0.021600353,0.029873466,0.033584516,0.1385631,0.027292045,0.019572454,0.060386565,0.0572263,0.14567095,0.07587848,0.57518613,0.037862327,0.10113949,0.017823994,0.046879675,0.04355524,0.038576987,0.037729383,0.018807877,0.031338837,0.021501165,1.2393634,0.027501361,0.026813593,0.038327698,2024-04-05 07:53:00
0.06147846,0.03539399,0.77599275,0.019245965,0.02319756,0.022521608,0.13865286,0.027202604,0.016460545,0.15246597,0.04661105,0.16009192,0.053674378,0.43180978,0.038572244,0.09773925,0.017118914,0.04043788,0.042933602,0.06326263,0.03382841,0.024968494,0.034748115,0.01908363,1.2453098,0.022150336,0.026835427,0.03727231,2024-04-05 07:54:00
0.06595859,0.03078171,0.77238625,0.020830106,0.021646451,0.020319737,0.7422466,0.026139177,0.027260406,0.06313919,0.026971495,0.06416797,0.038269475,0.54819775,0.016856866,0.10568281,0.025854532,0.03452414,0.047223315,0.055949498,0.048809003,0.012823817,0.032087836,0.017835306,1.2579516,0.032613665,0.05108364,0.034031473,2024-04-05 07:55:00
0.065305494,0.046994723,0.77508324,0.020370498,0.02644632,0.021799957,0.10134273,0.039175324,0.018142136,0.05101174,0.03744029,0.06374757,0.029604327,0.35353202,0.021473235,0.1127492,0.02208227,0.039787393,0.04921285,0.045175347,0.03494507,0.02729442,0.025274266,0.033410672,1.2648667,0.023468232,0.02630591,0.05430585,2024-04-05 07:56:00
0.06212274,0.033835985,0.842203,0.036280524,0.012748087,0.023359468,0.14861439,0.019352168,0.020356737,0.056137346,0.040311433,0.06687201,0.049259726,0.35998085,0.01939401,0.12252696,0.025548091,0.035062455,0.035049997,0.045594003,0.03818885,0.021922031,0.030114323,0.017415293,1.2961664,0.023838686,0.02865165,0.03611099,2024-04-05 07:57:00
0.05359377,0.024860337,0.78623915,0.019871539,0.017832974,0.030359238,0.025671236,0.040105954,0.020298231,0.0684263,0.04644127,0.06064556,0.08067186,0.33869013,0.0297366,0.12674364,0.009894746,0.03856839,0.051699143,0.053442713,0.037487533,0.018597601,0.030852322,0.024896119,1.2717429,0.0271162,0.022336684,0.032746237,2024-04-05 07:58:00
0.040839467,0.031183714,0.8936187,0.023167202,0.01518176,0.019921321,0.027987396,0.020910436,0.0205569,0.035462074,0.020191656,0.13806666,0.027578639,0.39390692,0.018883288,0.14674303,0.022035904,0.03626484,0.055883415,0.037143387,0.03729257,0.022005534,0.032746743,0.01777685,1.2673061,0.034474127,0.020947032,0.034849476,2024-04-05 07:59:00
0.04652121,0.042178888,0.82623017,0.064025335,0.014034883,0.021579098,0.028546255,0.024811024,0.02014298,0.051300876,0.03618884,0.06395341,0.035807464,0.34683767,0.02699727,0.20811062,0.031183612,0.04401918,0.043134104,0.04501097,0.036459453,0.017520525,0.04264805,0.023278657,1.286133,0.02437544,0.027510844,0.034070387,2024-04-05 08:00:00
0.051438283,0.04069761,0.8818314,0.020357987,0.025407063,0.034440912,0.028329868,0.017557904,0.0084821945,0.043671872,0.02091372,0.0500832,0.02955817,0.48594457,0.01629425,0.3044288,0.015592907,0.040107194,0.04995803,0.036072772,0.028868275,0.01847283,0.020118363,0.026292497,1.3078271,0.024464613,0.025537929,0.03846272,2024-04-05 08:01:00
0.04833623,0.049170766,0.90126413,0.018302454,0.01822748,0.025382541,0.028962877,0.022667747,0.01811231,0.05258962,0.046618022,0.08539832,0.027512405,0.3614063,0.04034618,0.22612563,0.018830162,0.039675564,0.044928826,0.04496154,0.04244531,0.01960908,0.025900604,0.029010734,1.1655959,0.026230503,0.029203665,0.033452593,2024-04-05 08:02:00
0.057496507,0.04319912,0.88141435,0.013590673,0.048943356,0.023532685,0.035585776,0.025817912,0.01815128,0.05815925,0.036470763,0.06583032,0.03297793,0.5112934,0.04314075,0.21699886,0.026991064,0.035630018,0.06177596,0.035528027,0.027337793,0.023792222,0.042324085,0.022248518,1.2246907,0.026655896,0.028436998,0.031732004,2024-04-05 08:03:00
0.04668263,0.039861854,0.8342412,0.024210287,0.038116474,0.02451381,0.027641919,0.02754376,0.023307612,0.056244306,0.031048307,0.07697341,0.03075747,0.3903648,0.024636377,0.21467893,0.017321834,0.04154115,0.04435309,0.04405218,0.035803553,0.022221353,0.051751852,0.017309513,1.3416879,0.01844582,0.02912902,0.035940696,2024-04-05 08:04:00
0.06470994,0.048582274,0.76590997,0.016164267,0.0157415,0.02135545,0.030644374,0.022635391,0.022219459,0.044041254,0.04025669,0.10814,0.034910597,0.35946962,0.022721766,0.21570475,0.024464693,0.02590785,0.047282193,0.046227623,0.03662001,0.025239198,0.043574315,0.029018916,1.3697928,0.02609166,0.029539967,0.049715236,2024-04-05 08:05:00
0.07727949,0.038115554,0.80026275,0.025568146,0.022338776,0.023300821,0.029440712,0.024754653,0.02007784,0.029540155,0.037672795,0.069784924,0.041094657,0.37633604,0.019068262,0.20231165,0.023287963,0.037171688,0.053966142,0.044871215,0.035768587,0.02463289,0.03343901,0.02374479,1.3473397,0.027354505,0.028508848,0.040110633,2024-04-05 08:06:00
0.06499478,0.05254076,0.7676434,0.027052617,0.017478734,0.023429891,0.027627612,0.033920966,0.033582337,0.04785939,0.039183214,0.15851249,0.03215383,0.38259324,0.024695672,0.2208951,0.024181109,0.06624745,0.03752036,0.043653168,0.027989484,0.01943535,0.038651004,0.020170003,1.3315921,0.02595968,0.020616734,0.03770235,2024-04-05 08:07:00
0.06457213,0.034452997,0.7706372,0.017546805,0.030987931,0.035791583,0.027410198,0.02572133,0.012755396,0.05224814,0.040854875,0.1620549,0.042622082,0.4007182,0.018390855,0.22005464,0.031596575,0.034332104,0.03638249,0.042866323,0.03376222,0.020785114,0.039524253,0.0546731,1.3338242,0.020389702,0.02087639,0.035158582,2024-04-05 08:08:00
0.050549157,0.041750163,0.7807298,0.019127982,0.022237811,0.021908937,0.02559185,0.021512795,0.015554542,0.059950676,0.04041142,0.12036647,0.10583526,0.3653653,0.02031247,0.40312696,0.020236796,0.088094585,0.08429251,0.036556195,0.037667904,0.014426077,0.07066284,0.015308483,1.3927349,0.022780895,0.018349698,0.035681725,2024-04-05 08:09:00
0.06344085,0.043775328,0.7484253,0.017788902,0.02369791,0.023326466,0.028860265,0.024228552,0.0224113,0.058064032,0.03332302,0.03694728,0.052160576,0.4181188,0.024797583,0.29177934,0.015411951,0.033185344,0.0343427,0.040387,0.03276648,0.017434264,0.03494979,0.020903386,1.4290547,0.03237747,0.028818155,0.033981793,2024-04-05 08:10:00
0.061762154,0.031163612,0.76858324,0.014377919,0.022771688,0.027832175,0.029915264,0.026397608,0.015323698,0.11153246,0.033871043,0.04630469,0.031528592,0.40969452,0.014091249,0.19027555,0.025067113,0.025887731,0.08231857,0.062032852,0.029268723,0.032277483,0.10854803,0.02320684,1.4742339,0.046512198,0.02842037,0.040287014,2024-04-05 08:11:00
0.25700626,0.03634923,0.7106962,0.026704192,0.018060753,0.023170374,0.033704855,0.025831943,0.02608055,0.15606956,0.037153345,0.056201108,0.05222629,0.616558,0.026814872,0.2003299,0.02838987,0.03466227,0.049912676,0.04955231,0.0518303,0.11296762,0.04054194,0.015697293,1.4320263,0.022271141,0.021805815,0.03587684,2024-04-05 08:12:00
0.28913182,0.05044227,0.76356405,0.027836863,0.022836503,0.02358885,0.02779085,0.025773143,0.022092143,0.029953346,0.040397845,0.21865998,0.05567257,0.37258762,0.0266802,0.25542486,0.02686856,0.023957504,0.039939757,0.054239534,0.035503697,0.014646005,0.037229903,0.01920768,1.4743788,0.029362552,0.03978459,0.034000807,2024-04-05 08:13:00
0.29670897,0.050240546,0.81490237,0.014855561,0.02180035,0.023076503,0.03001574,0.026106348,0.018752946,0.05604125,0.033298112,0.122944295,0.10307151,0.8005087,0.018100662,0.2376106,0.026781488,0.04028276,0.041624043,0.043657172,0.037274484,0.026051959,0.039623834,0.022115165,1.4804049,0.038577102,0.019781629,0.040999446,2024-04-05 08:14:00
0.29023805,0.04399652,0.78553873,0.021052549,0.028365105,0.023572722,0.03537032,0.021686029,0.022455206,0.049711578,0.033790033,0.051307365,0.066988885,0.32006368,0.022462063,0.25442728,0.0175125,0.039994113,0.038229864,0.045436207,0.036384422,0.023061212,0.043926496,0.022110704,1.501126,0.025834683,0.02525621,0.03801033,2024-04-05 08:15:00
0.36151755,0.024805214,0.7487777,0.029419905,0.024652265,0.027858572,0.027591618,0.016582524,0.07475666,0.05499319,0.040031463,0.0454115,0.028905597,0.60379493,0.015258441,0.22786538,0.022449328,0.059155528,0.043039497,0.044914257,0.041502748,0.05032996,0.035148643,0.03857023,1.5079517,0.029211977,0.029318718,0.031455923,2024-04-05 08:16:00
0.037716694,0.048320886,0.7290023,0.02503155,0.035728384,0.023110282,0.027993156,0.024576332,0.030406622,0.057331286,0.027828312,0.06626638,0.080121,0.54001564,0.019264493,0.23912042,0.02274908,0.020184727,0.046867806,0.044840645,0.03546443,0.007975053,0.04309418,0.023012348,1.5601889,0.02785247,0.027432369,0.039305408,2024-04-05 08:17:00
0.062208887,0.02080989,0.8177701,0.19369116,0.03216222,0.021895662,0.027026296,0.013092681,0.042992663,0.06351932,0.03917576,0.14326331,0.031520333,0.3355919,0.02007983,0.22636434,0.021934094,0.0428981,0.03289687,0.040537734,0.026678514,0.030982608,0.060200363,0.022262994,1.5233672,0.020965625,0.019355252,0.039506067,2024-04-05 08:18:00
0.042187396,0.046830475,0.80196935,0.12131549,0.011242415,0.022410763,0.034725994,0.017907947,0.025981378,0.070501454,0.039248306,0.057034913,0.081300244,0.3285425,0.01477494,0.24061549,0.026038764,0.04306715,0.030061243,0.053408913,0.03744968,0.102432355,0.039954964,0.023903133,1.5276855,0.02765804,0.02913978,0.022456355,2024-04-05 08:19:00
0.052532095,0.037882388,0.82434124,0.02756081,0.02868117,0.022207703,0.038409743,0.02487831,0.018714968,0.04551165,0.030146092,0.09519367,0.027731447,0.31115896,0.026170352,0.27800587,0.020899737,0.016196443,0.042800866,0.045144737,0.038012125,0.019410586,0.03544033,0.016759796,1.5664022,0.030405909,0.014988273,0.03252509,2024-04-05 08:20:00
0.058730673,0.033857152,0.841172,0.02213837,0.027133496,0.021493826,0.24424367,0.021649199,0.027743205,0.064734496,0.033670574,0.29859442,0.054818716,0.33082303,0.017918162,0.43073756,0.02776535,0.029876715,0.08535415,0.035817556,0.03556182,0.02040381,0.040954854,0.023856457,1.4447938,0.02340874,0.038500223,0.019351613,2024-04-05 08:21:00
0.047071733,0.036318928,0.79879856,0.014195555,0.021670906,0.024732409,0.028457753,0.033122204,0.022680825,0.044932097,0.028653739,0.111464486,0.039384697,0.5489455,0.013967275,0.46319473,0.013630428,0.03749324,0.02573283,0.0484335,0.0375319,0.020439243,0.034540262,0.026282921,1.4557709,0.028712733,0.05568818,0.03275497,2024-04-05 08:22:00
0.034187373,0.04779296,0.80646986,0.035030004,0.038224842,0.027914736,0.030976644,0.025762476,0.019755887,0.0401979,0.031142965,0.053625412,0.025782129,0.36200804,0.022384267,0.3971669,0.012734109,0.041243006,0.043794766,0.040514555,0.038321342,0.021586532,0.04896363,0.018671632,1.5061977,0.01935461,0.023459362,0.026125364,2024-04-05 08:23:00
0.03053208,0.030168813,0.86422133,0.027756099,0.02530239,0.021992544,0.02695741,0.01454171,0.022506675,0.057655543,0.024845418,0.16284847,0.044418883,0.33967605,0.016069116,0.45357898,0.023674523,0.031984303,0.049631894,0.044695094,0.037139345,0.020139504,0.045590725,0.020092698,1.4606009,0.02530123,0.041963838,0.031187149,2024-04-05 08:24:00
0.039275225,0.07773084,0.8516251,0.03199708,0.01489289,0.017415399,0.059177905,0.016957978,0.022666175,0.051739898,0.030551247,0.13314293,0.028185248,0.53172904,0.02442627,0.5003335,0.015821734,0.04220532,0.036147047,0.044811893,0.038468298,0.020851936,0.08683436,0.023926252,1.449173,0.024924511,0.026815223,0.034070767,2024-04-05 08:25:00
0.03984938,0.036953527,0.84083164,0.026663722,0.095183596,0.018445775,0.02998028,0.03313474,0.021652693,0.060984556,0.039632183,0.054844067,0.023627728,0.3540456,0.017122427,0.58563644,0.019117616,0.03104143,0.03819013,0.044934977,0.036756005,0.012372959,0.03346206,0.015843347,1.4437981,0.028408382,0.02867378,0.03529247,2024-04-05 08:26:00
0.036293726,0.0154596325,0.8784041,0.023180662,0.027943593,0.025102632,0.027611682,0.021324908,0.019845247,0.048493393,0.029774977,0.114204556,0.027794346,0.3914425,0.019593714,0.535787,0.021688327,0.02769794,0.046041936,0.03994801,0.03637811,0.02136939,0.023823574,0.03943097,1.4303111,0.019928338,0.027191695,0.048204854,2024-04-05 08:27:00
0.047472473,0.045086678,0.82360464,0.017973984,0.02024971,0.023551216,0.030919544,0.017046237,0.023578044,0.05570702,0.040543832,0.063090876,0.026567033,0.33407554,0.014273354,0.54118675,0.02908325,0.037867513,0.03603944,0.045200173,0.03470712,0.025331648,0.055251736,0.0143767195,1.4675077,0.03010967,0.022060655,0.038019307,2024-04-05 08:28:00
0.035183884,0.0862906,0.8240152,0.031185906,0.034257486,0.029082868,0.03795725,0.023840457,0.013564885,0.05626289,0.04125804,0.061655726,0.03389563,0.32586047,0.022851162,0.53662527,0.04070539,0.03086222,0.04195815,0.045211833,0.034849588,0.030604837,0.03442983,0.026270304,1.4564841,0.023830486,0.02583123,0.033757437,2024-04-05 08:29:00
0.04744622,0.03430452,0.81095743,0.0227377,0.014505747,0.02720627,0.026877524,0.022733612,0.0163622,0.050588712,0.025711484,0.06177605,0.031159742,0.5320237,0.017475529,0.55409217,0.007996277,0.040480983,0.03896641,0.03598742,0.036436677,0.026098479,0.10022081,0.022764053,1.4400318,0.022490568,0.029174246,0.034566686,2024-04-05 08:30:00
0.03215155,0.023844771,0.8051076,0.016088601,0.019990897,0.023645956,0.022255583,0.022338836,0.024677213,0.0612169,0.047019247,0.12505685,0.04387803,0.34025478,0.01660543,0.56815505,0.016081985,0.030929597,0.048195902,0.04527337,0.034281462,0.010038098,0.04772771,0.020542659,1.3566672,0.026228981,0.029654507,0.034689613,2024-04-05 08:31:00
0.040012825,0.016791143,0.84443563,0.013652803,0.015046316,0.019278126,0.029333027,0.024291402,0.02350351,0.0454917,0.02314359,0.15427522,0.023354368,0.34558102,0.014684104,0.6220372,0.015768884,0.038333826,0.044456787,0.04817322,0.038313877,0.018833773,0.08843281,0.021653235,1.1475796,0.024635423,0.033521913,0.028545085,2024-04-05 08:32:00
0.03886359,0.038975753,0.90036345,0.01568582,0.019150777,0.022908337,0.034216437,0.025729079,0.024385108,0.12065344,0.04809706,0.14550091,0.029536406,0.4992982,0.015471614,0.5804008,0.018165877,0.025835536,0.04294695,0.040007036,0.03832289,0.015868124,0.04925812,0.027975481,1.1177042,0.038582034,0.0305705,0.038559165,2024-04-05 08:33:00
0.039525308,0.049048726,0.8856867,0.015653867,0.036194112,0.013120968,0.02633173,0.03497961,0.013521022,0.056171715,0.041306715,0.1474648,0.024875972,0.33949217,0.024715008,0.57160234,0.040884178,0.045492303,0.037851974,0.044875853,0.047517348,0.025066055,0.049646802,0.043506302,1.175826,0.028033566,0.033967588,0.029106792,2024-04-05 08:34:00
0.046979737,0.043573596,0.9098142,0.016285902,0.017963652,0.022271119,0.026261738,0.030647054,0.024781885,0.44057566,0.031137332,0.12768343,0.118649796,0.36362094,0.022308497,0.5763736,0.022577284,0.034128465,0.04086246,0.04627042,0.038038597,0.024810944,0.035005454,0.019547915,1.1219914,0.031886503,0.02844531,0.039550334,2024-04-05 08:35:00
0.059224904,0.027939517,0.9031514,0.030201245,0.020354044,0.028918717,0.027228205,0.028232185,0.023735197,0.06231919,0.030465426,0.2545959,0.0753438,0.5122927,0.022628622,0.53163993,0.022487847,0.02986531,0.04047042,0.036214028,0.04092876,0.020199267,0.046593033,0.017278885,1.1453578,0.026485229,0.021476002,0.016225671,2024-04-05 08:36:00
0.040335678,0.03336726,0.9560807,0.015345125,0.03318106,0.02088325,0.021281896,0.029443523,0.021129455,0.05901556,0.036733285,0.062051807,0.0448495,0.3422753,0.027567292,0.6105051,0.014060205,0.035827164,0.050755713,0.044855043,0.036985278,0.024140524,0.040157404,0.024399243,1.0629952,0.022514232,0.056561988,0.039017197,2024-04-05 08:37:00
0.035836127,0.043686546,0.92660767,0.022018394,0.031540934,0.019491756,0.050181713,0.027022507,0.026782768,0.038110495,0.048620243,0.094985634,0.055116493,0.34098125,0.020239031,0.6415117,0.019003917,0.049944833,0.047805034,0.052105904,0.04441238,0.015465935,0.048453923,0.01770472,1.1315347,0.024343522,0.017560028,0.036651485,2024-04-05 08:38:00
0.041184198,0.019352129,0.92243356,0.03372342,0.10451967,0.025319422,0.025621662,0.02086944,0.023483653,0.054293167,0.020034466,0.22284988,0.12583116,0.54286724,0.01893279,0.6121367,0.019824665,0.051134676,0.044453707,0.035545956,0.034236692,0.01907902,0.043312527,0.020681767,1.1989111,0.025964126,0.031370062,0.033120237,2024-04-05 08:39:00
0.0445561,0.03603921,0.98347956,0.0278569,0.026670616,0.023418637,0.027456425,0.017927418,0.012103021,0.051999167,0.02820156,0.08877807,0.08476528,0.34049574,0.017361127,0.6616664,0.02486233,0.03439408,0.039148565,0.043648995,0.04028693,0.036756363,0.043649845,0.022609733,1.1515563,0.024358079,0.032776464,0.037660897,2024-04-05 08:40:00
0.040504448,0.07362435,1.0192192,0.020240553,0.027821222,0.020906556,0.029075578,0.024953654,0.018768298,0.05047401,0.0456459,0.0750711,0.07565053,0.3486533,0.041434348,0.6664641,0.020310074,0.028942404,0.029998107,0.04488042,0.03887566,0.017013257,0.034026783,0.017314358,1.1776656,0.026691511,0.022302289,0.057296213,2024-04-05 08:41:00
0.05237505,0.03547851,0.98768115,0.030227108,0.021855406,0.021190131,0.026211426,0.020180658,0.022155527,0.07135818,0.02394982,0.13572736,0.034518063,0.33664784,0.018611278,0.5933439,0.024433592,0.03324812,0.031842403,0.044785745,0.030229013,0.013901273,0.041934676,0.022651007,1.1986926,0.028126687,0.02631599,0.044688065,2024-04-05 08:42:00
0.04444906,0.042484067,0.99759173,0.029101126,0.016427876,0.022151833,0.042154774,0.014909242,0.021661257,0.043167017,0.039631188,0.18342619,0.0231243,0.68799937,0.03259821,0.66814893,0.016886752,0.033394203,0.032386884,0.046084058,0.03668996,0.016594129,0.037143122,0.022298094,1.206989,0.026203634,0.028012887,0.03607962,2024-04-05 08:43:00
0.05139806,0.04390169,0.9924207,0.02215617,0.019128023,0.024104424,0.027150894,0.021260897,0.014955774,0.040618323,0.035243127,0.057960443,0.09322977,0.36157537,0.039107475,0.65791506,0.018217688,0.036260143,0.04534769,0.046689775,0.029799795,0.020933367,0.034122318,0.022924969,1.2088621,0.031985164,0.028773792,0.034857035,2024-04-05 08:44:00
0.046235953,0.044526268,0.9924918,0.023482772,0.037967402,0.021655986,0.025353158,0.025067871,0.022001566,0.11858104,0.037312936,0.054833613,0.046272308,0.3703735,0.013390418,0.6248464,0.03202055,0.041068852,0.042320505,0.05256822,0.039398722,0.019789325,0.11605208,0.038113173,1.1422609,0.027436046,0.027690614,0.039273012,2024-04-05 08:45:00
0.052484103,0.03784738,0.9783159,0.020252572,0.016839007,0.019608382,0.026333662,0.022336615,0.01860494,0.058866765,0.03256484,0.041029,0.036820006,0.373888,0.029825883,0.64201444,0.01430174,0.03682054,0.04659493,0.05136346,0.03475077,0.024851365,0.038269453,0.027969992,1.1414396,0.029034581,0.041764535,0.017600356,2024-04-05 08:46:00
0.04093624,0.02832156,0.9705607,0.016323831,0.019250318,0.02253464,0.042982116,0.049820747,0.025125897,0.05005968,0.039469015,0.13137852,0.027101351,0.32881567,0.013997765,0.6415955,0.02928223,0.036580656,0.027646136,0.035854593,0.040850706,0.018860752,0.04029753,0.024362117,1.1598284,0.023138313,0.03328803,0.023762507,2024-04-05 08:47:00
0.052415796,0.06662563,0.97454774,0.020501764,0.02174294,0.14572433,0.027084542,0.023856027,0.023696065,0.10457221,0.033247482,0.057088546,0.025005022,0.5585318,0.02144901,0.6241358,0.017984217,0.036809385,0.03376059,0.04493355,0.042199105,0.01518747,0.0511825,0.034860834,1.1928064,0.02536495,0.027885396,0.048921425,2024-04-05 08:48:00
0.038204547,0.042591963,0.9905208,0.023048813,0.017736122,0.028939288,0.025883257,0.019582806,0.019064246,0.049400326,0.038231004,0.054578178,0.03219802,0.5297154,0.029512122,0.6535678,0.012490901,0.032903012,0.04785737,0.04495933,0.034339346,0.016558765,0.058281027,0.020567544,1.195505,0.025149042,0.02639848,0.030168008,2024-04-05 08:49:00
0.039674014,0.04071757,1.0429038,0.014954253,0.0153889535,0.021960158,0.024722071,0.025011402,0.022890517,0.064721905,0.03869298,0.15274462,0.08243261,0.35391012,0.022881636,0.6299048,0.027630523,0.02565883,0.045279287,0.041257076,0.0308068,0.017896343,0.045534372,0.049952183,1.2233456,0.0283002,0.033244587,0.03815916,2024-04-05 08:50:00
0.057171203,0.040625412,1.0150509,0.013839255,0.021850877,0.023702117,0.016527245,0.018935073,0.024464888,0.049036995,0.03847621,0.05072539,0.03337576,0.34456125,0.016166715,0.52235883,0.026984537,0.025182925,0.034124352,0.045555793,0.038586102,0.021584554,0.048388973,0.021344842,1.2274721,0.027111586,0.024102949,0.039092116,2024-04-05 08:51:00
0.03205933,0.0402695,0.98032767,0.0155093605,0.020182932,0.02155633,0.023780873,0.0204233,0.01761392,0.054086115,0.04106951,0.22153145,0.02707887,0.39077413,0.015048912,0.61216617,0.018230444,0.03920393,0.034513135,0.035983175,0.040933724,0.022281677,0.11343478,0.018853234,1.2138126,0.02422529,0.045138482,0.0377215,2024-04-05 08:52:00
0.038453653,0.017714059,0.9944061,0.014023588,0.035904586,0.024052046,0.026302578,0.037769638,0.023321686,0.06909049,0.034867764,0.20557365,0.02714626,0.36152908,0.014165341,0.53099066,0.07042627,0.030784497,0.031708047,0.035748575,0.04355926,0.020325493,0.056661975,0.03150305,1.2416135,0.024251567,0.029571634,0.032636326,2024-04-05 08:53:00
0.037912752,0.038587272,0.9881443,0.017011045,0.033971317,0.023669118,0.023029504,0.03264015,0.020828292,0.062149774,0.03693679,0.077498995,0.06104604,0.59658474,0.01490762,0.60296416,0.0226913,0.038231824,0.04276514,0.045129456,0.038425833,0.027460614,0.09525598,0.023500802,1.2566957,0.03468896,0.02808515,0.037503738,2024-04-05 08:54:00
0.057888903,0.043875758,0.98532695,0.024050226,0.047064997,0.08117941,0.025124045,0.022458969,0.017476387,0.055726558,0.059182625,0.099859215,0.02545883,0.6110788,0.014897982,0.61980605,0.024087915,0.03584036,0.023266839,0.045112427,0.039342653,0.019514339,0.036334585,0.017958831,1.2449567,0.034100797,0.029061193,0.037179675,2024-04-05 08:55:00
0.050759014,0.034130648,0.998301,0.014454539,0.018617358,0.02429064,0.033710334,0.017169183,0.02380765,0.04544218,0.033463083,0.11057181,0.0988949,0.3576428,0.046021663,0.54200333,0.022658434,0.028816815,0.028917061,0.04574031,0.037724648,0.020600615,0.037807595,0.031528864,1.3097779,0.020774124,0.023001285,0.036201965,2024-04-05 08:56:00
0.04467018,0.04163976,0.99932945,0.028199814,0.041943952,0.02220338,0.035305027,0.020389726,0.026843844,0.050433807,0.03415915,0.21820429,0.027832938,0.4122787,0.022179134,0.58181,0.03781969,0.03272756,0.10170324,0.041608587,0.027654259,0.021797495,0.045498986,0.02018163,1.2590762,0.032128558,0.02117524,0.03942399,2024-04-05 08:57:00
0.04860191,0.03120227,1.0238421,0.022669826,0.027903028,0.023158068,0.028421467,0.025489677,0.019798195,0.04748894,0.02359486,0.16180809,0.032401115,0.3848536,0.0238981,0.6336376,0.020810444,0.031741522,0.042319447,0.053267833,0.03806555,0.03235509,0.049640905,0.024892243,1.2272484,0.034226924,0.028913023,0.03942638,2024-04-05 08:58:00
0.17718647,0.05375006,1.0104622,0.03117147,0.026854375,0.021746326,0.045028847,0.023111926,0.019690448,0.048158556,0.030811248,0.17232455,0.032561123,0.67683554,0.042552326,0.6849325,0.012564495,0.035460368,0.026331471,0.04161813,0.030151771,0.015859623,0.043869518,0.025052046,1.2293293,0.028195756,0.01864533,0.047549628,2024-04-05 08:59:00
0.07559215,0.07815894,0.9984759,0.020310497,0.041681357,0.022303969,0.023551244,0.02573125,0.01897535,0.12147728,0.046158582,0.06332305,0.028317532,0.5032045,0.04829567,0.5614898,0.02464242,0.03329432,0.039561357,0.03569894,0.048151854,0.019341212,0.04388287,0.033152826,1.22915,0.03139581,0.059526037,0.035814315,2024-04-05 09:00:00
0.099433824,0.030082496,1.0161337,0.014820994,0.022266744,0.023640677,0.026387386,0.023727454,0.03054245,0.044394173,0.022098074,0.058239754,0.029331632,0.7137482,0.013733868,0.6491732,0.038895283,0.02991188,0.039689675,0.044795785,0.035903063,0.018079715,0.068291016,0.02324428,1.2456342,0.020833269,0.025881203,0.011539098,2024-04-05 09:01:00
0.0978774,0.041860048,0.9928089,0.032353155,0.022466492,0.022706063,0.035444837,0.022240097,0.02598236,0.07349524,0.024194932,0.22043519,0.042923037,0.65026736,0.053601872,0.60360414,0.0195392,0.030607361,0.035643205,0.04517766,0.040304,0.017658044,0.050012514,0.019460192,1.2269102,0.031749386,0.028226513,0.038688943,2024-04-05 09:02:00
0.10089873,0.041695017,1.030525,0.020227842,0.027573684,0.018612053,0.024633031,0.024152953,0.018264875,0.0650583,0.042551365,0.055073913,0.033614762,0.46404356,0.02260714,0.61046576,0.021524178,0.027342787,0.0417619,0.044892874,0.037573926,0.019892288,0.09947545,0.015331165,1.3134352,0.033377443,0.028909583,0.03652835,2024-04-05 09:03:00
0.09264594,0.07105946,1.0149875,0.019431308,0.018843072,0.02248478,0.020697461,0.022200163,0.017727578,0.05595295,0.03947353,0.076111436,0.026312271,0.46201098,0.044508755,0.61165917,0.03085289,0.010786068,0.045100175,0.045166567,0.030692246,0.019590806,0.09445894,0.019876799,1.335107,0.025775336,0.02449454,0.03697328,2024-04-05 09:04:00
0.11061359,0.032894287,1.0027738,0.023003064,0.018281395,0.03168877,0.026404234,0.02252753,0.020531151,0.06605042,0.02689321,0.18480779,0.09699666,0.6157004,0.046548337,0.69392127,0.025821574,0.037724685,0.033788677,0.044936866,0.03888986,0.013494174,0.046105187,0.014357382,1.276212,0.02329756,0.067393586,0.034009993,2024-04-05 09:05:00
0.12732224,0.041715533,1.0550596,0.015802782,0.039640952,0.021432463,0.03257837,0.023926057,0.023930298,0.0444185,0.03775214,0.10548088,0.05456097,0.4101418,0.050394904,0.65703845,0.02653395,0.025236182,0.034069408,0.04486769,0.048066005,0.093980394,0.09638737,0.024161652,1.2886634,0.03359786,0.021428758,0.039439287,2024-04-05 09:06:00
0.099919885,0.03184395,1.0185966,0.04852547,0.015277968,0.015965734,0.027967857,0.017516904,0.016842755,0.05535308,0.03385226,0.04795097,0.09253816,0.47224087,0.015522351,0.6928259,0.012860161,0.04025462,0.038137496,0.044927176,0.039537754,0.015361948,0.118713476,0.016652053,1.2877978,0.025460124,0.028649524,0.032267366,2024-04-05 09:07:00
0.09850867,0.0399652,1.0353272,0.01803355,0.02311253,0.017257305,0.03616461,0.024697084,0.020104952,0.054261476,0.044124067,0.103076,0.07551418,0.44196936,0.03627013,0.77719635,0.014753806,0.042833302,0.041689258,0.048590783,0.037762724,0.020557182,0.059628062,0.020003445,1.297219,0.022823267,0.030728443,0.03440288,2024-04-05 09:08:00
0.09790487,0.042081445,1.0447783,0.019054804,0.02527925,0.052702937,0.018306453,0.018253922,0.021371722,0.08115722,0.03226308,0.06671078,0.03474852,0.60384667,0.02924193,0.7196589,0.013689748,0.03488587,0.03831128,0.042093344,0.0423515,0.019420749,0.092644714,0.016221719,1.304282,0.022454062,0.06144007,0.03894158,2024-04-05 09:09:00
0.07134869,0.038159743,1.0172722,0.020109259,0.02530337,0.05621758,0.030399462,0.017581133,0.021696772,0.031209644,0.028858941,0.27569497,0.026424104,0.643344,0.02224603,0.7651317,0.023366284,0.03792056,0.038763613,0.046139307,0.028865319,0.020815093,0.074423686,0.02578076,1.2844799,0.02177579,0.032071505,0.032385908,2024-04-05 09:10:00
0.071202084,0.03905007,0.97390455,0.023936123,0.025272941,0.02606947,0.027879013,0.0143723795,0.017842239,0.05049908,0.035097964,0.21252646,0.07905076,0.43293482,0.037883062,0.6958504,0.029942865,0.033512115,0.04286354,0.036371056,0.025927339,0.01345854,0.06910901,0.020816868,1.3057613,0.027625658,0.018783754,0.040033963,2024-04-05 09:11:00
0.09972813,0.051428888,0.90601456,0.015787946,0.026377494,0.025628118,0.023706485,0.016824946,0.020394424,0.06824858,0.037516005,0.108197324,0.101223305,0.43299276,0.015038697,0.6564404,0.023641448,0.032224726,0.044974245,0.050656643,0.044601724,0.020639686,0.11467269,0.023695178,1.2955896,0.028765785,0.032443374,0.039522327,2024-04-05 09:12:00
0.09964882,0.041551393,0.8823925,0.024217099,0.04100861,0.019530915,0.021655263,0.025608355,0.021925414,0.06482197,0.029415086,0.121184684,0.035489697,0.69327,0.016581189,0.75286424,0.0226573,0.03334164,0.04574949,0.039943293,0.04105275,0.020399183,0.11937105,0.024126029,1.3240666,0.025224615,0.022103518,0.03812245,2024-04-05 09:13:00
0.07810152,0.029170902,0.8801888,0.02412392,0.029057633,0.02517103,0.2244132,0.025240984,0.02214142,0.04837021,0.05307952,0.1418038,0.024558067,0.3890074,0.08059052,0.75814074,0.023370784,0.031045923,0.037970677,0.03551037,0.037216593,0.019555332,0.19851154,0.022311563,1.3181186,0.031631764,0.033212174,0.036610354,2024-04-05 09:14:00
0.09756853,0.03820228,0.89788455,0.02291042,0.0239098,0.025982726,0.025807487,0.023298599,0.021507999,0.049834225,0.0473493,0.20708069,0.03363365,0.44875008,0.027350472,0.7466757,0.021822607,0.029601945,0.057207067,0.044971827,0.03753867,0.025267316,0.076423526,0.022206977,1.3467878,0.024282627,0.035095725,0.03658695,2024-04-05 09:15:00
0.09881963,0.049319938,0.8972044,0.01495077,0.025399324,0.02341626,0.024291877,0.028306317,0.019090723,0.04436676,0.02647505,0.08665107,0.028455578,0.41750646,0.023433661,0.6856347,0.013747842,0.020868558,0.03404024,0.03869873,0.037160125,0.02356919,0.086765714,0.02254671,1.3314435,0.045041185,0.028672896,0.033757936,2024-04-05 09:16:00
0.10189027,0.04254401,1.0125452,0.024763584,0.023907408,0.022488963,0.089935236,0.026886135,0.013634457,0.040312286,0.033335045,0.20621818,0.13563098,0.7111235,0.02371048,0.6823385,0.02600109,0.03375972,0.08161945,0.03670302,0.037017785,0.01901828,0.07618865,0.015906684,1.370693,0.026367065,0.022532113,0.035707187,2024-04-05 09:17:00
0.07422155,0.030709509,1.0320939,0.015988382,0.022462694,0.02257032,0.026937703,0.0433683,0.024296874,0.045564935,0.038029797,0.1609896,0.07635242,0.45586166,0.02816823,0.75093484,0.022448372,0.032069206,0.039091814,0.04504422,0.036110446,0.030307531,0.08634325,0.018507024,1.3388115,0.03006685,0.027325545,0.032033935,2024-04-05 09:18:00
0.100734085,0.038084313,1.037945,0.015697751,0.017832723,0.021918884,0.02396294,0.019287422,0.023192853,0.0860753,0.028300783,0.062261507,0.025370674,0.6155739,0.014717208,0.84182954,0.029094426,0.039786533,0.040353928,0.04494837,0.037288874,0.014908865,0.07548994,0.027609846,1.3470328,0.032982334,0.021196565,0.030718613,2024-04-05 09:19:00
0.110683076,0.029528024,1.013668,0.015152307,0.019792221,0.02227318,0.023977581,0.023486366,0.016485197,0.061578862,0.029445482,0.08059352,0.04837743,0.60675466,0.04490206,0.82619303,0.012328163,0.031666838,0.078061074,0.035618745,0.034509886,0.030388266,0.15834849,0.016611543,1.3166538,0.032855563,0.030252643,0.036483787,2024-04-05 09:20:00
0.098930456,0.03701331,1.0170336,0.017716935,0.022385737,0.025197988,0.025295192,0.01567959,0.023892771,0.03990498,0.041166518,0.07660836,0.043609776,0.64591485,0.012730829,0.82558304,0.019771392,0.03899909,0.03795189,0.03670818,0.0374767,0.030246563,0.06532302,0.02603796,1.437231,0.027267586,0.029354956,0.038603693,2024-04-05 09:21:00
0.10000156,0.03648372,1.0105441,0.014576525,0.011439191,0.015303753,0.023691596,0.015252254,0.023945091,0.105919644,0.026675092,0.12766485,0.047037352,0.6077366,0.016761998,0.8775021,0.045546137,0.03880207,0.04799502,0.045193635,0.03688303,0.017856354,0.059615657,0.03520061,1.3366654,0.023015447,0.032495126,0.035236016,2024-04-05 09:22:00
0.096792124,0.031215264,1.0939837,0.122926466,0.02046172,0.018924609,0.0197779,0.010838554,0.014736188,0.06485882,0.046410944,0.118894204,0.0307694,0.42438507,0.040891487,0.8467487,0.024229387,0.027211053,0.03469976,0.035640854,0.03477818,0.017970689,0.06460104,0.019421272,1.3364412,0.043202054,0.022069989,0.034468677,2024-04-05 09:23:00
0.074237786,0.042751133,1.073863,0.025517423,0.021340633,0.023162935,0.024033733,0.02562307,0.016827296,0.048986074,0.04591542,0.10617678,0.072627634,0.4475794,0.018870264,0.93392134,0.04626529,0.027412271,0.043944262,0.036742132,0.030051712,0.0265148,0.077511206,0.025009207,1.5117337,0.026424147,0.016919972,0.03397026,2024-04-05 09:24:00
0.09850211,0.04185525,1.0553831,0.020332273,0.024012648,0.037517283,0.02353071,0.024294259,0.02552478,0.05767128,0.03900897,0.047651336,0.09604475,0.5872196,0.013189852,0.8811067,0.021649405,0.031121982,0.036712587,0.03850972,0.03710023,0.009841706,0.070755,0.021873554,1.5054699,0.03516776,0.025855875,0.034856506,2024-04-05 09:25:00
0.0969922,0.06434519,1.0034943,0.024057183,0.019343095,0.015746327,0.027268423,0.024775036,0.016437545,0.047222625,0.034075465,0.06060496,0.025845962,0.40911612,0.017565012,0.94412,0.018289955,0.02828539,0.021932438,0.044869024,0.036766596,0.016814422,0.07292952,0.01862981,1.4380611,0.029309684,0.029037137,0.031295784,2024-04-05 09:26:00
0.09759189,0.05038636,0.9260462,0.02066807,0.014464607,0.019797167,0.022657074,0.024763841,0.023170931,0.058395308,0.045646556,0.06160462,0.029291194,0.638501,0.015996907,0.92924184,0.0112921465,0.013792654,0.050063793,0.045159787,0.03647682,0.016671494,0.071872376,0.018783407,1.5215236,0.032504383,0.03516696,0.034043133,2024-04-05 09:27:00
0.44223768,0.040242992,0.9302874,0.016843682,0.0172991,0.025938662,0.25708798,0.021467062,0.023231385,0.0396784,0.045861,0.06775102,0.029038077,0.63071007,0.013562855,0.93062544,0.030659813,0.034070406,0.040987812,0.044979487,0.04658537,0.0415661,0.080976546,0.022274084,1.4483829,0.023269169,0.030840937,0.03887363,2024-04-05 09:28:00
0.41224933,0.042126697,0.84552985,0.036018044,0.021113629,0.022142574,0.039013434,0.019358808,0.01543019,0.056794547,0.04252985,0.043815244,0.101698644,0.5171661,0.01309002,0.7337846,0.02445529,0.026214765,0.10125974,0.039892036,0.040929414,0.014432235,0.08728302,0.04774637,1.4256486,0.034349132,0.021516131,0.037277106,2024-04-05 09:29:00
0.41533348,0.028664362,0.7761163,0.027729517,0.023792101,0.019770704,0.02544524,0.024572108,0.015410811,0.05008244,0.02639446,0.05907023,0.13665947,0.45105013,0.01626352,0.79909754,0.018067654,0.037734132,0.03024975,0.036729224,0.05041413,0.021762887,0.07134686,0.019659674,1.429317,0.0352232,0.026855,0.039273705,2024-04-05 09:30:00
0.45177966,0.0386767,0.78887516,0.0313525,0.028281385,0.020518593,0.026649268,0.019881412,0.023365391,0.07120334,0.04594542,0.04988737,0.03877854,0.64590144,0.020278854,0.8140522,0.009447809,0.04064372,0.03631789,0.04519096,0.039005417,0.022461737,0.09575825,0.033518624,1.4106734,0.02055849,0.029699385,0.038779225,2024-04-05 09:31:00
0.397648,0.035061304,0.8075178,0.019437017,0.026356462,0.023112789,0.036706842,0.025359876,0.017888784,0.03281273,0.021081733,0.24230258,0.047590442,0.4270197,0.019236855,0.73112196,0.022792019,0.026768195,0.035641484,0.046884492,0.021271974,0.033015564,0.13030922,0.016563922,1.4017011,0.030444954,0.022229189,0.034532636,2024-04-05 09:32:00
0.44894612,0.13181855,0.78961945,0.02650295,0.01949291,0.022173002,0.02449717,0.028806644,0.02221274,0.06429161,0.040967174,0.20907992,0.069053926,0.40786055,0.022379491,0.8082711,0.01630078,0.040928934,0.02331796,0.049460854,0.028398518,0.032153144,0.06900772,0.02112023,1.3926322,0.033420555,0.06651997,0.03673368,2024-04-05 09:33:00
0.4969023,0.04168579,0.79106075,0.014347023,0.02251383,0.023561865,0.025156394,0.023213403,0.0214513,0.04142175,0.0352211,0.2555396,0.048551492,0.6302035,0.027009368,0.84024316,0.014216995,0.03538232,0.03956911,0.048953068,0.030510616,0.011321268,0.08511147,0.028124057,1.4239906,0.02226967,0.028635483,0.03904684,2024-04-05 09:34:00
0.43701485,0.030564541,0.86410403,0.026037283,0.025556568,0.023670577,0.021973282,0.015503953,0.01886263,0.04370495,0.03247324,0.28144476,0.04052223,0.5338756,0.016351812,0.8634386,0.015315511,0.03530733,0.042160414,0.040952325,0.045302197,0.021349097,0.067771554,0.023128148,1.4277301,0.022617372,0.020515205,0.03942251,2024-04-05 09:35:00
0.4358867,0.045054335,0.8603777,0.016629836,0.022722568,0.022673165,0.17089841,0.0151697835,0.018730307,0.036338344,0.043974906,0.1939031,0.029191362,0.4292169,0.014962213,0.8465399,0.014775329,0.03643183,0.03971911,0.045425914,0.030833744,0.020124586,0.18634708,0.028709231,1.4838622,0.027946247,0.029764473,0.029530084,2024-04-05 09:36:00
0.42785916,0.031015752,0.8595967,0.01394625,0.019033281,0.020500103,0.021487566,0.018837886,0.01809269,0.058932774,0.049221143,0.11578896,0.033621993,0.45803517,0.01341395,0.84850705,0.020234553,0.03986885,0.049309026,0.037114378,0.031127127,0.01222792,0.075736545,0.02446401,1.4842284,0.029451974,0.020645352,0.03483814,2024-04-05 09:37:00
0.41896874,0.07485933,0.947146,0.021936232,0.026631597,0.021557199,0.025034755,0.019192558,0.018121973,0.036854006,0.042001605,0.18316677,0.060210798,0.6591816,0.015585091,0.8410119,0.019807613,0.032349512,0.07524645,0.050996214,0.037958212,0.019939391,0.095357165,0.023637777,1.5579085,0.031437866,0.027963582,0.0326816,2024-04-05 09:38:00
0.5360867,0.039038792,1.0063002,0.014476249,0.018780053,0.02338995,0.022493144,0.020387366,0.024631761,0.051223245,0.040395603,0.17744555,0.05789727,0.43420768,0.03161366,0.7912025,0.027053988,0.024870867,0.026250107,0.03939525,0.040597178,0.024870938,0.14702226,0.01710576,1.5616616,1.0345608,0.020872567,0.038121197,2024-04-05 09:39:00
0.45171306,0.02064029,0.98957825,0.014047966,0.020386167,0.020655297,0.035226427,0.022373231,0.015373697,0.050549667,0.03682889,0.1389281,0.034679595,0.40328383,0.014915386,0.8648832,0.026462791,0.029268056,0.056395747,0.045282017,0.02719339,0.019515673,0.07627732,0.022910243,1.5299228,0.025429567,0.019420255,0.035270147,2024-04-05 09:40:00
0.42501268,0.024794593,1.0201448,0.018243497,0.023932278,0.022742547,0.022534061,0.020837788,0.021365674,0.055619143,0.032189436,0.23144168,0.084814504,0.49830294,0.017235318,0.79007024,0.023274308,0.027815055,0.051796068,0.054569874,0.0468438,0.019714786,0.06591582,0.018062608,1.5281161,0.027268492,0.015504004,0.042006236,2024-04-05 09:41:00
0.4638688,0.033913847,1.0311621,0.030098656,0.026029902,0.016463807,0.027947677,0.036466483,0.017930808,0.042842973,0.031398386,0.10681204,0.028857509,0.43879595,0.020515872,0.7210172,0.04019538,0.028932666,0.03879031,0.044878405,0.03273198,0.016444536,0.17293736,0.024138449,1.5251346,0.030513814,0.021735353,0.03676534,2024-04-05 09:42:00
0.52662,0.042527933,1.0171838,0.022273239,0.01457221,0.02349574,0.021614572,0.01582599,0.026807263,0.12125627,0.033913396,0.088522874,0.07063004,0.7324576,0.015756326,0.728923,0.029322078,0.029468609,0.035743974,0.04517751,0.04149948,0.018073095,0.090819634,0.019807877,1.575061,0.021376224,0.029071445,0.03654568,2024-04-05 09:43:00
0.4802018,0.032012504,1.0508573,0.02850267,0.023684401,0.023350917,0.03511876,0.023176236,0.05968123,0.052867435,0.0324429,0.12922324,0.04523755,0.4755187,0.021821775,0.7161001,0.024617894,0.026270919,0.09766159,0.053481355,0.027140759,0.017658338,0.1367067,0.014219803,1.6058428,0.044624615,0.026912546,0.024004016,2024-04-05 09:44:00
0.46622238,0.034205362,1.0091525,0.13369222,0.022153664,0.014058503,0.027002413,0.013466602,0.024099221,0.038301133,0.04237308,0.044278312,0.05025548,0.4714087,0.021346588,0.7139317,0.016161567,0.034632232,0.04953407,0.045065675,0.03478631,0.023780895,0.06284399,0.021487579,1.6558723,0.029932767,0.02853592,0.022780292,2024-04-05 09:45:00
0.47128072,0.036330245,1.0009881,0.022939188,0.016880274,0.01413226,0.03163696,0.012874434,0.013439534,0.047844216,0.037905328,0.11327046,0.042487312,0.4478408,0.013012843,0.6943822,0.014444446,0.03797097,0.044579733,0.036383357,0.035580833,0.01832507,0.073599525,0.029058196,1.6439114,0.030614316,0.029860862,0.037999492,2024-04-05 09:46:00
0.39510718,0.040788446,1.0685956,0.018688606,0.022365531,0.02182713,0.03289695,0.017745798,0.017497104,0.04486351,0.044283155,0.2919781,0.12865552,0.6659886,0.027316544,0.66725266,0.024986675,0.029304588,0.07691889,0.036002673,0.03384154,0.020071138,0.1861312,0.022207702,1.657602,0.029857744,0.015061151,0.02874291,2024-04-05 09:47:00
0.462509,0.036942653,1.0303894,0.016016027,0.02295349,0.021925436,0.023454161,0.011526182,0.017816044,0.054318517,0.044978596,0.28519177,0.045389123,0.63098145,0.033754632,0.6709759,0.026796542,0.02792603,0.022714425,0.040721186,0.054016855,0.031933084,0.13532467,0.025231551,1.6305557,0.03212443,0.026025938,0.030485533,2024-04-05 09:48:00
0.4745019,0.046808127,1.0550396,0.22101213,0.028625015,0.025564747,0.041049734,0.02336976,0.01581872,0.046668548,0.034385573,0.11449893,0.03189895,0.7165406,0.016371291,0.67379135,0.02241756,0.026873348,0.039670017,0.044745337,0.029640814,0.017654335,0.09420683,0.020915909,1.7053444,0.057570424,0.027343571,0.028342212,2024-04-05 09:49:00
0.455308,0.03720669,1.019415,0.018535173,0.020452412,0.016516717,0.018400654,0.034650985,0.024364384,0.050436746,0.04341816,0.081030965,0.024744388,0.44036493,0.020376977,0.7981665,0.09424719,0.04823806,0.038328756,0.04482128,0.04052955,0.017331176,0.10761031,0.030807195,1.6451043,0.030609913,0.02797178,0.02710699,2024-04-05 09:50:00
0.45597178,0.042608086,1.017287,0.023261895,0.025433715,0.022865474,0.024830393,0.033665203,0.02066222,0.042157736,0.023258867,0.065159336,0.027946146,0.6660087,0.022258412,0.7914835,0.01336025,0.03524686,0.046722125,0.045342144,0.035917614,0.13631514,0.08406945,0.030390486,1.6293033,0.024951342,0.026764479,0.077908866,2024-04-05 09:51:00
0.39428294,0.038037904,0.9591433,0.01732275,0.017211966,0.023090255,0.025136068,0.014254552,0.02232181,0.04708325,0.044134106,0.19048485,0.031792518,0.65010905,0.019615855,0.737612,0.020482853,0.024644572,0.058955915,0.03572335,0.049339358,0.018046735,0.1760121,0.017053518,1.5284985,0.038037572,0.02014362,0.03688586,2024-04-05 09:52:00
0.40043598,0.053098015,0.8316652,0.0130105335,0.034173597,0.022676751,0.027271533,0.02552359,0.016950883,0.06059855,0.031682312,0.04598115,0.04279569,0.49092805,0.03632245,0.77100414,0.03433395,0.034421813,0.03978558,0.044823732,0.038408365,0.032933246,0.08166491,0.029512081,1.4735199,0.0305424,0.017685173,0.039341517,2024-04-05 09:53:00
0.42723373,0.03992511,0.80934197,0.017439626,0.027602337,0.028078869,0.024618592,0.021030985,0.025364796,0.04236886,0.044150606,0.07982698,0.026195081,0.41654816,0.016978908,0.7116506,0.021563973,0.043490853,0.045584366,0.03606413,0.030427516,0.016232459,0.081415825,0.015844094,1.4702923,0.029589672,0.029090775,0.03144777,2024-04-05 09:54:00
0.6766518,0.026546793,0.8280067,0.026472632,0.019369394,0.020941861,0.027786283,0.025915165,0.02010808,0.05294051,0.043341395,0.06714575,0.02573723,0.42577052,0.05695596,0.7777793,0.043661106,0.04653167,0.048138354,0.049173452,0.039275844,0.032359373,0.068088286,0.03702068,1.461756,0.033899125,0.03239356,0.03697949,2024-04-05 09:55:00
0.6896684,0.042226486,0.8682616,0.02125623,0.014301011,0.022513762,0.023559222,0.018336406,0.022622885,0.05162354,0.045165878,0.06325322,0.05072127,0.62292576,0.0128237875,0.8405693,0.0146588,0.043229975,0.041565623,0.045231365,0.037999008,0.016205708,0.09155708,0.023796681,1.4802725,0.032808844,0.021373743,0.03714567,2024-04-05 09:56:00
0.6779499,0.041020215,0.8677014,0.020364715,0.022836398,0.023118284,0.03064353,0.025562085,0.025081104,0.048984583,0.03534504,0.20847845,0.06344193,0.6073876,0.034475934,0.8010471,0.014730551,0.040356986,0.04025408,0.03611883,0.030925365,0.02476819,0.0747529,0.024865678,1.5094117,0.03896624,0.03562616,0.038908187,2024-04-05 09:57:00
0.6480413,0.05686426,0.94645005,0.014726498,0.022113048,0.018329576,0.039524253,0.017054455,0.023335835,0.062677115,0.027691256,0.09488186,0.06355729,0.44932204,0.02056688,0.8996684,0.02215733,0.02325048,0.039460853,0.04491457,0.03883223,0.022017822,0.23406556,0.019178597,1.5634961,0.025642695,0.022238918,0.03758312,2024-04-05 09:58:00
0.6924166,0.042139623,0.88188607,0.01708047,0.032191675,0.021242833,0.02904763,0.025321651,0.022209724,0.0534241,0.026065977,0.10208204,0.045850992,0.398258,0.026082525,0.8832505,0.03970265,0.035207562,0.04636574,0.036432564,0.036585547,0.022284638,0.08954156,0.029702969,1.590312,0.035564035,0.02761927,0.037991453,2024-04-05 09:59:00
0.6081675,0.026824357,0.89584637,0.02289858,0.027491255,0.017973581,0.022374695,0.01952395,0.019436976,0.04739148,0.03172836,0.24538723,0.029022072,0.94064236,0.018737685,0.9271935,0.025470937,0.034603808,0.044628244,0.039598126,0.032037873,0.022252712,0.08983636,0.024311615,1.5925132,0.03286493,0.03165377,0.03685377,2024-04-05 10:00:00
0.62467855,0.031312313,1.0163695,0.022687847,0.026267944,0.02425237,0.025333717,0.01800857,0.029471768,0.06345616,0.037055995,0.13870929,0.06665055,0.41908407,0.015935278,0.98296624,0.021371841,0.032230623,0.032981675,0.036013808,0.026356237,0.021071017,0.10928598,0.020166077,1.6404465,0.03641623,0.07114345,0.04098405,2024-04-05 10:01:00
0.6907466,0.03957426,0.9499715,0.02745199,0.019047799,0.022124333,0.017832104,0.042043854,0.022504566,0.04691337,0.020285143,0.059107937,0.06628325,0.49108136,0.016488211,0.9828832,0.021278042,0.041767668,0.04330849,0.040119186,0.039639916,0.011713498,0.10275678,0.025792228,1.5969061,0.04142419,0.019901628,0.038891453,2024-04-05 10:02:00
0.68372905,0.037356768,0.98479676,0.013451497,0.020360408,0.15738332,0.04361896,0.021692103,0.025851598,0.08041762,0.046921343,0.1165842,0.030526772,0.4832248,0.015320012,1.0153103,0.03170812,0.029208785,0.056168236,0.045461424,0.036126025,0.026614357,0.088061646,0.03759369,1.6466118,0.02673595,0.029092986,0.01107738,2024-04-05 10:03:00
0.5496818,0.041542936,0.996751,0.029590994,0.021671878,0.022874376,0.035756167,0.024715155,0.023555411,0.05288295,0.027882306,0.04934791,0.037981052,0.663306,0.024586111,0.9583115,0.025085704,0.017280025,0.047508463,0.04482708,0.06597543,0.017685456,0.07790502,0.02063049,1.6077477,0.038361393,0.044657238,0.036715265,2024-04-05 10:04:00
0.63212645,0.040600333,1.0270251,0.017684044,0.022656804,0.032264438,0.03533054,0.024842449,0.024742013,0.04160928,0.03787743,0.10533006,0.041168313,0.40781084,0.032762997,1.00952,0.02040681,0.046026595,0.039604176,0.046892066,0.030209417,0.031565953,0.09318279,0.026690243,1.5557715,0.039023593,0.027928522,0.037524212,2024-04-05 10:05:00
0.5884685,0.051433846,1.0177118,0.017381404,0.017823583,0.018346157,0.036572818,0.02515466,0.01726112,0.06109901,0.041382257,0.101080574,0.0893444,0.40580875,0.016524801,0.994049,0.022202253,0.031160155,0.048318084,0.051843815,0.039851192,0.025527734,0.23224185,0.021557735,1.4729934,0.03652034,0.041902892,0.040268674,2024-04-05 10:06:00
0.49432096,0.029141085,1.067705,0.017155008,0.03280888,0.026372388,0.041419283,0.020555878,0.023584263,0.05015639,0.028446505,0.16247459,0.06156424,0.67317325,0.030456612,0.9442936,0.022828028,0.030875133,0.06691546,0.050827723,0.04823497,0.035253976,0.15818468,0.019933917,1.4768987,0.038033515,0.019138534,0.033362012,2024-04-05 10:07:00
0.4931245,0.04225998,1.0794706,0.025467858,0.02347486,0.04648916,0.033546124,0.022186954,0.015798915,0.060317453,0.022024821,0.19727269,0.025682079,0.42142728,0.034854516,0.9915085,0.022005487,0.031549934,0.096975125,0.03619871,0.034090567,0.014908097,0.084246114,0.015522315,1.4769346,0.031296503,0.036022067,0.036344327,2024-04-05 10:08:00
0.5713599,0.041569144,1.1399113,0.029059254,0.022464184,0.018980147,0.03779111,0.017277205,0.03012022,0.122255,0.027480736,0.09180436,0.028898606,0.47103173,0.024582617,1.0769876,0.021122627,0.036269944,0.03384876,0.04481475,0.038343363,0.03408839,0.08993974,0.02104261,1.5366983,0.046112128,0.04169019,0.041487657,2024-04-05 10:09:00
0.60268074,0.042486224,1.0896213,0.020916317,0.02160541,0.02070669,0.14071605,0.033274755,0.022686154,0.033459324,0.019780334,0.16396557,0.012180987,0.48827627,0.0236663,1.1367055,0.027759241,0.02307855,0.036944512,0.04067974,0.036770638,0.019160885,0.09110929,0.021127863,1.5167915,0.035714652,0.015740756,0.036998656,2024-04-05 10:10:00
0.51707447,0.05457587,1.0827127,0.014417452,0.018275648,0.020182183,0.03366428,0.025455082,0.023988714,0.041040134,0.03828665,0.07073536,0.042604305,0.6359612,0.030142577,1.0722418,0.013625893,0.039247736,0.03771658,0.03648152,0.036657933,0.019715553,0.12769598,0.023181684,1.4265299,0.043061636,0.023096494,0.037482236,2024-04-05 10:11:00
0.6368581,0.048110135,1.0868382,0.017490415,0.025214033,0.022217263,0.1865981,0.021674473,0.024431257,0.026068531,0.040914036,0.25299394,0.10402428,0.70495814,0.016564332,1.0833164,0.022752319,0.03707365,0.036143947,0.043417558,0.03664711,0.033062175,0.09806784,0.019963134,1.396749,0.033610474,0.057407,0.05268215,2024-04-05 10:12:00
0.626365,0.041167855,1.1005688,0.023251377,0.018488577,0.024784775,0.034679167,0.024303041,0.019902373,0.04473166,0.033314943,0.17573872,0.026373269,0.468429,0.020853948,1.1303942,0.021632778,0.030189525,0.03730271,0.035685126,0.027402641,0.021770962,0.13213696,0.047469113,1.4487267,0.029941,0.051173378,0.038344894,2024-04-05 10:13:00
0.6165947,0.037962116,1.0923241,0.030002901,0.021437204,0.059401512,0.04657434,0.02645403,0.024250645,0.06032907,0.04301842,0.10881851,0.038978945,0.49077767,0.015879005,1.1112254,0.026046932,0.031023411,0.041128013,0.036366235,0.02786683,0.020205077,0.14559636,0.023855768,1.6486301,0.038312178,0.032990783,0.052142493,2024-04-05 10:14:00
0.63428396,0.038448088,1.0691922,0.02402969,0.02835675,0.019177351,0.03274291,0.027438033,0.023786083,0.04529127,0.037664123,0.115331724,0.029751176,0.6387173,0.025272861,1.0486578,0.020667693,0.030585121,0.033182062,0.045127932,0.03963749,0.026788736,0.07985588,0.02700289,1.5386462,0.042321384,0.020704554,0.036562636,2024-04-05 10:15:00
0.60015583,0.062421802,1.0410584,0.013493515,0.013415925,0.018503403,0.0434129,0.01748388,0.018271813,0.055990778,0.035537433,0.1506924,0.04906565,0.6680397,0.015038723,0.9942326,0.040210113,0.025237227,0.034389127,0.036375873,0.026464693,0.038877238,0.21407357,0.021182347,1.5727879,0.026512133,0.028153736,0.03650235,2024-04-05 10:16:00
0.6327886,0.037504043,0.7101315,0.034942094,0.021319631,0.024897281,0.034776818,0.027164115,0.014766833,0.049835064,0.03072098,0.24944781,0.036892854,0.44545713,0.012898854,0.9600425,0.016910147,0.0317827,0.03195787,0.036560178,0.038019713,0.01794781,0.10478106,0.022003924,1.5879449,0.042014845,0.018373646,0.038897213,2024-04-05 10:17:00
0.6399173,0.0408785,0.54500145,0.020751843,0.03540374,0.020120569,0.030508319,0.03015428,0.025528478,0.040685065,0.04007966,0.120231666,0.04390476,0.42046365,0.02122277,0.996236,0.018311972,0.034774963,0.03150429,0.044830427,0.037386056,0.02573479,0.11672775,0.02942374,1.570312,0.03856152,0.022666302,0.040734466,2024-04-05 10:18:00
0.5535272,0.011995001,0.4970739,0.02015858,0.028252011,0.0205581,0.045663647,0.021166185,0.02117101,0.044266555,0.026689105,0.23788987,0.053580273,0.40774584,0.014679076,0.9413672,0.021154348,0.031123122,0.0628545,0.039287128,0.040301453,0.021644814,0.08895709,0.05681246,1.5402321,0.029516455,0.047300816,0.03930565,2024-04-05 10:19:00
0.55208147,0.03897279,0.031560123,0.028255634,0.020256458,0.021002052,0.054452073,0.019017821,0.01824372,0.053854838,0.04150729,0.195013,0.045238975,0.44616473,0.020090194,0.9888494,0.019316277,0.040136702,0.037970506,0.04618507,0.04961287,0.027079904,0.10587617,0.022501595,1.5028044,0.021965537,0.03635856,0.037563697,2024-04-05 10:20:00
0.6330332,0.030567693,0.7391013,0.024379887,0.021202136,0.03048018,0.053842783,0.14692162,0.018758059,0.05291229,0.03713254,0.18284068,0.04157833,0.41968846,0.025479823,1.0299212,0.02298968,0.026624262,0.029478358,0.045263037,0.03672694,0.030104727,0.08886311,0.01583753,1.4331342,0.023060363,0.021862874,0.058446422,2024-04-05 10:21:00
0.57072365,0.039955936,0.69705415,0.020152926,0.024110254,0.033379253,0.05427916,0.036862034,0.024762442,0.03866004,0.06268579,0.2019346,0.027111167,0.9019987,0.022875283,0.9638941,0.019178366,0.040311396,0.043604564,0.052415095,0.049075406,0.021601537,0.087584555,0.014541645,1.383684,0.029788379,0.02691539,0.03850878,2024-04-05 10:22:00
0.5490702,0.03891843,0.6948034,0.014873295,0.024683543,0.024674362,0.056093577,0.023972837,0.024954269,0.046489507,0.04523387,0.1172308,0.036157414,0.45165464,0.026358407,0.9703303,0.014439367,0.03198594,0.028326983,0.04160961,0.028847367,0.023239942,0.14879397,0.026215406,1.3499129,0.030075233,0.045082245,0.037582587,2024-04-05 10:23:00
0.6244451,0.042848878,0.66404796,0.016619705,0.025484169,0.022324236,0.054768533,0.02515974,0.02411427,0.044899147,0.039647397,0.05829941,0.053396255,0.42191947,0.018326845,1.0451232,0.01182237,0.033622537,0.044688974,0.04490327,0.038079344,0.01423767,0.07983397,0.0134319,1.3281002,0.02738645,0.022931848,0.038130525,2024-04-05 10:24:00
0.6184386,0.03594382,0.6562729,0.054632716,0.026217688,0.025872545,0.05547395,0.02291513,0.014250154,0.04671085,0.040161602,0.11721234,0.0393202,0.588837,0.021263855,1.1194594,0.02476497,0.03390326,0.048138242,0.044978946,0.03678926,0.02073939,0.09092316,0.023124442,1.3351262,0.025577601,0.027452093,0.043642636,2024-04-05 10:25:00
0.61627984,0.037368372,0.5828891,0.019119596,0.021087432,0.023444617,0.0486158,0.021087946,0.018326964,0.03924135,0.057720292,0.12768738,0.055976704,0.6817058,0.018358579,1.0203692,0.014715265,0.029954707,0.036475576,0.039812297,0.03705256,0.04299121,0.22448473,0.02937788,1.3190657,0.024902355,0.029106416,0.0360606,2024-04-05 10:26:00
0.59667736,0.04272829,0.52882594,0.013683474,0.023913018,0.03454993,0.05120409,0.017321121,0.022290614,0.03363077,0.038290314,0.06486593,0.093207054,0.4319372,0.012034594,1.0307642,0.025407566,0.03305629,0.048682876,0.03564483,0.034656204,0.01950607,0.13295478,0.024045713,1.3813188,0.030158376,0.028317593,0.041504286,2024-04-05 10:27:00
0.60298866,0.044399127,0.4218143,0.014185864,0.026629735,0.017723724,0.051742323,0.02466563,0.01838228,0.08121543,0.03464453,0.06300213,0.03832672,0.45652196,0.036868528,1.0423636,0.021501925,0.024190145,0.044871174,0.03566119,0.036945872,0.04204007,0.09289781,0.06010541,1.3576816,0.031682167,0.04167016,0.035271697,2024-04-05 10:28:00
0.5585521,0.040172726,0.37293896,0.018463662,0.021190604,0.027989702,0.052795365,0.029305112,0.018274702,0.050507925,0.050390873,0.049101703,0.06924662,0.44273335,0.014194208,1.0231522,0.021090796,0.032952968,0.03498019,0.035543565,0.039045893,0.10487826,0.1366169,0.020342924,1.3017739,0.03158128,0.029323246,0.039123114,2024-04-05 10:29:00
0.62809014,0.04915286,0.39176503,0.015281109,0.021226782,0.020081257,0.05243762,0.017866986,0.021545054,0.053085335,0.041455027,0.0862997,0.032522265,0.42828766,0.0328074,0.99274594,0.024095241,0.03232292,0.034741323,0.03572377,0.037709944,0.037769925,0.09483184,0.029636083,1.2876905,0.0341457,0.023318294,0.039775085,2024-04-05 10:30:00
0.61342216,0.034031574,0.3672259,0.0125701865,0.020894751,0.022127982,0.049602646,0.020449314,0.018840734,0.042771604,0.041510563,0.0675657,0.040416528,0.44000995,0.0351219,0.8260926,0.021883145,0.030595899,0.043839566,0.044820722,0.04101427,0.03305493,0.08198313,0.015194365,1.2994156,0.022465484,0.028792012,0.034549255,2024-04-05 10:31:00
0.61520904,0.03825616,0.38302392,0.013206197,0.02632312,0.019978942,0.050572332,0.023544054,0.016589817,0.038761534,0.040652923,0.061598945,0.028186124,0.6896546,0.013166669,0.8448993,0.03353332,0.0343185,0.041026413,0.03810945,0.026316557,0.018387094,0.18288513,0.024459824,1.3385694,0.033041008,0.028829152,0.034092817,2024-04-05 10:32:00
0.66853905,0.037612673,0.40899336,0.034292698,0.025747113,0.02047401,0.17269313,0.024215067,0.010054545,0.03743772,0.04826514,0.12553322,0.05994986,0.40157095,0.023448551,0.38791755,0.025490565,0.038795196,0.03475493,0.03620787,0.03866008,0.018494776,0.10114375,0.026510546,1.3054984,0.03270386,0.020577429,0.037429266,2024-04-05 10:33:00
0.5957064,0.036236443,0.41681835,0.01584711,0.029495427,0.024612246,0.06959865,0.024889784,0.01813747,0.060569245,0.04670774,0.103600435,0.0558535,0.6041839,0.025584111,0.39705226,0.022795094,0.029291322,0.037588473,0.043920986,0.06262368,0.020089347,0.24414618,0.023464175,1.345007,0.021781357,0.02248114,0.038841575,2024-04-05 10:34:00
0.59800816,0.026995422,0.38704738,0.013640745,0.022937227,0.02466457,0.059296172,0.02903949,0.018594619,0.052998397,0.045192834,0.09045035,0.028187873,0.4533202,0.01633869,0.38646936,0.019269845,0.035611067,0.046725262,0.07608055,0.03950268,0.019638984,0.0960039,0.02302091,1.3511726,0.016562102,0.041574597,0.036318593,2024-04-05 10:35:00
0.615825,0.037693247,0.3851195,0.025861388,0.024741095,0.024970666,0.061674986,0.01670107,0.020937793,0.019607969,0.049539637,0.22352582,0.02921535,0.6670609,0.04092799,0.4232721,0.01346534,0.044993702,0.02865822,0.04198175,0.036184754,0.031735633,0.0955743,0.018268166,1.3966258,0.02840593,0.02839922,0.03589805,2024-04-05 10:36:00
0.61361533,0.0381182,0.48845637,0.030061102,0.02635084,0.018013839,0.059781574,0.022603178,0.03648531,0.0437127,0.04651598,0.257445,0.026178708,0.42529693,0.01647926,0.43642172,0.026066292,0.036499675,0.03569162,0.05330368,0.02724367,0.042514257,0.07967966,0.06352553,1.3916678,0.019925313,0.03041549,0.038840696,2024-04-05 10:37:00
0.6269016,0.045123916,0.41100276,0.014042966,0.019641506,0.023094738,0.06499117,0.020901535,0.019127399,0.03869012,0.038400408,0.06322106,0.039432842,0.4356806,0.018162055,0.37196434,0.03871273,0.037386112,0.043957073,0.04368798,0.036743913,0.008464462,0.081847854,0.019155484,1.4721309,0.021326061,0.027890641,0.036393907,2024-04-05 10:38:00
0.64769477,0.029638655,0.48269278,0.016896777,0.02436677,0.020736933,0.06375683,0.024322798,0.02057306,0.045614768,0.04227653,0.081831895,0.030397823,0.41652718,0.012836569,0.42470732,0.03797088,0.043237805,0.051117532,0.04493747,0.037512526,0.02748883,0.08006493,0.021518802,1.5618389,0.028035548,0.030105969,0.048621368,2024-04-05 10:39:00
0.63370776,0.024220085,0.4520072,0.015260078,0.03148031,0.019606877,0.06353949,0.021172604,0.023079688,0.048804883,0.045758024,0.05750078,0.025793595,0.639691,0.030587915,0.37940443,0.026336208,0.044799276,0.044514153,0.04479143,0.038389605,0.028095083,0.087435104,0.020070972,1.4528903,0.02560225,0.028427992,0.039452218,2024-04-05 10:40:00
0.63855696,0.01593985,0.48662868,0.021278026,0.014735528,0.018324656,0.052081905,0.022798538,0.019688478,0.043099593,0.041198544,0.044206128,0.027166625,0.45013988,0.03178076,0.40538535,0.15429558,0.041519765,0.04952541,0.044962306,0.03626777,0.026991952,0.09330994,0.025004664,1.4416124,0.03591484,0.029145079,0.028051322,2024-04-05 10:41:00
0.66435957,0.03126069,0.47772384,0.027038882,0.01843997,0.028300308,0.050465167,0.021158643,0.021679401,0.10290855,0.046914767,0.12288274,0.030594705,0.6225692,0.020130727,0.40775052,0.030027509,0.050717745,0.049766667,0.044916958,0.035666082,0.02447122,0.08046009,0.0186792,1.3912617,0.031353727,0.029746143,0.03474015,2024-04-05 10:42:00
0.6358242,0.03750698,0.4889749,0.018084459,0.020269083,0.018574094,0.05182762,0.027742285,0.020248653,0.051120237,0.043406803,0.06471579,0.046471365,0.72032976,0.022152282,0.43720236,0.026052728,0.04402593,0.039233208,0.044923335,0.03594362,0.027038012,0.10272742,0.022396846,1.3779796,0.027746825,0.02698509,0.039800107,2024-04-05 10:43:00
0.631301,0.032542706,0.5012506,0.0273076,0.017367132,0.020122286,0.05966122,0.02682442,0.023255251,0.049733922,0.042400196,0.044899967,0.023203176,0.4443949,0.027362892,0.41233525,0.03167322,0.047834117,0.04776509,0.044905648,0.034850985,0.018340267,0.08025666,0.021135295,1.4354314,0.0239766,0.034180302,0.025959874,2024-04-05 10:44:00
0.60729736,0.048698176,0.47245467,0.1405842,0.021277172,0.024816755,0.06999403,0.033130966,0.022999192,0.044570927,0.02880915,0.15543334,0.08997975,0.7344094,0.0380957,0.41090292,0.018197203,0.033726864,0.032175716,0.03557664,0.038182523,0.021764845,0.17248152,0.018145656,1.4552001,0.022950375,0.027998136,0.02767788,2024-04-05 10:45:00
0.6206198,0.035759464,0.5485394,0.013856383,0.019662699,0.024913756,0.08073154,0.012786069,0.014769802,0.059743613,0.036877025,0.10173059,0.09651907,0.5704084,0.01716191,0.36785805,0.018561793,0.02788834,0.036830645,0.03695148,0.040105306,0.020962646,0.08618928,0.020996654,1.4567674,0.022562325,0.020273613,0.030346474,2024-04-05 10:46:00
0.6191996,0.040074375,0.54159385,0.0253449,0.040814396,0.019372694,0.07166735,0.02142596,0.022724502,0.039341155,0.04225207,0.11710428,0.031733632,0.44019794,0.013784243,0.39545843,0.025425129,0.033301905,0.04039226,0.03553333,0.046562128,0.013048228,0.17538987,0.022960456,1.5195266,0.020779662,0.025476042,0.032963343,2024-04-05 10:47:00
0.5737027,0.031759102,0.56324524,0.014797331,0.03631454,0.022019593,0.06670848,0.020486385,0.010899662,0.06347126,0.046974827,0.09835451,0.11705649,0.47160414,0.013942633,0.38756657,0.026074344,0.026981268,0.033705954,0.047755647,0.03993792,0.021385863,0.12845218,0.022384392,1.568803,0.021562397,0.019892508,0.03516581,2024-04-05 10:48:00
0.6244675,0.038283806,0.5271196,0.021827782,0.022083286,0.021716677,0.06696498,0.01840067,0.02334053,0.042812813,0.041704167,0.24070942,0.04366192,0.6381269,0.049091306,0.3800565,0.035962023,0.017761774,0.038829263,0.035656333,0.03582296,0.021356918,0.09219645,0.026610544,1.600155,0.022531446,0.029445225,0.040157527,2024-04-05 10:49:00
0.61020136,0.03475898,0.5103014,0.020850163,0.019084344,0.02249066,0.07190613,0.023768533,0.02430968,0.0634964,0.050860435,0.046652365,0.030641537,0.63199294,0.0146412635,0.4171171,0.014333243,0.036779296,0.041640617,0.04494589,0.037864897,0.018070124,0.093101844,0.01729453,1.6037995,0.023791822,0.028750304,0.034560524,2024-04-05 10:50:00
0.60310084,0.039508775,0.500156,0.023497034,0.021112185,0.14246601,0.06773668,0.025746074,0.021212947,0.04122107,0.049699795,0.05229509,0.034213256,0.6213152,0.018769706,0.5337284,0.013928302,0.037676476,0.038163558,0.044862416,0.036891736,0.017558515,0.2040835,0.016631978,1.4312028,0.030658413,0.030448522,0.038441148,2024-04-05 10:51:00
0.6043256,0.014753605,0.5088404,0.024346258,0.019731196,0.023637597,0.068146266,0.022899386,0.021457223,0.061663553,0.053062312,0.05542659,0.031061925,0.43773812,0.018934997,0.56076723,0.0264905,0.045814723,0.045546167,0.045191415,0.05335804,0.029239433,0.12435952,0.023584692,1.3589808,0.03123884,0.039149504,0.03699136,2024-04-05 10:52:00
0.6124025,0.036121286,0.5480359,0.0486125,0.03630729,0.023826143,0.08106947,0.035233814,0.017426822,0.03725876,0.077064276,0.075652905,0.05433527,0.6474678,0.014819621,0.46234515,0.024811553,0.037233192,0.040690985,0.036404807,0.03541059,0.022566423,0.10596007,0.015774837,1.2831545,0.033635516,0.017569074,0.03806386,2024-04-05 10:53:00
0.5995728,0.031986725,0.55348843,0.023533318,0.02168735,0.016099727,0.08179745,0.02813182,0.018347517,0.050813336,0.016500175,0.054863356,0.100754336,0.59883976,0.017481154,0.5161391,0.101791956,0.047111314,0.05170783,0.045137197,0.034536567,0.019378314,0.15906496,0.019700177,1.2758993,0.026399946,0.027861068,0.034809668,2024-04-05 10:54:00
0.6687953,0.03617765,0.53408843,0.019475915,0.021413034,0.122719005,0.08023424,0.019659117,0.021350918,0.052162074,0.045614257,0.052443147,0.02036035,0.44371158,0.013206284,0.49645534,0.033070743,0.040775817,0.045462925,0.045193247,0.03553998,0.01803226,0.08326525,0.0308572,1.2542819,0.031104287,0.025952203,0.037160054,2024-04-05 10:55:00
0.7205217,0.04079159,0.56461716,0.014295362,0.017025266,0.02206311,0.17734797,0.020113787,0.022639044,0.05981105,0.044885285,0.2736917,0.024764493,0.73651445,0.02711921,0.20130348,0.02645195,0.030743714,0.044812165,0.04481469,0.04210228,0.017334213,0.09828456,0.019115357,1.2633278,0.031407688,0.028900202,0.043025296,2024-04-05 10:56:00
0.7122921,0.13224992,0.6017402,0.02546456,0.020172855,0.015326065,0.08168051,0.02466315,0.018884726,0.046411213,0.041300114,0.06479478,0.02599776,0.435639,0.02037937,0.19901356,0.03807194,0.032342043,0.04248195,0.045087516,0.03870588,0.018337606,0.08392182,0.016285336,1.2384732,0.027072396,0.028879706,0.03898379,2024-04-05 10:57:00
0.6464189,0.049532134,0.660017,0.015333584,0.024721704,0.025037983,0.08353519,0.026758842,0.024739727,0.057719503,0.042542353,0.07007018,0.028833086,0.41403857,0.014512908,0.069248475,0.02457499,0.013156969,0.022585083,0.0491193,0.039271586,0.029166473,0.10621335,0.017577332,1.300395,0.035034113,0.04350778,0.032733947,2024-04-05 10:58:00
0.6909885,0.022483764,0.63517827,0.025587253,0.030811753,0.017251581,0.081193954,0.025289813,0.019945119,0.05627053,0.044753548,0.055832304,0.035227176,0.49047035,0.011981183,0.07499863,0.020218207,0.032513265,0.038996037,0.036092725,0.03835684,0.019360641,0.09519647,0.020740982,1.2900391,0.02735346,0.043369167,0.037957925,2024-04-05 10:59:00
0.6552806,0.02508826,0.66381484,0.02010473,0.039867893,0.01990475,0.0816579,0.018916687,0.022130644,0.068415806,0.043764856,0.089533925,0.031380974,0.50700927,0.019148557,0.078170426,0.01601134,0.035130456,0.039814264,0.045190305,0.038231935,0.021919465,0.17907694,0.03816942,1.3667727,0.023961417,0.039453287,0.036511224,2024-04-05 11:00:00
0.6912996,0.077649355,0.7658319,0.014141286,0.027621295,0.019602295,0.080654934,0.025957566,0.018617706,0.06419834,0.037021667,0.08737391,0.061252065,0.62935144,0.018408177,0.06809537,0.024851684,0.038977165,0.051536944,0.042077143,0.05192851,0.023723345,0.11865187,0.026573066,1.3952855,0.021285078,0.027500417,0.03825082,2024-04-05 11:01:00
0.68518203,0.09096147,0.7597204,0.018440489,0.012178173,0.015252928,0.26125738,0.05464013,0.023923866,0.062385235,0.036110945,0.0594147,0.028324144,0.44846922,0.015687384,0.079570845,0.014160453,0.0334953,0.050737604,0.044894796,0.028861031,0.018875701,0.1083408,0.021072753,1.3535608,0.038698502,0.030648993,0.03692409,2024-04-05 11:02:00
0.027797123,0.048253354,0.7539626,0.0137126995,0.025960125,0.021790884,0.08194851,0.015571957,0.014366678,0.04282467,0.021867594,0.110064365,0.09039589,0.68950444,0.013136567,0.079466514,0.023019716,0.04216804,0.04462609,0.03639762,0.033795632,0.011880484,0.1173874,0.02441414,1.4051716,0.028585875,0.029799549,0.0401222,2024-04-05 11:03:00
0.3953705,0.064957015,0.8621549,0.014303438,0.019345209,0.025116263,0.1956866,0.01914653,0.015631728,0.052591223,0.08898361,0.2776405,0.06606799,0.7692741,0.018921232,0.3801591,0.02553708,0.024990454,0.033111677,0.05224122,0.05236321,0.019288793,0.349158,0.018331205,1.4827927,0.024546549,0.07569408,0.036489014,2024-04-05 11:55:00
0.40081862,0.059001885,0.892397,0.021119565,0.02134621,0.027855948,0.22156,0.021754034,0.01961753,0.0426007,0.08856365,0.06860073,0.07034295,0.6262571,0.014305365,0.43702996,0.020529095,0.037322126,0.04609026,0.03602002,0.055148643,0.017693456,0.2933623,0.042767975,1.4898518,0.030121762,0.021303557,0.04867059,2024-04-05 11:56:00
0.2517226,0.042298924,0.8657671,0.03170875,0.0243602,0.017963892,0.19102903,0.026095448,0.025750002,0.081527725,0.08422639,0.09739587,0.058429163,0.53615946,0.014709982,0.40014267,0.012106528,0.049564034,0.052876256,0.049066044,0.03698287,0.017829774,0.12669106,0.015532268,1.4799688,0.04459795,0.020112481,0.03804635,2024-04-05 11:57:00
0.22868897,0.03461742,0.87998915,0.023698347,0.018279705,0.020789888,0.18650743,0.011863214,0.017949145,0.048359413,0.17094214,0.13353188,0.0354146,0.56324995,0.015784668,0.3850179,0.018221032,0.018096548,0.09302758,0.04485346,0.045842387,0.015542728,0.14069013,0.025520608,1.4800665,0.032303825,0.025275791,0.035051644,2024-04-05 11:58:00
0.21470055,0.03802328,0.8621304,0.015565296,0.022330951,0.030505804,0.19432516,0.021727249,0.018399965,0.06425453,0.16714254,0.08824985,0.10485146,0.57262355,0.018470593,0.400943,0.01507109,0.03731565,0.0262894,0.04337882,0.028903238,0.034683965,0.21678999,0.021350276,1.4659312,0.022676902,0.02835681,0.036879938,2024-04-05 11:59:00
0.23234376,0.04066375,0.892396,0.02206257,0.03489719,0.019588524,0.197145,0.01916344,0.016986404,0.06400424,0.039439876,0.059917632,0.036768526,0.8474457,0.032009188,0.4875807,0.025960265,0.044891506,0.038557135,0.035729136,0.038692705,0.02096643,0.1517351,0.03203344,1.4830046,0.03500769,0.02269964,0.039997585,2024-04-05 12:00:00
0.20757474,0.032505434,0.8505924,0.015375175,0.012225857,0.023773013,0.19692339,0.02746151,0.021327112,0.052313063,0.095110565,0.09306723,0.025397131,0.60713696,0.01783976,0.43757024,0.010268904,0.042568576,0.03712514,0.038656633,0.038547106,0.008272593,0.18014625,0.031103982,1.5479639,0.030802982,0.02210891,0.013913979,2024-04-05 12:01:00
0.24663137,0.039948948,0.833464,0.019452078,0.016231164,0.020905884,0.026709344,0.019694597,0.025099806,0.069552526,0.1009625,0.061045054,0.0413781,0.55488133,0.023596361,0.4289547,0.007759334,0.038996056,0.04006674,0.044733148,0.037339963,0.019042263,0.12488691,0.018099286,1.5111159,0.019502744,0.033661693,0.040998973,2024-04-05 12:02:00
0.19034646,0.070839964,0.9647113,0.013493627,0.10046745,0.023720073,0.1524276,0.019616475,0.07076744,0.06877377,0.20266132,0.0480912,0.030095726,0.58945304,0.027510574,0.547616,0.019375933,0.032684337,0.03143928,0.03549461,0.036057312,0.014255829,0.17207898,0.020526284,1.5057075,0.025923848,0.028366126,0.045515478,2024-04-05 12:25:00
0.15320416,0.027791424,0.82910895,0.015789678,0.028017798,0.02418971,0.20648748,0.028324371,0.024902806,0.02958465,0.07068751,0.05506856,0.04088938,1.0812522,0.030449197,0.027319685,0.015708584,0.03463251,0.046529893,0.04554196,0.078378685,0.018904552,0.3429583,0.0313099,1.3465333,0.03800569,0.026966285,0.030782135,2024-04-05 13:34:00
0.22454888,0.02350593,0.81069106,0.025685396,0.092758626,0.019537687,0.20538884,0.019356059,0.024252858,0.14351599,0.03213503,0.066086456,0.0996639,1.0497487,0.02944749,0.030133491,0.015191149,0.029095441,0.032683983,0.04481025,0.03982207,0.02893237,0.2532892,0.027080303,1.3528113,0.035436522,0.025773218,0.045130797,2024-04-05 13:35:00
0.25943035,0.03726159,0.8140195,0.013707966,0.0224342,0.02301025,0.22710425,0.033602666,0.024471974,0.055331796,0.054010775,0.11766407,0.02082662,1.1182438,0.02162175,0.035474315,0.009445492,0.027048634,0.029047608,0.045640975,0.041791268,0.029752651,0.17580639,0.022378853,1.462013,0.020615207,0.028692918,0.039358467,2024-04-05 13:36:00
0.26937485,0.049103186,0.79095995,0.12294296,0.024998656,0.024245664,0.22715856,0.027525865,0.022361966,0.028522087,0.05657141,0.19266567,0.027231123,1.0346397,0.018119458,0.039533794,0.021651888,0.027973998,0.042938612,0.044877645,0.051260274,0.019908864,0.19865967,0.014846832,1.3217033,0.040346332,0.06210811,0.0410535,2024-04-05 13:37:00
0.28769064,0.041010294,0.82041544,0.02107859,0.021088859,0.02393776,0.22531195,0.017652392,0.018462071,0.10194011,0.07676084,0.06470312,0.09927085,1.372844,0.0146017475,0.04762321,0.019606465,0.01742669,0.016781857,0.051496677,0.039498556,0.030204337,0.19402654,0.017611895,1.3209153,0.01886058,0.025790032,0.03893495,2024-04-05 13:38:00
0.27617094,0.04139811,0.856433,0.01886697,0.020736022,0.021395132,0.2245321,0.014778398,0.023741266,0.06674501,0.078346446,0.072503835,0.027246777,1.3346182,0.02014254,0.06165962,0.015669143,0.04414071,0.038311277,0.04015021,0.038487554,0.0263965,0.16273238,0.029059084,1.3517221,0.026934024,0.023082234,0.03848563,2024-04-05 13:39:00
0.22083023,0.03577336,0.89239854,0.01926655,0.022963101,0.04953709,0.2631378,0.03539762,0.018127788,0.06558906,0.10699946,0.21942306,0.021875044,1.1340045,0.04342669,0.025285129,0.034751713,0.042156715,0.03944591,0.044023905,0.037721235,0.07589445,0.21257974,0.016993823,1.3608565,0.03268374,0.030356377,0.03259401,2024-04-05 13:40:00
0.2225218,0.044752963,0.9041232,0.020590983,0.020365685,0.021651756,0.21026093,0.025934955,0.019382939,0.05553804,0.12558368,0.16220014,0.03879262,1.0680289,0.024261069,0.028400281,0.011282264,0.035632808,0.046430964,0.035578806,0.031143658,0.026198087,0.28151533,0.023366075,1.3386964,0.026023211,0.016277883,0.037865553,2024-04-05 13:41:00
0.23061356,0.047779977,0.87932956,0.019290874,0.019673023,0.020330444,0.27805558,0.025152102,0.0196326,0.046276867,0.14691961,0.15966916,0.041483596,1.2170373,0.029254971,0.027529046,0.023270885,0.04024906,0.023813844,0.04055587,0.02912559,0.01821058,0.20246315,0.021712922,1.4696562,0.031528912,0.028732328,0.05180056,2024-04-05 13:42:00
0.2842566,0.13262796,0.8612567,0.016280595,0.021156184,0.020470196,0.29464495,0.026781833,0.014667034,0.044015232,0.17292006,0.08688196,0.02701279,1.3934114,0.01741416,0.025507707,0.009343877,0.040143672,0.03206645,0.044826254,0.03815699,0.01765103,0.22525612,0.028340733,1.3903929,0.022156175,0.028896281,0.040922426,2024-04-05 13:43:00
0.24712406,0.037029017,0.81682414,0.01638014,0.031043457,0.02827742,0.2753753,0.027347866,0.024533303,0.061536495,0.22183776,0.1030204,0.04843923,1.3451658,0.014405096,0.02310302,0.01471741,0.044201694,0.035910692,0.04506296,0.036246482,0.0193642,0.17262885,0.018583203,1.3812885,0.035760507,0.029015094,0.03704637,2024-04-05 13:44:00
0.28646618,0.023704091,0.80429053,0.013768344,0.0271677,0.026591802,0.38491815,0.04380987,0.021403864,0.048347156,0.24840213,0.065535076,0.041786753,1.2746923,0.019558646,0.028036073,0.010451522,0.037388086,0.04248066,0.044440933,0.03780574,0.027249781,0.16738288,0.028057838,1.433402,0.026408013,0.02968274,0.031026319,2024-04-05 13:45:00
0.2676725,0.045906544,0.82234114,0.016842071,0.020911008,0.020822903,0.32403064,0.017636752,0.019378975,0.10383765,0.22811614,0.10003493,0.03274227,1.1208863,0.015146343,0.023169093,0.034752697,0.0364465,0.043191567,0.047568105,0.0385942,0.07524081,0.27068216,0.017524615,1.561286,0.028437829,0.027736107,0.04375024,2024-04-05 13:46:00
0.6055213,0.027248815,0.86999345,0.013777344,0.022014385,0.024262609,0.2490647,0.027231095,0.023864914,0.04403159,0.19748871,0.17296524,0.015825767,1.1027005,0.03360353,0.031185437,0.0146034295,0.03021786,0.049346335,0.04484385,0.038506072,0.020981202,0.1713257,0.017074088,1.5053521,0.027728735,0.03264115,0.036042184,2024-04-05 13:47:00
0.53950894,0.03846136,0.9079481,0.019871539,0.021000993,0.026000537,0.1828633,0.02493362,0.021942932,0.040571116,0.19709736,0.10543719,0.038025003,0.98852986,0.031904396,0.023950897,0.023270315,0.03609376,0.03948965,0.04496332,0.029403845,0.01966665,0.17138846,0.01563829,1.5440819,0.03424116,0.026175939,0.037336696,2024-04-05 13:48:00
0.49699903,0.03914532,0.8925909,0.018693466,0.02409717,0.02134638,0.19167285,0.026828619,0.02553919,0.04889502,0.19385259,0.21149537,0.037238877,1.1478376,0.020827278,0.019685313,0.021623747,0.03565722,0.038502406,0.044227004,0.037512366,0.017675657,0.22558282,0.019998698,1.6836468,0.026569122,0.028149866,0.037526168,2024-04-05 13:49:00
0.53883713,0.044307724,0.9383481,0.014117571,0.028021306,0.022979544,0.2755055,0.027597694,0.021492768,0.053636186,0.19801939,0.062056575,0.062800445,1.0573432,0.016482692,0.03171955,0.018539151,0.0329701,0.036108803,0.043618478,0.07610894,0.024120213,0.16499035,0.021865796,1.4907571,0.024489084,0.027130602,0.03467023,2024-04-05 13:50:00
0.5426207,0.03691337,0.96596664,0.024844917,0.03408292,0.02950704,0.17229572,0.029995758,0.019005798,0.05110508,0.2037449,0.21786247,0.026376689,1.0628594,0.0128412945,0.018105686,0.03155088,0.024495305,0.02722628,0.099309444,0.048930764,0.02962937,0.32336432,0.024520261,1.5846386,0.03296643,0.059161294,0.095392644,2024-04-05 13:51:00
0.5985679,0.011510097,0.9926613,0.014549759,0.027920306,0.016397191,0.17198153,0.024951477,0.023393359,0.0741028,0.19750305,0.0977395,0.08038035,1.3524829,0.022487821,0.024794685,0.023307545,0.04218251,0.046329863,0.045159347,0.051910426,0.031313762,0.26403028,0.03223276,1.6251754,0.03315609,0.017373344,0.020555427,2024-04-05 13:52:00
0.59088135,0.033303488,0.95243,0.019983828,0.015763532,0.01876668,0.17040381,0.01584629,0.019207947,0.053298548,0.24981627,0.1825907,0.022020988,1.0561365,0.026177252,0.022099,0.009929936,0.03765084,0.04351128,0.0448653,0.04349244,0.01895566,0.16518947,0.022718955,1.5638824,0.038967133,0.029043635,0.024314463,2024-04-05 13:53:00
0.5926023,0.036853265,0.9425017,0.02063837,0.019009825,0.04692902,0.16897425,0.025896935,0.02498353,0.060457226,0.3523512,0.07570063,0.032560285,1.2620043,0.0206353,0.04333399,0.027471675,0.040418904,0.050117224,0.044913016,0.044122554,0.032144316,0.22688602,0.018155187,1.6380363,0.04461837,0.029907454,0.025909629,2024-04-05 13:54:00
0.59291595,0.03929385,0.9777777,0.022302797,0.019289847,0.023547303,0.16698673,0.022762777,0.022187185,0.03590196,0.19736718,0.16146216,0.03237054,1.0657701,0.032493327,0.040337354,0.025005396,0.039015103,0.038115572,0.044846643,0.052394506,0.017067183,0.17912766,0.023299031,1.7192608,0.03389153,0.028010262,0.032044798,2024-04-05 13:55:00
0.5765302,0.04103136,1.0754288,0.013887487,0.029274005,0.028002506,0.16467056,0.028593425,0.029585863,0.05517181,0.3304017,0.17148449,0.013999583,1.0503862,0.019184466,0.029047612,0.027511483,0.029945927,0.031488933,0.040293135,0.04494501,0.022613943,0.22352539,0.017376939,1.6914684,0.042751342,0.029959079,0.03637691,2024-04-05 13:56:00
0.60398525,0.021580117,1.0373579,0.01964172,0.029903403,0.029246038,0.1686278,0.025148815,0.019180486,0.062109172,0.23691887,0.19243377,0.038181998,1.2367717,0.034390327,0.042124886,0.035521872,0.02719955,0.022996454,0.0412235,0.056082584,0.02215384,0.2857077,0.05131781,1.6472497,0.040673412,0.025165798,0.0391587,2024-04-05 13:57:00
0.5946764,0.04094631,1.0223536,0.019660968,0.021402948,0.08180401,0.17119688,0.024949802,0.020605227,0.035583723,0.23729858,0.13974963,0.040048152,1.066377,0.016356,0.023352064,0.025441827,0.033806898,0.0438236,0.04538532,0.051140036,0.029065734,0.17025304,0.07935999,1.5993744,0.03187089,0.02750135,0.08684858,2024-04-05 13:58:00
0.48553962,0.058102857,1.0275735,0.018878452,0.020884046,0.024663888,0.16700988,0.027977081,0.018919626,0.040143974,0.23548785,0.07068397,0.026975377,1.0638618,0.018986885,0.017077424,0.013565098,0.037785985,0.025969854,0.047988784,0.04050965,0.03142637,0.18755117,0.025429899,1.6041869,0.03602167,0.019375034,0.038650654,2024-04-05 13:59:00
0.4500275,0.03000235,1.0250247,0.015995406,0.024525315,0.032374628,0.19115873,0.031172646,0.026043586,0.045685355,0.107278496,0.30637386,0.03778845,1.0611745,0.028669473,0.01121603,0.021718396,0.031461034,0.023138495,0.04524762,0.051559404,0.02202871,0.16209723,0.021628298,1.5884022,0.02607077,0.022063669,0.03744719,2024-04-05 14:00:00
0.5034433,0.07436331,1.0020516,0.021999998,0.025457803,0.02130353,0.25448862,0.017585745,0.018968306,0.06354753,0.053735286,0.10443454,0.057400547,1.3570753,0.02223229,0.02475037,0.013125378,0.04314089,0.04146189,0.053568225,0.043690432,0.020451542,0.1930115,0.033791024,1.589804,0.038072575,0.02989685,0.036085516,2024-04-05 14:01:00
0.49221295,0.034491017,1.0422819,0.019029276,0.023981903,0.017672332,0.16749515,0.025504299,0.018268252,0.025822455,0.07810739,0.24123363,0.068211436,1.0621179,0.048261724,0.020144034,0.0231259,0.036071565,0.023310395,0.035668597,0.043304473,0.021355432,0.36411476,0.043558326,1.6042175,0.029025815,0.030994438,0.040677294,2024-04-05 14:02:00
0.5057718,0.06191531,1.0186467,0.014800491,0.025747193,0.020045156,0.23121087,0.01402482,0.023120886,0.05696988,0.0929075,0.10267131,0.015274031,1.0447265,0.016133565,0.022698151,0.013908742,0.035667565,0.036269724,0.0449092,0.043059416,0.018162431,0.16681054,0.04591997,1.5628694,0.032112904,0.028676465,0.054495264,2024-04-05 14:03:00
0.41984662,0.04029011,1.032038,0.14009833,0.022486793,0.02457798,0.17093836,0.022989132,0.018303603,0.060670357,0.09261838,0.13437107,0.08917295,1.03324,0.017493745,0.026858661,0.010494281,0.038817447,0.025431585,0.050738737,0.037689116,0.020580228,0.16863711,0.019640207,1.576191,0.031228472,0.019933099,0.038422205,2024-04-05 14:04:00
0.49791318,0.05627252,1.046098,0.016331568,0.021592418,0.02427339,0.1641359,0.022847326,0.023567084,0.045464367,0.09515472,0.101813644,0.02443367,1.3645949,0.017863913,0.029517915,0.022977903,0.012656418,0.021382846,0.039642517,0.033184607,0.018839108,0.29594475,0.020634042,1.6139549,0.029345011,0.028563125,0.040726557,2024-04-05 14:05:00
0.49960014,0.06951363,1.0564965,0.15754826,0.024645912,0.025705254,0.1687476,0.021543363,0.022879869,0.06610198,0.08765617,0.062291354,0.025945626,1.3513707,0.030147573,0.02224591,0.0189752,0.03777207,0.040340435,0.036121756,0.047217164,0.018835578,0.19021183,0.019300044,1.7084922,0.028884763,0.030506965,0.03425684,2024-04-05 14:06:00
0.495253,0.045642085,1.0415709,0.021308256,0.022965442,0.028493125,0.16592975,0.036744215,0.015676653,0.10435832,0.08995504,0.1558312,0.029713277,1.0385733,0.021614693,0.0115285395,0.022634102,0.04916937,0.03215867,0.06535232,0.05570955,0.03879128,0.2204772,0.046860915,1.6635648,0.029581828,0.028222702,0.047665346,2024-04-05 14:07:00
0.49454215,0.044768535,0.94183224,0.027588556,0.024003452,0.017210934,0.17220819,0.02831616,0.018342784,0.050605327,0.079067595,0.11100394,0.07499943,1.4485655,0.017747425,0.034538437,0.023868082,0.0249289,0.03543259,0.046260376,0.0380106,0.022681488,0.2203459,0.026721453,1.5617874,0.028235864,0.027499128,0.04878783,2024-04-05 14:08:00
0.5114001,0.07851769,0.8903261,0.026814695,0.030949898,0.029034335,0.16465984,0.020534247,0.02534672,0.045351747,0.081123754,0.11904162,0.09717881,1.1034151,0.019943887,0.03571674,0.024524689,0.03633205,0.039997414,0.04489733,0.044282906,0.020443222,0.17839865,0.035004467,1.4264712,0.030579455,0.035653897,0.038197048,2024-04-05 14:09:00
0.5120079,0.045925546,0.8727146,0.026765835,0.021097003,0.018231869,0.17021775,0.028965631,0.02084709,0.049536932,0.06154903,0.06816128,0.054119688,1.0542998,0.01295929,0.034519676,0.016057046,0.042218145,0.043145128,0.036256757,0.0472571,0.019128319,0.19453946,0.08499564,1.4518002,0.03690909,0.041160226,0.035352975,2024-04-05 14:10:00
0.5206292,0.07366069,0.92203414,0.021439372,0.023142906,0.019905876,0.16658172,0.053593386,0.02386416,0.06124645,0.18118982,0.11034471,0.04097732,1.0881137,0.019182991,0.040193167,0.012617177,0.038399573,0.045271114,0.04664469,0.04833116,0.008979839,0.21686484,0.032385357,1.3999006,0.027864367,0.060040418,0.032293182,2024-04-05 14:11:00
0.6508608,0.047059715,1.0519942,0.023163969,0.023660833,0.024505692,0.17045924,0.032549184,0.020513918,0.059019167,0.15146007,0.2944474,0.068413585,1.1375409,0.019384539,0.037992604,0.018871319,0.03557371,0.019554023,0.04783994,0.055266466,0.016628118,0.28865564,0.024294663,1.3379196,0.031900167,0.018566318,0.040697332,2024-04-05 14:12:00
0.6768935,0.05870816,1.0313451,0.021520613,0.019558067,0.025656506,0.36872426,0.019281453,0.018482659,0.057119623,0.14275727,0.16266342,0.04013004,1.0389262,0.017131275,0.04397853,0.041376498,0.041911095,0.03381435,0.04611902,0.039323773,0.034434713,0.2935122,0.02032409,1.3679683,0.03734568,0.024503442,0.050918095,2024-04-05 14:13:00
0.67186624,0.03511829,1.1223669,0.017831476,0.021321867,0.021568567,0.17522475,0.024231419,0.019061826,0.047815576,0.1438402,0.06947566,0.030875012,1.0810027,0.03310304,0.040213354,0.02058934,0.04732142,0.03769482,0.044984933,0.04546362,0.02283278,0.370326,0.011899359,1.4431412,0.026632866,0.027890977,0.11198527,2024-04-05 14:14:00
0.66928315,0.049308136,1.1062193,0.02526101,0.025547016,0.022695573,0.1781264,0.02434209,0.0227607,0.06458395,0.16647007,0.07149896,0.036561813,1.0602616,0.019978955,0.037388444,0.017702736,0.04701265,0.044519782,0.04502368,0.050965045,0.020242091,0.20736878,0.024417216,1.3351111,0.038356315,0.029793784,0.038720213,2024-04-05 14:15:00
0.69085246,0.044393457,1.1223587,0.02082934,0.027531132,0.018801527,0.17389579,0.014919953,0.023460742,0.044098105,0.16912213,0.06766289,0.049225736,1.3737643,0.02058544,0.032877997,0.012138015,0.03351787,0.06550256,0.044904977,0.05605745,0.019208254,0.17301829,0.020952607,1.3132086,0.02649142,0.030607369,0.03603403,2024-04-05 14:16:00
0.69061625,0.04368128,1.1068573,0.017840242,0.023300715,0.02172718,0.1967232,0.021058476,0.021913605,0.0504734,0.20907032,0.19077323,0.10450094,1.0488845,0.0136953555,0.03607414,0.020121863,0.0190949,0.024797978,0.03621858,0.036341716,0.018378153,0.1935451,0.021084113,1.290254,0.032215893,0.051138744,0.036418617,2024-04-05 14:17:00
0.6604435,0.033698585,1.1005751,0.01787484,0.020076815,0.09802178,0.1837923,0.06879999,0.015276707,0.053888008,0.25130695,0.064523585,0.030800719,1.0860974,0.03349981,0.019709002,0.018714214,0.04601551,0.04239821,0.035882726,0.043139543,0.021827409,0.3440994,0.0361473,1.3240762,0.03375252,0.031155124,0.04002627,2024-04-05 14:18:00
0.6179506,0.043503623,1.1249635,0.016706198,0.023461597,0.015923113,0.18627882,0.02724185,0.021391721,0.03947332,0.28885347,0.09381809,0.015761951,1.0657154,0.015134116,0.034032788,0.025078015,0.027913228,0.037867017,0.044985574,0.055411156,0.020031216,0.16846958,0.023276497,1.2631402,0.03438375,0.035336003,0.037166387,2024-04-05 14:19:00
0.5556671,0.044509336,1.0858771,0.016284226,0.024377657,0.02142939,0.18603817,0.024210697,0.016275208,0.055055637,0.29169852,0.051114604,0.07256658,1.0868074,0.03500874,0.033412147,0.0063988664,0.037530515,0.03811875,0.04482394,0.047256682,0.01749584,0.23869169,0.041931663,1.307707,0.022619529,0.027762296,0.036365274,2024-04-05 14:20:00
0.5591171,0.045459107,1.0982275,0.015046998,0.017663827,0.025661288,0.19119401,0.018332306,0.022903701,0.06341291,0.40636185,0.2661977,0.06120375,1.3435401,0.01978533,0.03683383,0.013448042,0.043827377,0.033929702,0.04493424,0.10684598,0.030935816,0.35148194,0.020377686,1.3051018,0.029832922,0.028693074,0.037938233,2024-04-05 14:21:00
0.46054628,0.046983164,1.0844709,0.020669231,0.04987072,0.014722482,0.18569155,0.027807469,0.023602752,0.046385992,0.28131023,0.066495374,0.064011835,1.291965,0.026471984,0.20855716,0.016678715,0.0467029,0.04565334,0.037597712,0.04412803,0.04006788,0.22309716,0.012500321,1.3098934,0.030503089,0.026144695,0.0369899,2024-04-05 14:22:00
0.4857494,0.04815709,1.1189619,0.024588045,0.029238453,0.019818498,0.18545173,0.016697202,0.025885083,0.06957888,0.28479967,0.13803224,0.028136067,1.4432381,0.01346134,0.030724691,0.035350893,0.035703555,0.035400104,0.044860415,0.046301898,0.028182983,0.25320336,0.01968481,1.305814,0.032439396,0.0293394,0.036650408,2024-04-05 14:23:00
0.5438532,0.045839515,1.0905312,0.016116211,0.036121856,0.021641256,0.18457317,0.03081441,0.023213746,0.054376125,0.34711102,0.124564685,0.04016703,1.2236522,0.015027777,0.03163923,0.022326216,0.013540921,0.032608163,0.044982824,0.044978846,0.021766342,0.23139928,0.022316782,1.3087945,0.028934775,0.028106114,0.038013782,2024-04-05 14:24:00
0.6129671,0.041891076,1.1116396,0.014360754,0.027285943,0.022694677,0.27415854,0.020695643,0.0240144,0.049072273,0.34230757,0.17979844,0.029616838,1.0218073,0.02174941,0.03708943,0.013071826,0.030382922,0.039062716,0.05839089,0.05061988,0.016443426,0.2043655,0.01651201,1.3036788,0.027598722,0.028627878,0.03917914,2024-04-05 14:25:00
0.57704747,0.036726307,1.1113341,0.017218417,0.02782728,0.01956452,0.18220167,0.018605903,0.024866117,0.059406314,0.3895722,0.16392994,0.024699187,1.0537575,0.027343089,0.03840352,0.033257633,0.04583331,0.050443925,0.04509986,0.044198617,0.023936603,0.20552377,0.05702641,1.3301128,0.02319235,0.028965367,0.03718376,2024-04-05 14:26:00
0.5668794,0.02988966,1.1273794,0.01649733,0.022578528,0.017036334,0.18178384,0.027778829,0.01901869,0.05019794,0.37455994,0.10977232,0.03599477,1.0405949,0.063115045,0.038312394,0.014731022,0.03556817,0.045151323,0.035553288,0.04503336,0.02063105,0.29699934,0.045353945,1.345043,0.02153404,0.038940467,0.0391798,2024-04-05 14:27:00
0.49060276,0.044761162,1.1134546,0.02166993,0.014547378,0.019113293,0.1853391,0.02870929,0.02638066,0.070210114,0.23537153,0.12673223,0.032883126,1.0622095,0.025535101,0.042422492,0.02299186,0.03799135,0.037480325,0.03580477,0.039955772,0.022376072,0.32453918,0.017148282,1.3374609,0.02809171,0.021820763,0.036768373,2024-04-05 14:28:00
0.5168451,0.039495077,1.1402372,0.025873108,0.023863096,0.033670243,0.18584771,0.027656168,0.027959332,0.058711205,0.27321237,0.19112656,0.070422284,1.0232146,0.016055448,0.034392834,0.027098916,0.04606638,0.033104185,0.065687746,0.03953777,0.0182772,0.21758242,0.023050092,1.3376735,0.025120541,0.022288471,0.03867418,2024-04-05 14:29:00
0.50225353,0.044854976,1.1421651,0.018848836,0.021045327,0.05010701,0.18169679,0.017843733,0.022293122,0.0453286,0.33081892,0.26240933,0.03093027,1.0385431,0.029247845,0.036973268,0.019026792,0.036897235,0.031393923,0.03591333,0.04995434,0.020517068,0.19741935,0.04629239,1.3978996,0.027008293,0.016813345,0.03663477,2024-04-05 14:30:00
0.49700463,0.045869604,1.105476,0.015330134,0.021775546,0.020925052,0.18774271,0.0217672,0.025859892,0.052287895,0.22739568,0.19030988,0.030577848,0.9753342,0.029631808,0.04084757,0.018467303,0.03577343,0.033073213,0.04053214,0.048802644,0.019486759,0.21059309,0.018269364,1.4365295,0.030353058,0.03477257,0.03351749,2024-04-05 14:31:00
0.56600475,0.04126297,0.9966638,0.02761872,0.024780842,0.029316135,0.18032256,0.026286544,0.024178712,0.05039797,0.22618255,0.06758282,0.030737685,1.0471438,0.028510308,0.03107404,0.103553705,0.047739565,0.04848194,0.046849973,0.044062763,0.017823258,0.23868255,0.023269465,1.4400986,0.026759945,0.036215343,0.038137633,2024-04-05 14:32:00
0.6069686,0.044332154,0.9537626,0.017571447,0.02305322,0.022431668,0.18517712,0.02472239,0.014753579,0.049208216,0.2310183,0.14096677,0.03791835,1.0137125,0.019285623,0.023838969,0.023958573,0.03906804,0.019856676,0.035535414,0.04446686,0.020714734,0.39062026,0.024968535,1.4518703,0.02499978,0.03236498,0.03562559,2024-04-05 14:33:00
0.578728,0.04442583,0.9144224,0.013710048,0.01658978,0.024630195,0.18306084,0.015693106,0.024447858,0.049403187,0.22601657,0.11266973,0.029513912,1.3784363,0.0190907,0.019273618,0.017205903,0.043200765,0.02879604,0.04522758,0.046925537,0.02018218,0.19601554,0.02372697,1.5379256,0.023349417,0.034399286,0.043820687,2024-04-05 14:34:00
0.53157455,0.040114395,0.9240536,0.01754978,0.021966675,0.02786781,0.18731424,0.020075899,0.018084683,0.042331804,0.30498496,0.1942217,0.101595014,1.3313023,0.015173459,0.018713376,0.012804964,0.03604294,0.0288805,0.04486495,0.03575718,0.019998955,0.38869405,0.023122445,1.5194367,0.0189114,0.025732592,0.038167585,2024-04-05 14:35:00
0.62355965,0.044136655,0.91277415,0.017022671,0.029996391,0.025835043,0.18464838,0.046481326,0.020618692,0.06774087,0.25085792,0.20734312,0.061224677,1.2594517,0.031483304,0.057226785,0.02188368,0.03218824,0.029523145,0.05264936,0.049597632,0.028630264,0.23330553,0.022387568,1.5183895,0.035052408,0.06748528,0.008784186,2024-04-05 14:36:00
0.612519,0.04611536,0.9054484,0.022035444,0.020806298,0.020126125,0.18673043,0.021977387,0.022269333,0.0503797,0.25172827,0.095224805,0.031355944,0.97578216,0.014502857,0.027934745,0.022136386,0.035170894,0.041328862,0.04491136,0.04297193,0.019464066,0.20183624,0.022878101,1.5064507,0.03267003,0.032478258,0.03883001,2024-04-05 14:37:00
0.6791308,0.03838414,0.8880059,0.02058319,0.023747396,0.027073918,0.18916821,0.014363738,0.026212774,0.06544164,0.32476637,0.13135909,0.024884105,1.0449418,0.034391675,0.022374295,0.018800331,0.03916826,0.050059337,0.044929847,0.043312535,0.016332395,0.2433689,0.015504379,1.5671551,0.024449257,0.038582448,0.034793667,2024-04-05 14:38:00
0.6654738,0.059204012,0.8948405,0.013218342,0.02632103,0.019548247,0.34570277,0.01169505,0.02910163,0.043995146,0.2975931,0.16655913,0.045023095,1.0631665,0.016443368,0.026696462,0.011932397,0.04218012,0.046669573,0.048420947,0.051992625,0.013612822,0.1989774,0.031243166,1.3611783,0.027384851,0.03219714,0.03887768,2024-04-05 14:39:00
0.6810126,0.043093193,0.9181382,0.018327722,0.020356731,0.01680053,0.26358092,0.018802965,0.021875322,0.04835488,0.47449258,0.04941474,0.026699683,1.334963,0.03297441,0.022163592,0.013306574,0.03404049,0.030071659,0.03649187,0.049120225,0.016940601,0.37906617,0.030757496,1.4167775,0.021916581,0.035798546,0.04793176,2024-04-05 14:40:00
0.6878091,0.040199485,0.9629687,0.0153620755,0.01609399,0.020217529,0.28600416,0.033443872,0.018690841,0.04834604,0.42482215,0.1270966,0.1033013,1.3619709,0.011479512,0.0273371,0.039575323,0.041338027,0.04263041,0.041023716,0.05624814,0.019203331,0.35948506,0.025312295,1.3696862,0.027032064,0.026366893,0.03828655,2024-04-05 14:41:00
0.6254809,0.041698173,0.8978076,0.014538264,0.023631996,0.022387983,0.33679956,0.017059568,0.031383764,0.053459235,0.44634622,0.17730401,0.030942105,1.3047607,0.04256159,0.02626148,0.016335,0.04417511,0.039457053,0.03699652,0.04920111,0.03293463,0.22550115,0.029695477,1.2838448,0.02707775,0.02308705,0.039078947,2024-04-05 14:42:00
0.695706,0.041425496,0.901449,0.017778823,0.021459889,0.028712165,0.24678831,0.05310533,0.021776497,0.04482973,0.3459117,0.059736263,0.058047652,1.1169361,0.022665031,0.019143036,0.022071505,0.044980183,0.05335576,0.04526317,0.04318999,0.013685598,0.2016835,0.018598447,1.2744433,0.030668339,0.036657635,0.037258845,2024-04-05 14:43:00
0.7389154,0.06044948,0.88497716,0.020612076,0.023566855,0.024880504,0.25069493,0.02810759,0.023405107,0.057827298,0.30495733,0.21964727,0.048868194,1.0438142,0.027133148,0.027919943,0.026711289,0.041474584,0.022477392,0.04505915,0.03817613,0.021388361,0.4155644,0.023613825,1.4210445,0.021455122,0.07127943,0.042949867,2024-04-05 14:44:00
0.67536384,0.031097852,0.84269696,0.021332258,0.039581813,0.02317531,0.52945274,0.041431934,0.02151563,0.050424803,0.41008136,0.16182914,0.039789215,1.337379,0.014185375,0.104588255,0.030021625,0.03885345,0.03921773,0.04508719,0.04488083,0.029629145,0.20959412,0.020311734,1.4284079,0.031374555,0.04750684,0.036404196,2024-04-05 14:45:00
0.7071453,0.032633625,0.85116446,0.014735058,0.025067847,0.02844347,0.2649139,0.026506849,0.01838874,0.043339968,0.39819354,0.31001776,0.025965456,1.0445893,0.030831458,0.017187232,0.016679306,0.035845898,0.048652716,0.045811843,0.04180352,0.010620888,0.33274472,0.029597074,1.4377218,0.027418194,0.03672549,0.036952518,2024-04-05 14:46:00
0.70086884,0.038125716,0.8388373,0.015024817,0.029543463,0.026231281,0.26743653,0.024756301,0.024132563,0.047954936,0.42215887,0.061798755,0.040096976,1.0637517,0.023292223,0.026344458,0.013264169,0.021275789,0.03590265,0.04367545,0.050133165,0.026198473,0.20242746,0.030364508,1.4218936,0.028758282,0.026265994,0.035752047,2024-04-05 14:47:00
0.681521,0.04719625,0.8986508,0.01999808,0.027771335,0.028314654,0.2625438,0.022344006,0.020733222,0.06256014,0.48346335,0.18533404,0.055785697,1.0308615,0.027242279,0.026613059,0.032598224,0.033683278,0.03016003,0.046432275,0.047828645,0.021012727,0.22599302,0.022878604,1.5098926,0.023480888,0.040536687,0.037808325,2024-04-05 14:48:00
0.68207735,0.045631234,0.84845465,0.01552629,0.017008817,0.02215999,0.28335798,0.014732027,0.017796934,0.06544068,0.38054,0.25323892,0.031910732,1.2636969,0.020404799,0.028581463,0.012176062,0.043183126,0.034768987,0.035998378,0.045731224,0.019588042,0.28193,0.02088716,1.5109295,0.027887385,0.042344686,0.04811493,2024-04-05 14:49:00
0.6729302,0.037983112,0.8364499,0.016179787,0.01999299,0.017403338,0.38081384,0.02808685,0.019299772,0.042067006,0.3675807,0.067159615,0.022348385,1.0504187,0.020900846,0.019996433,0.02169838,0.04285477,0.035459366,0.044859715,0.03691506,0.029422129,0.3396783,0.016145045,1.5135981,0.026233643,0.03272862,0.036110144,2024-04-05 14:50:00
0.7437496,0.04140869,0.8757168,0.018586269,0.022967437,0.025544444,0.30432847,0.024608817,0.021518428,0.049061835,0.40955213,0.27623296,0.059978653,1.381167,0.021737013,0.02900554,0.038398787,0.029710853,0.04138297,0.052402005,0.050062165,0.017942628,0.20685466,0.021096542,1.5549867,0.016235314,0.027424578,0.03692261,2024-04-05 14:51:00
0.6998214,0.038286507,0.87280804,0.014852651,0.019256914,0.023495976,0.27702597,0.01986495,0.047911644,0.054203026,0.35815337,0.121531695,0.07786223,1.0304646,0.024152143,0.022824198,0.0071876138,0.048276387,0.024425006,0.07410525,0.048787225,0.03498724,0.2013171,0.027750812,1.5555139,0.022377102,0.026613638,0.033228066,2024-04-05 14:52:00
0.67447865,0.06167942,0.85258996,0.020703627,0.026130773,0.020150647,0.26757044,0.018696727,0.020867085,0.050685663,0.34779054,0.16016746,0.012592142,1.029307,0.05455784,0.020747583,0.015342516,0.037316985,0.04755134,0.044860568,0.042075705,0.018347412,0.21902655,0.026996324,1.5676218,0.0245348,0.032694507,0.051669177,2024-04-05 14:53:00
0.6796661,0.06161979,0.8879511,0.027377773,0.021642048,0.019954827,0.26253533,0.026846156,0.021536397,0.04418186,0.4081498,0.092666276,0.031304467,1.3906691,0.013691602,0.026423385,0.026055845,0.036285087,0.039287273,0.036550723,0.03783325,0.013484326,0.20513307,0.020920124,1.6122844,0.027622465,0.039475072,0.03672528,2024-04-05 14:54:00
0.68909407,0.043856982,0.89102954,0.024843942,0.022485172,0.02375373,0.2655547,0.020753281,0.022364449,0.05822193,0.33844396,0.2886057,0.029088167,1.2479569,0.015386675,0.026648037,0.04086541,0.03927528,0.033232562,0.04785496,0.05137581,0.0136057,0.19906713,0.015754014,1.6370358,0.022611119,0.070225134,0.036624048,2024-04-05 14:55:00
0.63453025,0.041603267,0.9074993,0.027143162,0.017852657,0.023591202,0.2734135,0.028089166,0.027137108,0.047970362,0.32509542,0.20777215,0.059383422,1.0396706,0.023621062,0.021890223,0.023292592,0.046447292,0.04182975,0.076476164,0.045232352,0.02504615,0.35909316,0.020183163,1.5261511,0.019058418,0.050597902,0.037692584,2024-04-05 14:56:00
0.7088605,0.04370264,0.9128161,0.02293916,0.029251847,0.022807075,0.26575175,0.02752563,0.017990751,0.0666193,0.38887614,0.07674973,0.020574054,1.0558684,0.016318416,0.027384046,0.025615932,0.02780987,0.04750068,0.040333908,0.053056672,0.022399822,0.37788945,0.024950692,1.5190642,0.026226165,0.030771317,0.036353122,2024-04-05 14:57:00
0.67891103,0.048147395,0.8709358,0.03591424,0.0271292,0.02817381,0.26463827,0.027925976,0.011428742,0.040576216,0.38262412,0.13185081,0.022923885,1.106876,0.014275814,0.029128417,0.021109203,0.034914818,0.031697202,0.04409034,0.058748294,0.015061451,0.20781304,0.017035287,1.5118532,0.023514928,0.025687367,0.039433222,2024-04-05 14:58:00
0.69616413,0.062153965,0.8308961,0.015299609,0.026463883,0.019809712,0.26412016,0.016320119,0.019847527,0.069677405,0.34901094,0.2505743,0.02524296,1.0442307,0.015874177,0.02678998,0.024953796,0.024072178,0.034005202,0.044788316,0.06502072,0.020458907,0.33552596,0.015118556,1.6226517,0.02338351,0.036248084,0.0333773,2024-04-05 14:59:00
0.6674144,0.068011805,0.86939245,0.016456505,0.022003531,0.02019651,0.50654143,0.025263863,0.025772326,0.06179458,0.16271895,0.25444835,0.043974966,1.2086957,0.035828236,0.018114515,0.023199685,0.023342963,0.044010334,0.043927614,0.045790978,0.018373156,0.24107844,0.016267769,1.5976732,0.026145618,0.037240546,0.035426,2024-04-05 15:00:00
0.650858,0.048183575,0.92887753,0.021032838,0.034985427,0.021876372,0.2704854,0.02566771,0.018271944,0.04215765,0.0866368,0.30278048,0.035352986,1.0346643,0.021102168,0.028102612,0.024495097,0.038008865,0.038352415,0.04520586,0.037355788,0.021599047,0.26569852,0.01581796,1.6336883,0.0325024,0.098753646,0.038620412,2024-04-05 15:01:00
0.6909508,0.042174168,0.9301604,0.017826917,0.02990149,0.028870491,0.2592851,0.02526971,0.009575834,0.061440367,0.08645984,0.26677224,0.056965914,1.3620354,0.017067255,0.01674739,0.02319443,0.039196644,0.031852286,0.06500895,0.042088855,0.02204605,0.20784009,0.014755117,1.6799382,0.033428703,0.034384284,0.02816163,2024-04-05 15:02:00
0.685849,0.07493549,0.9229814,0.027400905,0.032169573,0.01993898,0.3057614,0.033914477,0.024340924,0.051901713,0.08832633,0.07106668,0.0965064,0.9576578,0.037292976,0.026424654,0.019159159,0.04276966,0.039607465,0.035963718,0.04665905,0.019176465,0.21859922,0.018971244,1.8002708,0.03027582,0.036045205,0.027106801,2024-04-05 15:03:00
0.70897806,0.041246712,0.9512193,0.015249513,0.031908225,0.02217803,0.28196865,0.02952685,0.019556124,0.05196734,0.055288665,0.18304959,0.03695295,1.2314045,0.023093747,0.017773848,0.02364508,0.036202803,0.04085095,0.04118818,0.056906816,0.015459609,0.3404017,0.027387064,1.7044531,0.027961114,0.033862658,0.032890454,2024-04-05 15:04:00
0.69755787,0.061413024,0.9319361,0.019303355,0.01864721,0.021797197,0.28234833,0.029609956,0.022023197,0.034178674,0.042808197,0.08507038,0.031946205,1.0610474,0.01498514,0.030921727,0.029721817,0.02467782,0.04197092,0.049269967,0.054724555,0.019199505,0.23507698,0.030851604,1.6336576,0.027294125,0.072599664,0.05211041,2024-04-05 15:05:00
0.7250556,0.04643892,0.9711609,0.022227574,0.015654704,0.020983627,0.33619612,0.019508148,0.024312355,0.0772114,0.10978995,0.16188289,0.04521326,1.0677322,0.020422809,0.030672818,0.011771537,0.037780233,0.03291622,0.045239143,0.049251776,0.026454683,0.25729036,0.014792472,1.572592,0.026415814,0.03504639,0.03713462,2024-04-05 15:06:00
0.6997818,0.04379944,0.9320984,0.019654015,0.021722222,0.026880296,0.3987618,0.03466492,0.017664324,0.0690293,0.26210713,0.25816774,0.10358889,1.019449,0.028316643,0.02244567,0.0167225,0.03910638,0.03395943,0.03554034,0.069648445,0.020475747,0.2223863,0.023911774,1.4022509,0.03029491,0.02320491,0.03537129,2024-04-05 15:07:00
0.7288792,0.040744755,0.9007107,0.027956085,0.02656761,0.027733767,0.36525616,0.025446814,0.025191247,0.04085106,0.26573005,0.2205543,0.026526721,1.0669359,0.0154342605,0.018164217,0.03962179,0.027622605,0.039436735,0.036211953,0.040493608,0.020225726,0.35193312,0.03909082,1.3720388,0.023034196,0.031076187,0.0408372,2024-04-05 15:08:00
0.6753126,0.041331068,0.91969705,0.016634442,0.026032474,0.020893792,0.34013537,0.019678416,0.021711543,0.048501916,0.30427983,0.11746331,0.089099154,1.3537077,0.029163843,0.020634567,0.013826526,0.035618458,0.03555996,0.03596011,0.03552896,0.0137108145,0.44725004,0.044446148,1.352605,0.02600709,0.033144154,0.035580866,2024-04-05 15:09:00
0.7814439,0.043988377,0.93759054,0.016603963,0.02207456,0.018088939,0.4223416,0.029952308,0.025281625,0.034595367,0.22893603,0.2661091,0.062600106,1.0368866,0.04595027,0.028638672,0.026860159,0.03682264,0.054805174,0.041588925,0.044483684,0.017191414,0.27788216,0.027613446,1.3430712,0.03279169,0.036108837,0.03796785,2024-04-05 15:10:00
0.67905736,0.05823488,0.91769874,0.0153023265,0.019583156,0.028532246,0.43440518,0.017354315,0.019968642,0.12691064,0.2503888,0.12837695,0.03157332,1.027387,0.018586537,0.02672221,0.010062968,0.035956945,0.040694192,0.04685362,0.04556248,0.016969355,0.36420152,0.014567235,1.1792061,0.024488352,0.040216528,0.03714571,2024-04-05 15:11:00
0.68536747,0.05520963,0.8334963,0.01425044,0.035169967,0.018485289,0.32700136,0.028740782,0.024738055,0.044950612,0.24866183,0.056818835,0.054144625,1.0646029,0.019583965,0.019137455,0.0128200175,0.04012257,0.036101945,0.05156465,0.050678197,0.020102272,0.3153943,0.019886976,1.0209053,0.02585904,0.026221082,0.038595974,2024-04-05 15:12:00
0.6851422,0.043890838,0.7628723,0.013786602,0.022132317,0.014879588,0.5895953,0.019374996,0.021038303,0.06899773,0.25378895,0.11160176,0.03796679,1.0363173,0.031506803,0.02390585,0.011985734,0.01690226,0.024627574,0.045309745,0.04454209,0.018876087,0.25134447,0.014541234,1.0234785,0.022043845,0.036753688,0.040901955,2024-04-05 15:13:00
0.6936657,0.03691928,0.7634021,0.015080119,0.025460644,0.02095247,0.37968224,0.026144393,0.018104475,0.052022487,0.29465795,0.1268445,0.055897452,1.2156985,0.015152238,0.02086257,0.010635704,0.036766484,0.03982966,0.045830857,0.03642639,0.017765949,0.36305448,0.081952915,0.9918692,0.029695213,0.07865189,0.03797756,2024-04-05 15:14:00
0.67584014,0.13349958,0.7615277,0.012009005,0.018955419,0.020791141,0.3655604,0.03194905,0.021373482,0.048972096,0.26051486,0.1433424,0.03160206,1.0602808,0.026847117,0.027053863,0.021818144,0.02726038,0.03786806,0.039322387,0.036192894,0.014572852,0.20311831,0.03032252,1.0817056,0.023879748,0.039964646,0.036900524,2024-04-05 15:15:00
0.70834476,0.035723705,0.7301329,0.013734444,0.022016913,0.021744624,0.32282856,0.03180367,0.02002037,0.05267547,0.2665409,0.122605406,0.084888116,1.0419748,0.018018868,0.030274922,0.021026745,0.037802916,0.043958414,0.047576293,0.04706746,0.028456617,0.22724618,0.019663494,1.2256448,0.023663655,0.03281386,0.067114614,2024-04-05 15:16:00
0.6766082,0.035894003,0.7159406,0.035717808,0.023086451,0.024570592,0.3866284,0.02580871,0.015015226,0.099844396,0.25785652,0.06751131,0.057825044,1.0392742,0.029737366,0.02071517,0.012179525,0.03810541,0.04470722,0.040372163,0.05947595,0.018884407,0.22497818,0.015393977,1.3374562,0.027182031,0.04460655,0.036765646,2024-04-05 15:17:00
0.700619,0.050327085,0.7327714,0.015508424,0.013824106,0.021068579,0.35919982,0.027552579,0.023336634,0.049133163,0.262199,0.08039429,0.03033932,1.0284477,0.026232516,0.029726686,0.015484326,0.041508216,0.043502893,0.04170551,0.05181819,0.018812383,0.18750133,0.017093357,1.3506012,0.036599092,0.04541925,0.04702162,2024-04-05 15:18:00
0.65526664,0.04049568,0.77135646,0.01538924,0.023213703,0.01891326,0.36488363,0.026248958,0.022467505,0.065068275,0.3545133,0.21232519,0.10159676,0.99038464,0.030783817,0.034912456,0.033245545,0.03220466,0.020103848,0.036111824,0.040124375,0.021323955,0.3255439,0.027275907,1.3568747,0.027276274,0.023568876,0.038544293,2024-04-05 15:19:00
0.6416727,0.1559468,0.7541222,0.02610444,0.022443932,0.05095909,0.50432163,0.027881004,0.023596343,0.04785927,0.24813443,0.23978327,0.09231508,1.0754663,0.01234128,0.02926454,0.011723746,0.031686995,0.023309207,0.039788436,0.03686513,0.021133402,0.29452875,0.017625403,1.3622704,0.024855793,0.026178692,0.04142311,2024-04-05 15:20:00
0.63623756,0.06444427,0.7718777,0.015532851,0.020798048,0.021499105,0.52145797,0.01671228,0.025304873,0.04520666,0.31469035,0.059469238,0.021567082,1.0694879,0.013194733,0.02782915,0.011178123,0.04475154,0.03792819,0.044839162,0.043989528,0.017814849,0.4396045,0.018010462,1.3681498,0.02102364,0.051463384,0.03346446,2024-04-05 15:21:00
0.6929973,0.042957615,0.85045564,0.015851839,0.021652546,0.02373775,0.35242012,0.020290943,0.024300203,0.04628939,0.2581908,0.18096364,0.07836828,1.1004087,0.029122917,0.03422111,0.025110709,0.030260857,0.020426922,0.04482756,0.039941277,0.02046803,0.23906516,0.019430673,1.4324938,0.02512966,0.035087336,0.036478225,2024-04-05 15:22:00
0.69387054,0.04738043,0.8715707,0.033488356,0.021264922,0.02412679,0.35067293,0.028156199,0.020941837,0.056002107,0.2775997,0.29778644,0.065423585,1.0607041,0.019670792,0.029009597,0.018113043,0.024797572,0.021019548,0.055327814,0.036867812,0.032814734,0.35703683,0.025088476,1.4959451,0.03292531,0.032365274,0.033893723,2024-04-05 15:23:00
0.69386756,0.046856698,0.90681094,0.016165722,0.02239206,0.01897521,0.38073865,0.023764072,0.024516776,0.12505668,0.32487446,0.0661359,0.0298647,1.3210812,0.013097855,0.024760753,0.014763697,0.042649668,0.046598192,0.035955332,0.043961704,0.025428606,0.3304416,0.023201028,1.4859774,0.024596581,0.04939312,0.034529522,2024-04-05 15:24:00
0.6641432,0.07503566,0.8388432,0.018005436,0.02575159,0.022666615,0.41334277,0.029566642,0.020780379,0.05046256,0.2319383,0.06629446,0.045761175,1.0751569,0.0183145,0.028137477,0.02564544,0.033052333,0.028637744,0.044934977,0.037066676,0.019530557,0.25610673,0.03046395,1.54948,0.025849136,0.038019218,0.033886,2024-04-05 15:25:00
0.6858619,0.06456965,0.8364124,0.02064632,0.016416525,0.024745276,0.34606254,0.026077626,0.022276942,0.04440795,0.3053032,0.21319053,0.060841892,1.0250313,0.024237324,0.011879981,0.02211062,0.034174364,0.026440043,0.047096375,0.06318393,0.024027366,0.23087162,0.015718922,1.5180764,0.026439967,0.03999414,0.02762182,2024-04-05 15:26:00
0.65589327,0.06293756,0.8354709,0.016091205,0.055650022,0.019031137,0.4087833,0.029451739,0.025455592,0.07277168,0.35776493,0.24896693,0.033204563,1.3775088,0.026543707,0.027199132,0.033918936,0.04520863,0.039282992,0.04494435,0.042870533,0.013176861,0.1952384,0.030804435,1.5448133,0.02406031,0.035196844,0.0257038,2024-04-05 15:27:00
0.6408725,0.039950747,0.8793766,0.014161218,0.025806673,0.020205481,0.43225056,0.027311739,0.022099752,0.05112895,0.4198197,0.07851605,0.04926061,1.5392908,0.013373284,0.024781378,0.022791173,0.03822009,0.044071335,0.045779463,0.094759405,0.02329999,0.332337,0.01730644,1.5721574,0.021819618,0.039857373,0.038607467,2024-04-05 15:28:00
0.6669283,0.043365806,0.8369392,0.020005686,0.030030757,0.02053636,0.41655788,0.028369488,0.018063385,0.05247239,0.30713242,0.09764,0.031200673,1.3082677,0.022185633,0.020006493,0.011808732,0.0380143,0.048493437,0.035986092,0.035969913,0.030024804,0.21074155,0.031933423,1.6169298,0.026046919,0.04845766,0.03838037,2024-04-05 15:29:00
0.6760609,0.06500687,0.8412098,0.027338212,0.029247858,0.02283998,0.45414856,0.017815193,0.01932704,0.035510045,0.3625558,0.2703947,0.07768853,1.3260784,0.026411228,0.030135253,0.018717507,0.037712432,0.04450565,0.042953007,0.033574052,0.00964859,0.21665616,0.033719297,1.621194,0.02532908,0.034150694,0.04234869,2024-04-05 15:30:00
0.87691504,0.05310433,0.91261333,0.014058551,0.026683802,0.05391245,0.43619037,0.026005695,0.020340763,0.043350898,0.32171446,0.11195881,0.10397156,0.99769056,0.012348184,0.014005499,0.019437864,0.047170065,0.030822746,0.04448759,0.04362381,0.0233473,0.30916384,0.0190515,1.6529793,0.024840964,0.03599255,0.032169696,2024-04-05 15:31:00
0.87176424,0.04769377,0.91745937,0.015077987,0.019720985,0.024947572,0.38405114,0.028053092,0.022885969,0.062445752,0.30822524,0.068526395,0.044552684,1.0559771,0.03677712,0.022687692,0.0105925165,0.0431095,0.046180636,0.04525862,0.04516361,0.008404758,0.30911654,0.036791805,1.601989,0.024865564,0.04454338,0.048650093,2024-04-05 15:32:00
0.9316115,0.030011432,0.94578886,0.017000945,0.019348178,0.024374653,0.3767237,0.025647817,0.025259178,0.07949094,0.29979149,0.096362725,0.050609782,1.032514,0.016457116,0.029253537,0.029109629,0.033331603,0.016197218,0.044929728,0.052992456,0.015805295,0.40209103,0.03706742,1.5724982,0.02503083,0.02544265,0.036652796,2024-04-05 15:33:00
0.8850131,0.046754517,0.9817334,0.019708535,0.018809581,0.02163598,0.4279682,0.027111648,0.019156383,0.041843694,0.24600072,0.08282024,0.051746555,1.0474994,0.026285721,0.011678483,0.022998763,0.033595935,0.028610209,0.03643376,0.035264187,0.020365706,0.22010608,0.02480498,1.6493378,0.018474981,0.027394027,0.03957535,2024-04-05 15:34:00
0.95183724,0.060094893,0.98500353,0.020722963,0.02499952,0.026692616,0.36293405,0.017205043,0.01958542,0.056351945,0.40763155,0.27279666,0.038829293,1.3577087,0.029905088,0.026721368,0.024621464,0.03425013,0.02310001,0.042380407,0.048083555,0.019172909,0.33958587,0.02172456,1.729679,0.029334702,0.033488803,0.027935103,2024-04-05 15:35:00
0.8651269,0.037909985,0.9997791,0.016364878,0.024269698,0.022259047,0.41441566,0.022407094,0.017765025,0.048239235,0.30135524,0.17829882,0.038283046,1.0360616,0.0154346805,0.051466797,0.021731922,0.031544544,0.027470022,0.035817422,0.036741763,0.02385512,0.24813296,0.02278481,1.7466336,0.02491275,0.039283097,0.03464719,2024-04-05 15:36:00
0.8547751,0.04218957,1.0193202,0.020073077,0.029636236,0.028774083,0.44388643,0.035239004,0.02327082,0.0600489,0.32529953,0.09830581,0.09644853,1.0853616,0.015343975,0.02803001,0.024941493,0.027255455,0.036377568,0.050128985,0.0488417,0.022645868,0.21578784,0.016119145,1.7027644,0.025095483,0.03718073,0.045677766,2024-04-05 15:37:00
0.85903937,0.04701288,1.0632551,0.02804825,0.024328943,0.021309432,0.4190248,0.03153201,0.032560624,0.09194896,0.37537065,0.15076199,0.06492197,1.3641398,0.03342552,0.047869094,0.012057595,0.026289448,0.02735841,0.044873886,0.04151688,0.025236389,0.2162584,0.010758026,1.6437731,0.024011789,0.025782099,0.03556581,2024-04-05 15:38:00
0.8237791,0.04820516,1.024336,0.015291127,0.027212275,0.021310074,0.36404473,0.030461093,0.02542996,0.054788005,0.20628627,0.051366717,0.04121337,1.0369066,0.04559506,0.04484062,0.021597179,0.017719163,0.04173764,0.05484023,0.047971815,0.010426363,0.20496897,0.020791227,1.5456816,0.022654297,0.026552502,0.03828442,2024-04-05 15:39:00
0.8237346,0.04704171,1.0012822,0.029279323,0.020986224,0.021747332,0.45836043,0.02060914,0.018594814,0.07803793,0.28348777,0.1265215,0.052798085,1.1497875,0.040985424,0.037489846,0.011671029,0.021525798,0.03125106,0.04167626,0.04695173,0.022533596,0.31780192,0.022458557,1.5173808,0.02763585,0.036895026,0.047431875,2024-04-05 15:40:00
0.812366,0.044742,0.9698609,0.14805736,0.025211405,0.018878175,0.30213857,0.025939714,0.023430835,0.039969485,0.2809016,0.12060664,0.023590319,1.3505944,0.018095648,0.042366162,0.024408229,0.024376579,0.039126698,0.044941757,0.054609623,0.019331206,0.20286927,0.018382128,1.6766359,0.020748751,0.035985887,0.04302886,2024-04-05 15:41:00
0.8179464,0.031287167,0.980529,0.025777576,0.013136895,0.021058556,0.30383596,0.027951907,0.019679027,0.07158061,0.2666302,0.14567885,0.03518129,1.0580665,0.01834469,0.041170824,0.024728017,0.031009043,0.042466693,0.04494502,0.04580924,0.01766334,0.22797313,0.020352833,1.5881535,0.020285668,0.033083964,0.035626862,2024-04-05 15:42:00
0.8050147,0.05416117,0.79506546,0.02193786,0.02058894,0.02226205,0.3087403,0.020609291,0.018733157,0.060823344,0.27508223,0.20631926,0.029644873,1.5135663,0.02352136,0.08078813,0.0069975997,0.0057568033,0.033818886,0.04483624,0.035591785,0.023464786,0.24164297,0.021010224,1.5678114,0.02709972,0.0253419,0.048108395,2024-04-05 15:43:00
0.8232129,0.062330525,0.77809083,0.01568366,0.030659076,0.022133775,0.35798985,0.018207476,0.023617163,0.08319251,0.30328488,0.075837806,0.05709918,1.0100212,0.03102356,0.081403874,0.024451697,0.037601218,0.05453456,0.044848964,0.048914913,0.054412927,0.19705522,0.04111919,1.6921607,0.027456548,0.03988768,0.026094796,2024-04-05 15:44:00
0.7919613,0.04065645,0.85993177,0.026893217,0.013185382,0.0226636,0.30479488,0.024599304,0.020017713,0.066294834,0.59801847,0.16985802,0.031857643,1.347378,0.03560971,0.07937634,0.021383269,0.038941994,0.030579073,0.044836085,0.048428483,0.020581925,0.25064483,0.014769732,1.6936754,0.027661914,0.026575634,0.03337338,2024-04-05 15:45:00
0.78729326,0.0602929,0.8714142,0.022366831,0.027455928,0.039226137,0.39413732,0.035584714,0.028599942,0.06375034,0.4339248,0.10438806,0.060781337,1.3151255,0.013078764,0.08127376,0.014940662,0.041257538,0.039839208,0.0454382,0.044799227,0.015351017,0.22045743,0.02227401,1.5318912,0.023046328,0.063185446,0.038227048,2024-04-05 15:46:00
0.82118374,0.044166323,0.8872305,0.18314624,0.026712801,0.02014089,0.3126211,0.032233045,0.018946316,0.052177362,0.53413767,0.060454257,0.084198065,1.1983495,0.025279807,0.080527686,0.019805966,0.03640617,0.048818495,0.044851117,0.0449707,0.030560078,0.33413473,0.022026198,1.4488711,0.024683766,0.034160152,0.04345495,2024-04-05 15:47:00
0.8160729,0.059154347,0.90965724,0.02352873,0.021803105,0.02006854,0.36630687,0.0278412,0.023896024,0.0411112,0.46579155,0.10876236,0.06597396,0.9565301,0.017984517,0.081072785,0.014012598,0.038582325,0.031924285,0.048983205,0.049700007,0.020433376,0.24226698,0.020912725,1.3757482,0.025574835,0.046444073,0.04061521,2024-04-05 15:48:00
0.83425665,0.05971521,0.9145984,0.015325609,0.021980839,0.022362648,0.35992435,0.01549196,0.025088038,0.07327203,0.44623846,0.051334657,0.032312468,1.0782733,0.016163865,0.08112614,0.031139284,0.049243923,0.048863247,0.045057043,0.049042057,0.03091173,0.22545391,0.02334495,1.3608762,0.029070793,0.037208036,0.04071812,2024-04-05 15:49:00
0.8222717,0.034935843,0.96377176,0.020216333,0.023567282,0.025998384,0.30254441,0.035712335,0.014206604,0.049451377,0.7111183,0.118136145,0.038163908,1.322102,0.023907075,0.084557794,0.015929917,0.018334178,0.04373575,0.04516055,0.056119632,0.027166843,0.19816597,0.013797939,1.3475506,0.029001042,0.033304073,0.03518128,2024-04-05 15:50:00
0.8008632,0.04483403,0.97800404,0.020912034,0.02391202,0.024095811,0.30156317,0.01354539,0.024028374,0.057345673,0.6257434,0.21816634,0.040117417,1.0399139,0.018508503,0.0776239,0.01060074,0.038230576,0.036230024,0.03564191,0.05576821,0.022148142,0.25498536,0.020742554,1.3343178,0.024439875,0.035655227,0.040030792,2024-04-05 15:51:00
0.82125086,0.04373479,1.0771153,0.018754471,0.020245973,0.019804593,0.39531884,0.03654712,0.026910156,0.0416175,0.7868686,0.23538701,0.042081293,1.0282933,0.026373925,0.07072539,0.02779376,0.039779276,0.05021227,0.04239899,0.06422312,0.03193006,0.32980123,0.022515384,1.3056699,0.028659629,0.027204689,0.0374181,2024-04-05 15:52:00
0.8137174,0.046815075,1.0530175,0.04589866,0.024396686,0.025368592,0.3063149,0.020985251,0.024422275,0.050847415,0.758396,0.2624044,0.036506023,1.0282927,0.015882818,0.077678524,0.020707868,0.03505319,0.02754052,0.047352154,0.049103282,0.01901925,0.20318447,0.0200124,1.3187572,0.019927813,0.02564012,0.036421333,2024-04-05 15:53:00
1.0844476,0.04070063,0.95859766,0.026393715,0.023673212,0.018428674,0.29728675,0.021884643,0.022646548,0.051068995,0.7722364,0.2568281,0.022073291,1.1402749,0.026628185,0.07260118,0.020886177,0.042852934,0.045794897,0.04494607,0.061289776,0.023869649,0.19431558,0.021033073,1.3283217,0.024861114,0.035572395,0.038079284,2024-04-05 15:54:00
1.134325,0.04560691,0.8322965,0.029066805,0.018702645,0.016185546,0.3140094,0.026344083,0.02327041,0.052406482,0.7071557,0.090324,0.060546175,1.0771922,0.04302155,0.054436482,0.0107091945,0.039412633,0.04278647,0.044990182,0.043565962,0.015423211,0.20172691,0.020681044,1.2717317,0.02473012,0.038165092,0.03838388,2024-04-05 15:55:00
1.1200372,0.034266453,0.62542045,0.023521561,0.023296447,0.023070753,0.30789104,0.028144432,0.021829767,0.056629896,0.737268,0.10191811,0.039497796,1.03081,0.016732283,0.03641344,0.012012847,0.040043473,0.03895095,0.04004258,0.037995134,0.01326336,0.33500513,0.02245415,1.2589297,0.022596143,0.034875244,0.032127947,2024-04-05 15:56:00
1.140667,0.059655357,0.62484413,0.017282043,0.025857741,0.022517728,0.3427391,0.025246382,0.018938757,0.06495519,0.7723387,0.05921094,0.048463643,1.2200811,0.018061278,0.04583502,0.026779814,0.021547755,0.030464062,0.0527775,0.032885104,0.013767586,0.20183934,0.02031599,1.4133276,0.029273083,0.025959805,0.03728066,2024-04-05 15:57:00
1.118416,0.0640385,0.6616639,0.017145375,0.022816608,0.02485353,0.3037687,0.028954273,0.018480448,0.060373284,0.7418819,0.21762843,0.10754031,1.0210599,0.060224302,0.057106167,0.027553717,0.047721885,0.048118822,0.04722794,0.064824484,0.031321328,0.3029457,0.024392212,1.3197564,0.022495698,0.030271964,0.04009371,2024-04-05 15:58:00
1.133812,0.07870697,0.6308349,0.028331762,0.026246758,0.024138315,0.32760534,0.023035588,0.016234726,0.053132832,0.8401838,0.12194889,0.062305257,1.320996,0.013627229,0.06961568,0.017649444,0.038322765,0.04550271,0.044110734,0.048966788,0.03550526,0.22586015,0.018707601,1.3131987,0.021958014,0.03687235,0.036129944,2024-04-05 15:59:00
1.121326,0.042170264,0.63694775,0.017520625,0.038662232,0.015192073,0.33599645,0.028867777,0.013986742,0.04702564,0.8678637,0.11334853,0.04020048,1.3714274,0.02326152,0.08165393,0.013822301,0.036770817,0.040270366,0.035588987,0.036305826,0.023476345,0.3016029,0.02052602,1.2861487,0.02463989,0.034771744,0.039233867,2024-04-05 16:00:00
1.1047717,0.040660266,0.60502714,0.019288812,0.018075123,0.02345242,0.31459722,0.020303912,0.024242638,0.084281296,0.85387653,0.30385527,0.028070118,1.08184,0.020367183,0.0711661,0.008749552,0.05043929,0.044350993,0.04489605,0.045797214,0.021938609,0.5093165,0.018836742,1.3983241,0.025981849,0.025875226,0.03988856,2024-04-05 16:01:00
1.0921786,0.03642392,0.6256642,0.014886176,0.021196386,0.026084296,0.36825147,0.021891816,0.020070037,0.056154992,0.77320343,0.13391541,0.029445136,1.0364035,0.04199323,0.07048604,0.014547147,0.043145,0.05495241,0.044790633,0.048416454,0.014018321,0.19547589,0.018983478,1.3999617,0.03234929,0.03691585,0.04427976,2024-04-05 16:02:00
1.0888324,0.05475406,0.6669947,0.021884339,0.02189003,0.02054103,0.3016961,0.033230875,0.024952997,0.06993428,0.7869214,0.16686012,0.11147602,1.0152785,0.025935812,0.0515278,0.0173483,0.039025966,0.040083025,0.041378133,0.046175465,0.023013078,0.2261496,0.03312221,1.4066937,0.024979437,0.037397724,0.048605714,2024-04-05 16:03:00
1.1048629,0.04269523,0.73523486,0.016037252,0.022508979,0.020703081,0.33022538,0.024890373,0.023189826,0.0637679,0.7603832,0.20849372,0.119540185,1.3417233,0.020741384,0.05696587,0.023306776,0.01786232,0.048664592,0.035914596,0.043371364,0.028936014,0.19676378,0.02204495,1.4077976,0.02420116,0.025757892,0.026681183,2024-04-05 16:04:00
1.0920974,0.05158839,0.760399,0.02730377,0.025163414,0.025888119,0.37373868,0.023675377,0.019323265,0.07613149,0.58859116,0.14388143,0.068333805,1.1833074,0.013534168,0.054156832,0.025164433,0.03417099,0.03653348,0.0537594,0.04367659,0.01531812,0.20098022,0.018070335,1.4109322,0.025563877,0.036514346,0.022842957,2024-04-05 16:05:00
1.1809525,0.041018084,0.79352206,0.017158097,0.028920945,0.018652977,0.36076242,0.02426054,0.051556382,0.031749498,0.6014577,0.24081418,0.026521327,1.0101833,0.04257207,0.059670154,0.021691835,0.054799885,0.047154404,0.04075563,0.066463165,0.021277439,0.36128932,0.018275402,1.4240633,0.028209478,0.052341476,0.032989323,2024-04-05 16:06:00
1.164816,0.037314218,0.75338364,0.017012462,0.02447671,0.025588807,0.3430247,0.032175004,0.036000215,0.032222275,0.66778564,0.070165716,0.08130857,1.3816586,0.018202348,0.062763594,0.018474102,0.042204525,0.03918386,0.03554489,0.046795797,0.020220736,0.29730755,0.018623626,1.5029874,0.019679805,0.036567558,0.035604134,2024-04-05 16:07:00
1.160425,0.060382996,0.76368845,0.01802352,0.020430928,0.023982694,0.39306358,0.035357457,0.024464544,0.07267111,0.6115644,0.063631706,0.03460948,1.0574195,0.014056662,0.0634586,0.02161714,0.048722997,0.040350858,0.049156815,0.046490468,0.018056469,0.21207951,0.032379285,1.4129673,0.025505459,0.030897548,0.049800936,2024-04-05 16:08:00
1.1293594,0.04153111,0.79889095,0.03631881,0.036401685,0.025957638,0.34211352,0.027913349,0.024131225,0.0398383,0.6263749,0.04714122,0.03891549,1.0618035,0.02525723,0.07537973,0.01616405,0.0318684,0.041764166,0.045139734,0.04866555,0.016394066,0.24908797,0.020126712,1.4749087,0.031040711,0.03637023,0.036899425,2024-04-05 16:09:00
1.1304708,0.042134862,0.7832961,0.02752815,0.027191512,0.02406203,0.32617107,0.017356217,0.02192073,0.061881647,0.6088484,0.1570617,0.07416251,1.0943071,0.023995688,0.062224507,0.013226576,0.043075636,0.050882727,0.044146713,0.05179123,0.009105121,0.3792276,0.057672925,1.6238,0.029470708,0.061719205,0.03750285,2024-04-05 16:10:00
1.1436607,0.041956197,0.78871757,0.022755248,0.01945517,0.02171194,0.48165813,0.026110101,0.013476917,0.051365335,0.60377795,0.069054864,0.07577523,1.0942554,0.014931593,0.10735687,0.029283812,0.028502196,0.037951168,0.03996229,0.050658315,0.016238876,0.5931134,0.025541691,1.3952258,0.028740432,0.0322316,0.03301499,2024-04-05 16:11:00
1.1293979,0.060823243,0.8167023,0.026172766,0.021522162,0.024582954,0.35984537,0.018018365,0.017847756,0.038255047,0.5668124,0.19794913,0.031185923,1.200244,0.017833656,0.11402607,0.022912063,0.028563412,0.04498718,0.04483462,0.036119606,0.031589396,0.22602746,0.019570133,1.394923,0.027894251,0.057486277,0.015567129,2024-04-05 16:12:00
1.0470734,0.042508878,0.8457064,0.016050395,0.020275837,0.02247846,0.36576948,0.013462649,0.01737536,0.04487393,0.5074255,0.23766674,0.028040187,1.0475153,1.106436,0.118029185,0.018462807,0.025403798,0.03571915,0.03592324,0.0469805,0.01820703,0.3070245,0.021723831,1.3766036,0.02702553,0.034975883,0.05415275,2024-04-05 16:13:00
1.0967463,0.04123072,0.84054476,0.017190319,0.0317308,0.023558062,0.41662636,0.028963767,0.018339198,0.05752584,0.47640878,0.15087096,0.10657818,1.0163933,0.025094103,0.18792287,0.04030148,0.038192697,0.037455473,0.046699595,0.04548672,0.031576082,0.46540663,0.024032323,1.4090512,0.024629297,0.024540335,0.042346742,2024-04-05 16:14:00
1.1091913,0.05200705,0.8024913,0.019738598,0.027491212,0.021466026,0.39741093,0.018681632,0.036678698,0.059936855,0.3271446,0.20417997,0.029497042,0.9526319,0.02257102,0.1602707,0.020546263,0.03880038,0.04509097,0.044748835,0.04871721,0.020428041,0.7066735,0.05164923,1.5165195,0.0219234,0.038232915,0.03762433,2024-04-05 16:15:00
1.1363894,0.041272707,0.85203797,0.019314224,0.024670932,0.024264896,0.36330956,0.032933783,0.023031183,0.051759895,0.32613462,0.12334911,0.07183411,0.9658147,0.02455986,0.18263856,0.010299378,0.037294228,0.04035561,0.044849947,0.05416497,0.021350985,0.26747692,0.021960596,1.5328707,0.029756783,0.037211075,0.0390774,2024-04-05 16:16:00
1.1090345,0.040856894,0.8375045,0.024448657,0.022153294,0.03193256,0.57241845,0.024450462,0.018673414,0.036769338,0.06127875,0.2601879,0.06816186,1.0591795,0.027500283,0.24612008,0.026601048,0.037080936,0.040394966,0.03971644,0.05461815,0.017594194,0.46741265,0.0149533795,1.5256208,0.020047821,0.034754824,0.033169918,2024-04-05 16:17:00
1.1067566,0.035559446,0.89186305,0.017408056,0.036487386,0.024816744,0.356647,0.027147861,0.021559862,0.06365606,0.03320299,0.058053557,0.09579814,1.0776608,0.016288416,0.2739122,0.028346304,0.039715003,0.0349831,0.04548825,0.046354942,0.017365817,0.26128963,0.026195886,1.5194864,0.029379513,0.033597026,0.033507098,2024-04-05 16:18:00
1.1044523,0.03980719,0.7936625,0.016950658,0.018808343,0.022238636,0.4083189,0.02862005,0.024496192,0.04054495,0.04129651,0.059039876,0.05303086,1.2770348,0.017378248,0.27470177,0.015444661,0.046881456,0.046751782,0.050914697,0.03955973,0.03639202,0.2888676,0.02388281,1.4597439,0.023699954,0.031318232,0.029914418,2024-04-05 16:19:00
1.1187136,0.02382957,0.8903467,0.023438765,0.030237574,0.01869999,0.35879564,0.019531818,0.02167903,0.10202388,0.034530852,0.038185123,0.122939564,1.0981997,0.01561254,0.37956384,0.027094204,0.045631055,0.041427087,0.044430025,0.034997016,0.039016962,0.4125814,0.025984962,1.4656318,0.029721394,0.03403267,0.03280633,2024-04-05 16:20:00
1.0834852,0.03908992,0.8791644,0.1639241,0.03312495,0.024581008,0.35241774,0.14866461,0.021774378,0.060248666,0.049025595,0.105278924,0.10343044,1.0204374,0.0224227,0.37548295,0.041437708,0.03927166,0.12725224,0.03576582,0.034633256,0.020478336,0.27602464,0.016871514,1.4863693,0.03275389,0.026653277,0.038836528,2024-04-05 16:21:00
1.0805517,0.041078385,0.9548641,0.020114992,0.037031773,0.027763229,0.42922398,0.017850775,0.02096294,0.046807297,0.044122837,0.1356264,0.034617376,1.059476,0.041867245,0.391807,0.020949777,0.047667135,0.045347698,0.04576138,0.0472364,0.026663296,0.42831394,0.03738314,1.6398245,0.030380556,0.03486057,0.044307105,2024-04-05 16:22:00
1.089702,0.060209192,0.9443319,0.02101228,0.01735515,0.020820448,0.35136768,0.02244658,0.020516153,0.05150988,0.070988014,0.06537119,0.025966594,1.4424185,0.025828177,0.52659196,0.035150375,0.054345977,0.04015841,0.044830926,0.050378054,0.0344262,0.2344651,0.01819688,1.5915812,0.030727021,0.02689116,0.037062082,2024-04-05 16:23:00
1.0819042,0.036064535,0.8944419,0.026627699,0.025318842,0.019372184,0.4188344,0.02598982,0.025169471,0.0542213,0.09672567,0.055914864,0.10638381,1.3477834,0.019809771,0.49395597,0.024209693,0.04556026,0.040916823,0.03548158,0.046353817,0.014333804,0.25512528,0.05851306,1.5622233,0.02390104,0.03491948,0.036564518,2024-04-05 16:24:00
1.0723785,0.037975248,0.94076115,0.018139299,0.019532673,0.017805561,0.42257953,0.023788782,0.021405492,0.06499737,0.07343068,0.26124886,0.059034675,1.363099,0.026912646,0.49195156,0.025028467,0.01680843,0.03445243,0.044913087,0.057575695,0.016867736,0.4113938,0.024810137,1.5516689,0.024007926,0.08562098,0.032659963,2024-04-05 16:25:00
1.0882034,0.05522258,0.9038842,0.030893316,0.018450245,0.021901343,0.36721233,0.056010548,0.026976231,0.0358221,0.082671545,0.0548726,0.022283457,1.0552869,0.015991863,0.465921,0.024227485,0.041811198,0.0482375,0.05162011,0.044004932,0.28455856,0.38441163,0.05099037,1.5649862,0.022612557,0.036791284,0.037827168,2024-04-05 16:26:00
1.1347308,0.059863236,0.9238527,0.017610883,0.01727538,0.022203844,0.34917864,0.010751,0.0211803,0.050356854,0.07507269,0.1468548,0.07049825,1.212641,0.015290108,0.40523565,0.016713144,0.02922399,0.052514143,0.044899553,0.07114907,0.016431816,0.3206517,0.019350817,1.5127909,0.02461842,0.062367845,0.036382873,2024-04-05 16:27:00
1.1051061,0.04076086,0.93498605,0.015744148,0.025790388,0.0235355,0.39498833,0.037014067,0.018477941,0.04751968,0.038793642,0.25511736,0.12727422,1.3421382,0.021921074,0.41048837,0.024984138,0.016174393,0.044102993,0.0366951,0.048702843,0.020374298,0.24523038,0.025618916,1.5750726,0.023767896,0.062163897,0.026376894,2024-04-05 16:28:00
1.080723,0.03446591,1.0502633,0.026189758,0.07891369,0.033081133,0.3493696,0.022351246,0.02463963,0.07431302,0.049072642,0.0926353,0.02781671,1.3194485,0.042999648,0.45750123,0.0098510645,0.018016376,0.040027577,0.04487566,0.04477697,0.02420474,0.23711911,0.033570316,1.7543728,0.024576066,0.06674057,0.024706313,2024-04-05 16:29:00
1.0946847,0.035433985,1.0144069,0.031918757,0.03492108,0.02395246,0.40075558,0.026980557,0.017653098,0.05346087,0.07921633,0.2031867,0.026088955,1.0684074,0.027728494,0.43188736,0.022216164,0.015569191,0.04580449,0.035564948,0.040262982,0.028161142,0.4151186,0.020704275,1.4120023,0.036676094,0.034916196,0.022850556,2024-04-05 16:30:00
1.0922703,0.054813396,0.9690414,0.02269977,0.017507462,0.023665266,0.34582472,0.029732669,0.02074187,0.064121395,0.0826173,0.22670302,0.037670147,1.0970067,0.039538495,0.4255705,0.023241313,0.034894634,0.042925525,0.045073505,0.044493176,0.031167833,0.2617314,0.021217113,1.3920616,0.026107734,0.02608887,0.022369726,2024-04-05 16:31:00
1.0876129,0.038500253,0.9328211,0.021838391,0.025855612,0.023000848,0.43859947,0.02276214,0.024004048,0.084608555,0.2995489,0.15237467,0.030569552,1.2317879,0.021602014,0.51130074,0.024405265,0.03418936,0.048284046,0.035557963,0.04553613,0.029734844,0.32975158,0.031050878,1.2655358,0.024313793,0.06828392,0.03765993,2024-04-05 16:32:00
1.0844194,0.053032756,0.9786709,0.024422998,0.02426421,0.0244433,0.3739595,0.032241497,0.025121922,0.11118144,0.14842412,0.2655787,0.048021227,1.1560005,0.02481625,0.4369629,0.024873102,0.030937042,0.0368335,0.041156024,0.045681342,0.02718096,0.43041962,0.018978735,1.2007831,0.023843698,0.054554526,0.025279947,2024-04-05 16:33:00
1.090268,0.03669034,0.97057235,0.05991351,0.030164791,0.023686273,0.34573185,0.02158939,0.018836496,0.038504556,0.16242121,0.20335172,0.03464858,1.1412303,0.026284168,0.43717524,0.022833206,0.033943757,0.04165046,0.0391143,0.059378695,0.03177418,0.3710379,0.033693127,1.2197546,0.02479635,0.04355803,0.022607574,2024-04-05 16:34:00
1.0838789,0.04081563,0.95393836,0.028955298,0.016543431,0.02447281,0.38038355,0.026476027,0.021427624,0.09889383,0.19438161,0.071801186,0.113981344,1.4426848,0.017004136,0.41966975,0.021205325,0.039351765,0.045013376,0.04545797,0.0633461,0.022298608,0.2616788,0.01893166,1.0275531,0.025982227,0.04570257,0.037086874,2024-04-05 16:35:00
1.114378,0.035901655,0.9769543,0.015973521,0.023439178,0.017951423,0.40655604,0.030267665,0.017784836,0.063052535,0.18145941,0.14150919,0.10486253,2.009467,0.018266961,0.43132952,0.023001408,0.026738463,0.038156476,0.03988595,0.039089955,0.020493265,0.2773835,0.015762664,1.0157634,0.025196576,0.034939326,0.02444397,2024-04-05 16:36:00
1.0840182,0.041608855,0.96168435,0.028679572,0.018845012,0.017225776,0.5642501,0.03624427,0.051539205,0.0709445,0.23900025,0.13223934,0.06250197,1.4264578,0.02467667,0.444177,0.022438599,0.032341316,0.027831828,0.037159923,0.050387826,0.020858087,0.70618784,0.14430848,1.0028892,0.020444838,0.032028373,0.0754535,2024-04-05 16:37:00
1.0679795,0.038054336,0.9778824,0.014463118,0.022261798,0.026040373,0.42634875,0.02838097,0.024396563,0.16651422,0.21108773,0.12308233,0.026953498,1.4305893,0.01829917,0.4319932,0.019691732,0.021469915,0.040824268,0.036212943,0.048654556,0.023615839,0.26072273,0.01816699,1.072732,0.029482855,0.026506698,0.03595387,2024-04-05 16:38:00
1.0683227,0.044263355,0.9692052,0.017046949,0.033022262,0.019461717,0.43955603,0.027723439,0.019504609,0.0599168,0.32295048,0.11840737,0.022875724,1.440987,0.020414112,0.54495734,0.020664597,0.033736996,0.041478552,0.035801567,0.047783922,0.021710321,0.41068634,0.021405902,1.0527886,0.03172841,0.035134137,0.039893433,2024-04-05 16:39:00
1.1500049,0.041299,0.88313454,0.015774144,0.021538608,0.0913304,0.51106167,0.023211053,0.02355396,0.050540574,0.1257249,0.07895824,0.030700782,1.7114888,0.039218917,0.51052713,0.018304307,0.054576058,0.0441472,0.03594772,0.048778433,0.021836149,0.5174631,0.027422296,1.1202437,0.031424925,0.034664422,0.039765365,2024-04-05 16:40:00
1.107617,0.04494482,0.79154676,0.02104876,0.016158555,0.016410874,0.3983845,0.022310896,0.02310409,0.031279895,0.17409742,0.21303307,0.04451569,1.3931438,0.025457293,0.45568803,0.017978247,0.05051267,0.037767764,0.0406401,0.04172589,0.016746469,0.2557173,0.010258609,1.1301131,0.021670505,0.051203016,0.04346186,2024-04-05 16:41:00
1.0729464,0.052548856,0.79978055,0.02945474,0.021200994,0.02722438,0.42714298,0.021536775,0.024862915,0.07720534,0.1828015,0.06183211,0.027132496,1.6615696,0.029522765,0.4685347,0.023846518,0.03447352,0.04417621,0.044971846,0.049233492,0.018481793,0.2592256,0.023224415,1.196779,0.02754874,0.035769764,0.039317917,2024-04-05 16:42:00
1.1236815,0.057913832,0.7576456,0.027237123,0.0251532,0.023965213,0.5397798,0.034446962,0.019242529,0.051335745,0.2630333,0.31090942,0.061682165,1.3921201,0.017984387,0.5749223,0.025608854,0.03579894,0.04633544,0.040850095,0.033643853,0.022483064,0.41069135,0.015199122,1.1678823,0.023454335,0.039439045,0.041180994,2024-04-05 16:43:00
1.0466876,0.043059338,0.71883905,0.18381333,0.020049332,0.024291262,0.42437914,0.05725609,0.018669583,0.046871964,0.20808247,0.073099054,0.030396895,1.4602267,0.020367997,0.44229257,0.02320231,0.03461911,0.053129505,0.044932306,0.043741036,0.020483855,0.2377515,0.022731882,1.1386226,0.029362073,0.07776039,0.03859095,2024-04-05 16:44:00
1.040229,0.03665433,0.71415275,0.015508112,0.023903033,0.021851892,0.47358596,0.022149872,0.024921391,0.054569375,0.21304743,0.092751496,0.09170687,1.3710456,0.03882025,0.48877922,0.022432163,0.036127057,0.042341065,0.036008626,0.056020245,0.018140756,0.2706169,0.022566287,1.1945002,0.02569121,0.031110978,0.041722175,2024-04-05 16:45:00
1.0479398,0.044532783,0.70762956,0.013150106,0.021544084,0.023770126,0.51456934,0.02709836,0.020919733,0.05092553,0.28694963,0.066581964,0.07650665,1.7069966,0.014800603,0.49617478,0.043619815,0.038332827,0.04877383,0.044870008,0.051300526,0.03112068,0.25137138,0.01903258,1.1860682,0.026320508,0.040854406,0.040311884,2024-04-05 16:46:00
1.0439525,0.040105008,0.6681933,0.0143502075,0.018909816,0.02716003,0.44382918,0.028905872,0.023418587,0.06501653,0.26881772,0.16651917,0.01843954,1.4035207,0.020353222,0.48644134,0.008694096,0.03911871,0.048487518,0.036281157,0.04842833,0.018196419,0.28580755,0.019516634,1.2740219,0.022744203,0.036268253,0.03456467,2024-04-05 16:47:00
1.0462482,0.033144932,0.60511684,0.014692813,0.020173417,0.02408261,0.52223307,0.02282922,0.024190241,0.063167095,0.33961257,0.19227107,0.03662675,1.7680153,0.013803627,0.448373,0.016659738,0.039537624,0.049892023,0.035521746,0.04808405,0.019172283,0.345056,0.02043181,1.1457518,0.028195223,0.034164023,0.05434292,2024-04-05 16:48:00
1.0495617,0.05981797,0.6824615,0.014790737,0.021195801,0.019134482,0.5593531,0.029739013,0.023004921,0.03839381,0.2878761,0.26631355,0.018709134,1.6037751,0.017514996,0.45259342,0.017417174,0.037369326,0.041599903,0.035836853,0.049787417,0.018687733,0.51049334,0.026881877,1.1578678,0.024628544,0.03384234,0.037310075,2024-04-05 16:49:00
1.0515327,0.021815585,0.6867563,0.01709831,0.030914074,0.02621848,0.45052636,0.037271917,0.022202736,0.053531483,0.29938558,0.17940806,0.02010324,1.7115661,0.020387514,0.5031788,0.024428189,0.02822736,0.044615865,0.042890366,0.046120677,0.027905777,0.23635693,0.018567163,1.1701365,0.0217626,0.036722623,0.040975295,2024-04-05 16:50:00
1.0383337,0.04037466,0.66887766,0.026237734,0.024605326,0.021332176,0.41542342,0.033367112,0.023066908,0.056947097,0.30510062,0.052468702,0.028362611,1.7633287,0.018075356,0.504664,0.03993132,0.04249342,0.053981505,0.045029365,0.047277577,0.016257063,0.23252338,0.022801014,1.1971248,0.0307994,0.037359066,0.044748917,2024-04-05 16:51:00
1.0494832,0.021170355,0.6826691,0.013442887,0.021721598,0.016678734,0.44467703,0.018179437,0.01874895,0.03848817,0.29167166,0.22430848,0.018701788,1.3657669,0.016081987,0.5510886,0.032202017,0.027112205,0.05557958,0.036231194,0.04811915,0.02082934,0.23739728,0.020745568,1.191491,0.030794831,0.033841074,0.034327526,2024-04-05 16:52:00
1.0468533,0.037807528,0.69473606,0.033501502,0.021610148,0.016484916,0.496882,0.02767301,0.022946635,0.053034555,0.31645626,0.16142128,0.026883744,1.859111,0.017242081,0.45779458,0.01480554,0.036899522,0.044598408,0.051411927,0.05470057,0.01815031,0.36404598,0.0154253,1.2659764,0.026074614,0.036449514,0.038925253,2024-04-05 16:53:00
1.0443877,0.03715108,0.6406435,0.018521564,0.0175398,0.016888782,0.46122706,0.02593733,0.022353379,0.06877564,0.3019976,0.06697241,0.03395566,1.4155433,0.2461522,0.52456415,0.016737161,0.04105923,0.048506126,0.036061764,0.03346912,0.01504735,0.2734129,0.022451798,1.294394,0.025416203,0.025261655,0.03722695,2024-04-05 16:54:00
1.039124,0.06629296,0.6458978,0.02224734,0.020363234,0.02069195,0.48821393,0.036361985,0.017157834,0.07610355,0.2948151,0.29264697,0.056930386,1.3501351,0.024483629,0.47453088,0.050614547,0.039319392,0.040051483,0.035679657,0.048066083,0.021671563,0.4368865,0.03026779,1.2753325,0.025249477,0.033571817,0.034852274,2024-04-05 16:55:00
1.046983,0.049281843,0.6810219,0.020035826,0.023507027,0.01782675,0.45900217,0.024282323,0.061508443,0.06459266,0.3118235,0.10160974,0.03822042,1.3646042,0.02314295,0.5487402,0.02506012,0.03924019,0.042842183,0.040484898,0.053655565,0.014990737,0.40491918,0.032293517,1.2517452,0.025920201,0.10848477,0.034094293,2024-04-05 16:56:00
1.0519328,0.032879192,0.6917348,0.02362231,0.022471594,0.021335699,0.46039265,0.021279784,0.01535451,0.058663536,0.32966885,0.24653055,0.042408336,1.4243371,0.015984064,0.6862361,0.015751623,0.032980822,0.040920056,0.040825475,0.036975686,0.019043947,0.49192962,0.025271107,1.2690853,0.025386455,0.034189194,0.037823696,2024-04-05 16:57:00
1.0381699,0.090919,0.69995064,0.036533993,0.027759211,0.020134564,0.43808925,0.04250771,0.0134222675,0.03534661,0.37126875,0.08724859,0.04617755,1.3992811,0.032594617,0.59842277,0.02623033,0.037581973,0.0520347,0.04311476,0.05118433,0.0223768,0.51853853,0.043329593,1.280192,0.022714172,0.048487686,0.030585852,2024-04-05 16:58:00
1.0405957,0.020117989,0.70953363,0.013618488,0.02667843,0.013392058,0.47092125,0.028092016,0.020789819,0.046279754,0.367873,0.14850865,0.026707748,1.704162,0.01667805,0.55159765,0.020018388,0.035582382,0.053255375,0.042238317,0.034272388,0.025107937,0.49566793,0.015021805,1.2707006,0.025781732,0.037118923,0.034091,2024-04-05 16:59:00
1.1111016,0.032356374,0.738814,0.01832817,0.030101368,0.020035328,0.4935215,0.023887072,0.024211543,0.043518934,0.37693873,0.09878383,0.034786828,1.3669076,0.015381819,0.67975914,0.023060588,0.04216311,0.032097112,0.044831693,0.04499718,0.015716892,0.33263874,0.022937084,1.3441774,0.022792941,0.033713583,0.03453323,2024-04-05 17:00:00
1.0474527,0.042029016,0.8588721,0.017954024,0.024820745,0.016539743,0.4181713,0.016969733,0.017961523,0.038610708,0.311402,0.09026342,0.027502308,1.3782862,0.012883163,0.6436733,0.011154746,0.041145395,0.0445942,0.038367033,0.04927236,0.02485714,0.33447388,0.03337422,1.2648139,0.025199156,0.08423679,0.037209135,2024-04-05 17:01:00
1.0374053,0.03966236,0.7908313,0.0200266,0.021664606,0.020912148,0.44705802,0.029000359,0.025331972,0.06280598,0.32042944,0.23717865,0.09567578,1.5745008,0.013121159,0.70885885,0.010165795,0.030871497,0.046925128,0.03624636,0.04471576,0.03544849,0.3691308,0.025007408,1.2697468,0.024197895,0.032834034,0.021731129,2024-04-05 17:02:00
1.0348507,0.054049052,0.8490047,0.026949737,0.02019436,0.016356856,0.57045877,0.027487462,0.032212492,0.03868782,0.41803512,0.07768415,0.025661739,1.3978486,0.020050835,0.7892225,0.022454035,0.045742806,0.04299105,0.044973757,0.04637451,0.021603886,0.50086445,0.019976653,1.2601128,0.024264807,0.034732565,0.05207726,2024-04-05 17:03:00
1.062497,0.08639312,0.9065003,0.022026539,0.03209117,0.023730393,0.45891285,0.01997258,0.019715937,0.040023964,0.37141183,0.12645966,0.025241418,1.4011692,0.021103438,0.7135138,0.023871629,0.037477653,0.05111754,0.037205696,0.04513559,0.030673796,0.28389528,0.0267784,1.3201051,0.030221667,0.027483258,0.04837991,2024-04-05 17:04:00
1.06043,0.03519536,0.90735793,0.025003983,0.024368517,0.022446496,0.44878036,0.027931638,0.024730792,0.057750832,0.37155148,0.19131352,0.119775586,1.3724276,0.024477838,0.70308006,0.02471504,0.038609926,0.04093497,0.036286876,0.054399792,0.01501242,0.33001962,0.024839642,1.3305206,0.02697426,0.05613832,0.038161762,2024-04-05 17:05:00
1.1417156,0.033103988,0.8189342,0.14416745,0.017038869,0.014130759,0.4147574,0.018532317,0.019486811,0.059652466,0.40792918,0.12296599,0.049809903,1.3715684,0.013855925,0.7261427,0.012610804,0.04462346,0.03963983,0.04512797,0.043266397,0.02004965,0.3824119,0.027544321,1.362783,0.029869322,0.03461283,0.035562303,2024-04-05 17:06:00
1.0195072,0.036626995,0.85645086,0.025639419,0.031276084,0.027613383,0.4508457,0.022397172,0.017327204,0.0419316,0.40854728,0.10683509,0.027818065,1.3890728,0.01955244,0.7100422,0.014876351,0.030023342,0.04302582,0.044909827,0.038004376,0.021802742,0.30732664,0.018582672,1.4280007,0.022506068,0.034562677,0.038617652,2024-04-05 17:07:00
1.0690795,0.03652802,0.78182966,0.019441266,0.03214187,0.020789376,0.42422682,0.024554797,0.016218057,0.091382,0.5339424,0.26031724,0.028764261,1.7634377,0.02237544,0.7063989,0.014075002,0.040557124,0.034884617,0.065898776,0.033407085,0.017819092,0.2822756,0.017756687,1.4294316,0.02346273,0.09013001,0.047508202,2024-04-05 17:08:00
1.0040936,0.041797552,0.8059181,0.02246858,0.027528469,0.022122838,0.66994643,0.026862573,0.017551823,0.0350422,0.49646094,0.0782195,0.033436958,1.3596787,0.018876947,0.83574235,0.025937814,0.033979636,0.047040258,0.03603067,0.03706044,0.019385993,0.48719648,0.012245661,1.442473,0.02471496,0.039654046,0.035907183,2024-04-05 17:09:00
1.009787,0.04212265,0.92670435,0.019126976,0.018166663,0.016994566,0.49884456,0.022094842,0.01881207,0.04628483,0.48613557,0.11084397,0.0467643,1.4224192,0.025507258,0.7463798,0.019114818,0.03667258,0.049748834,0.035686728,0.045117483,0.019098448,0.47316435,0.038166627,1.4765075,0.01977301,0.14421089,0.035784997,2024-04-05 17:10:00
1.018439,0.043211196,0.83390474,0.043888416,0.021742193,0.017575694,0.5661421,0.032378867,0.015231258,0.07000332,0.4004236,0.15369147,0.06077577,1.7242157,0.028417556,0.8110481,0.018698184,0.021408483,0.050573166,0.035633124,0.048270956,0.017189858,0.40867776,0.019883692,1.478432,0.025381437,0.04545037,0.038068548,2024-04-05 17:11:00
1.0113537,0.044125598,0.8431405,0.01578621,0.018451191,0.016213391,0.49838242,0.020170778,0.01741984,0.09080312,0.24713647,0.07588474,0.020526333,1.418383,0.014463236,0.81719756,0.016730279,0.030298328,0.037363075,0.044935167,0.047323886,0.016687706,0.38585964,0.019886455,1.4965134,0.026097516,0.036550205,0.038194094,2024-04-05 17:12:00
1.0686425,0.041430164,0.8087783,0.01571217,0.035899978,0.02309933,0.49100995,0.025019683,0.023208555,0.07773409,0.26159248,0.14747317,0.09196696,1.3573223,0.019887194,0.6791735,0.033068445,0.016124398,0.044886503,0.035490062,0.043306567,0.00987595,0.26262996,0.036557395,1.5128673,0.028664501,0.03804427,0.038517345,2024-04-05 17:13:00
1.0067222,0.04902664,0.825065,0.026487144,0.028960267,0.025426455,0.5282257,0.02836807,0.030098671,0.060891338,0.18536842,0.06132446,0.024072912,1.3643795,0.016356487,0.86651945,0.022278614,0.023500953,0.042266287,0.044838063,0.044367857,0.0081649,0.2759298,0.023981843,1.6859044,0.024753645,0.07453667,0.034683183,2024-04-05 17:14:00
1.0190104,0.05645384,0.839518,0.020946104,0.02764589,0.031067094,0.5331676,0.027871277,0.023324937,0.03389312,0.18405718,0.08601429,0.02659876,1.3575189,0.029205091,0.77610314,0.017558537,0.01651815,0.047636934,0.040364254,0.04446703,0.025834737,0.2505291,0.015186232,1.4764485,0.020840114,0.026319198,0.039590076,2024-04-05 17:15:00
1.0271894,0.044754263,0.8543437,0.019671062,0.02161351,0.017559867,0.4722672,0.027987683,0.025035763,0.04436177,0.15909988,0.28209162,0.024239643,1.2647165,0.026184898,0.87205714,0.023160117,0.02755181,0.041430045,0.035655208,0.044869095,0.019039411,0.26911998,0.013559284,1.513913,0.029699983,0.036491185,0.04856352,2024-04-05 17:16:00
1.0062892,0.036768444,0.845266,0.01729563,0.023583768,0.026528466,0.47925392,0.04019429,0.02400793,0.06777293,0.18244746,0.15998296,0.0635377,1.244884,0.022336632,0.8649835,0.013598846,0.023867972,0.049268913,0.045025524,0.042591732,0.030756218,0.28006834,0.015339012,1.51987,0.039787542,0.03410162,0.04500812,2024-04-05 17:17:00
1.0067375,0.03814818,0.86485416,0.015023632,0.019747594,0.019677265,0.5460417,0.04430951,0.022907315,0.059828125,0.08601808,0.059252318,0.036759045,1.3421242,0.019851672,0.8476409,0.040723324,0.03634911,0.04631237,0.047218494,0.045540173,0.012370047,0.53261304,0.020036856,1.5248091,0.024929523,0.06073046,0.039889645,2024-04-05 17:18:00
1.0297053,0.040793378,0.8597123,0.019237958,0.023431692,0.039398517,0.4753005,0.02953659,0.022723895,0.040771708,0.07655063,0.085609525,0.0785537,1.7088727,0.020025572,0.9016179,0.015408106,0.036325466,0.051690206,0.042070903,0.04271976,0.014195703,0.27331832,0.020375324,1.5434065,0.028775603,0.0355768,0.039345887,2024-04-05 17:19:00
1.0158885,0.04097167,0.86713195,0.019119542,0.02797955,0.019134913,0.54580194,0.029823553,0.019717194,0.06366412,0.09554844,0.19625174,0.10536023,1.3582886,0.024813293,0.89516234,0.03252687,0.03824999,0.04471728,0.03979831,0.03391697,0.015080923,0.4231702,0.025779631,1.5376453,0.028400604,0.15785061,0.039827786,2024-04-05 17:20:00
1.0152684,0.035703532,0.8565381,0.026363429,0.0144587625,0.015511887,0.48500615,0.016295228,0.020184929,0.07046114,0.09442704,0.08044052,0.031545058,1.3604131,0.014607307,0.9446423,0.022572307,0.038197104,0.042130165,0.03615858,0.0445016,0.02286613,0.40152124,0.01627988,1.5490448,0.027301673,0.04321688,0.011273382,2024-04-05 17:21:00
1.0060701,0.045623288,0.89040637,0.022470716,0.027264459,0.026940713,0.58369046,0.023385286,0.018568868,0.049333666,0.096170105,0.28191093,0.037774984,1.6683513,0.021941366,0.9302208,0.034568515,0.031182274,0.04289231,0.03581901,0.034685083,0.021452377,0.34725863,0.020859046,1.482487,0.026281122,0.026469953,0.03961772,2024-04-05 17:22:00
1.0108169,0.05705438,0.8636774,0.025242947,0.02156057,0.024113847,0.48101696,0.06476629,0.020265413,0.055367097,0.09730321,0.18414794,0.08092996,1.6436459,0.013465529,0.9446174,0.012968362,0.037423015,0.0338074,0.03692265,0.051872153,0.014947789,0.28783303,0.023811923,1.3004376,0.0242526,0.036590353,0.055393126,2024-04-05 17:23:00
1.0748458,0.038333137,0.89011276,0.03070447,0.037851576,0.049173675,0.47815168,0.029349884,0.018835708,0.04290795,0.07766315,0.11666319,0.01781526,1.3532535,0.028128956,0.90453345,0.020998066,0.0360945,0.04388238,0.036616143,0.035227258,0.022061523,0.2652656,0.026314735,1.3340993,0.020038314,0.07597364,0.041356113,2024-04-05 17:24:00
1.0664823,0.11878049,0.9316386,0.030131824,0.0276774,0.021134498,0.50134796,0.027740764,0.01966949,0.05122915,0.09281814,0.11774038,0.040817127,1.6747302,0.014291034,0.97744334,0.019951016,0.033833083,0.033883434,0.0371093,0.048717,0.011473358,0.25943428,0.025157064,1.3105968,0.019468194,0.034498166,0.023210704,2024-04-05 17:25:00
1.0232053,0.057783205,0.98096293,0.029881658,0.02957673,0.026346017,0.54375255,0.020931855,0.02222726,0.104996026,0.057110876,0.14058746,0.07029053,1.370073,0.041666105,0.8959789,0.025887918,0.060847253,0.04431429,0.04809748,0.041313734,0.029160446,0.45226443,0.043859378,1.3215116,0.023881085,0.06038243,0.04020253,2024-04-05 17:26:00
1.0031264,0.048357856,0.9416141,0.015810134,0.030804824,0.022248747,0.47040758,0.026765143,0.022882722,0.06080401,0.04919059,0.087317996,0.030045057,1.7012216,0.013300862,0.92400473,0.013638351,0.037425995,0.04365362,0.045121193,0.04531913,0.01897855,0.27658597,0.031755887,1.2963675,0.026350943,0.03557739,0.023206025,2024-04-05 17:27:00
1.004507,0.055865284,0.9505884,0.0646924,0.022946535,0.020948032,0.49188575,0.027594177,0.019001974,0.05175301,0.03128242,0.27275136,0.02831266,1.3712686,0.028448008,0.5536699,0.01718887,0.03644464,0.047506858,0.04205803,0.036417805,0.023554003,0.42796215,0.0171187,1.2956961,0.0280594,0.056500755,0.044800732,2024-04-05 17:28:00
1.0141495,0.037850507,0.9239759,0.014580734,0.022357162,0.033948947,0.5454733,0.02294116,0.058496416,0.046109345,0.04530165,0.22071956,0.06833362,1.4080724,0.018138425,0.5967788,0.012158658,0.036683735,0.043387007,0.0398908,0.04481466,0.019458903,0.2743822,0.01555453,1.2235729,0.028020876,0.036331855,0.03698614,2024-04-05 17:29:00
1.0140897,0.036988784,0.9552912,0.024246488,0.025350377,0.018686155,0.54065394,0.028623452,0.019320125,0.042749263,0.059377585,0.31579158,0.037168827,1.3798116,0.016759539,0.5785516,0.022265293,0.039138418,0.03848084,0.043256387,0.039360963,0.0236983,0.42087367,0.018344916,1.2579169,0.024682993,0.025172846,0.03704457,2024-04-05 17:30:00
1.2914945,0.032466784,0.9531684,0.017820518,0.02867177,0.018241523,0.5908695,0.028881123,0.015089091,0.04325944,0.08801724,0.26637644,0.032150358,1.3871952,0.016239569,0.6503569,0.02370743,0.03717812,0.039696198,0.04016114,0.04499063,0.023079265,0.33816057,0.021735493,1.2539735,0.027972694,0.024904305,0.039323967,2024-04-05 17:31:00
1.1631935,0.03338213,0.94790345,0.017414453,0.020461544,0.01921144,0.41807622,0.01716433,0.022511633,0.06097079,0.18310513,0.14734077,0.025104886,1.3785675,0.013556654,0.525432,0.01775527,0.036101323,0.044522703,0.039765995,0.047213607,0.025212284,0.40938273,0.015583843,1.2805827,0.025901966,0.04931949,0.047134,2024-04-05 17:32:00
1.2066543,0.04288638,0.9645138,0.022303011,0.026074078,0.021177743,0.44100937,0.022485875,0.027982403,0.039153975,0.17588091,0.14779249,0.027465971,1.7026882,0.024350625,0.7673357,0.02468409,0.0366146,0.030821795,0.040190157,0.035666533,0.02068924,0.505426,0.02284681,1.2742143,0.025414795,0.027191652,0.034236155,2024-04-05 17:33:00
1.1573718,0.033177417,0.9629919,0.020402642,0.018826831,0.01533199,0.37344342,0.021463402,0.02086574,0.055470012,0.21179582,0.34494647,0.03153247,1.4080247,0.016486559,0.73860246,0.01794292,0.037102133,0.041694876,0.03579391,0.080739886,0.024415895,0.296354,0.022949606,1.2704816,0.021477457,0.031776972,0.041054226,2024-04-05 17:34:00
1.1613259,0.040521916,1.0001538,0.026878048,0.03325035,0.02636716,0.29697946,0.020439945,0.020701487,0.040430956,0.19434799,0.2195983,0.035407715,1.4540538,0.013260401,0.69903547,0.04029286,0.044671543,0.046915423,0.03580384,0.04507138,0.012982565,0.31883758,0.035910793,1.2623351,0.025421144,0.037462257,0.03683834,2024-04-05 17:35:00
1.1982147,0.033040024,1.03568,0.019847078,0.029417194,0.023126358,0.36722517,0.03487553,0.024398824,0.052081935,0.17514066,0.060415313,0.037474576,1.401546,0.025387699,0.68063027,0.05989583,0.04565052,0.03947957,0.045204207,0.051592708,0.022612672,0.27419978,0.022815002,1.3494412,0.0350449,0.033705764,0.03480239,2024-04-05 17:36:00
1.2850062,0.037253696,0.9346978,0.023346156,0.03252678,0.025054757,0.32188287,0.033464912,0.022485433,0.052631013,0.27241728,0.05497068,0.026981719,1.4209008,0.016701393,0.7034129,0.026948005,0.042461943,0.04171198,0.04513595,0.046336982,0.02488438,0.28024855,0.04545917,1.2340701,0.040672977,0.034648836,0.03821001,2024-04-05 17:37:00
1.1921206,0.054626085,0.9423882,0.017604107,0.036013022,0.026465122,0.3938143,0.038804967,0.026315436,0.05193599,0.3111469,0.060670618,0.026108753,1.4076455,0.016753701,0.68692607,0.030613799,0.04616403,0.04627108,0.04507371,0.057214808,0.01335944,0.28542224,0.019712675,1.2381895,0.030122746,0.04706258,0.038187925,2024-04-05 17:38:00
1.1976762,0.04462538,0.8860676,0.21161051,0.018012865,0.02054745,0.31092307,0.02728724,0.018627707,0.08006643,0.2654689,0.059718896,0.04318106,1.414817,0.023506079,0.659114,0.036657125,0.03887247,0.040581584,0.045012776,0.04820888,0.02675236,0.337455,0.029359963,1.2371173,0.028659716,0.047408536,0.03718992,2024-04-05 17:39:00
1.1922057,0.043783914,0.8888585,0.020446686,0.022205021,0.023156403,0.33909672,0.02606474,0.025061877,0.054573867,0.3073737,0.081296176,0.029267931,1.6958288,0.01797785,0.70647764,0.031446226,0.03804836,0.052384045,0.04621452,0.048884377,0.030722268,0.25981334,0.017115064,1.2513534,0.030040821,0.033613604,0.040693186,2024-04-05 17:40:00
1.1953751,0.04138773,0.8704316,0.020495567,0.027854657,0.024870496,0.31265652,0.018587785,0.025346559,0.048776206,0.29724458,0.28476024,0.024189122,1.3828275,0.012867758,0.75657344,0.034901842,0.025141941,0.036127243,0.044836514,0.058537632,0.018853376,0.34046528,0.023011206,1.2441423,0.028895963,0.035884507,0.03524986,2024-04-05 17:41:00
1.1856577,0.037923533,0.8660652,0.018851228,0.0355408,0.023758322,0.34187216,0.020397628,0.02518557,0.0555739,0.31048843,0.28058535,0.09714378,1.3673712,0.016017614,0.61441255,0.035221003,0.036258135,0.0840709,0.04541433,0.046097167,0.018297803,0.29114708,0.034512196,1.2383305,0.031560354,0.034432173,0.0414884,2024-04-05 17:42:00
1.2809243,0.055840764,0.82948256,0.017642802,0.021083886,0.022785649,0.32900655,0.022586053,0.024630751,0.05867989,0.3155051,0.16360293,0.038867805,1.7359718,0.026432956,0.6516845,0.014766502,0.02818912,0.055920076,0.044825245,0.061370313,0.015637098,0.41178843,0.01917085,1.2489734,0.026657725,0.040692315,0.010541916,2024-04-05 17:43:00
1.1878028,0.06605333,0.7695177,0.014760484,0.020735841,0.027877865,0.33917814,0.020068012,0.02079082,0.05116826,0.32526344,0.08381217,0.033585224,1.3432469,0.018938096,0.6541424,0.022683065,0.04591007,0.049532868,0.035516314,0.046096504,0.022691675,0.28444,0.017794296,1.4932019,0.02400437,0.030348586,0.036376715,2024-04-05 17:44:00
1.1875277,0.13478462,0.7872491,0.026941057,0.02516583,0.021158928,0.37670633,0.027462853,0.021828175,0.04836542,0.31384158,0.30464634,0.028803626,1.6690961,0.018088974,0.64768976,0.03763046,0.04280166,0.06537841,0.04491601,0.044340327,0.02049167,0.2747314,0.033620138,1.2903295,0.025788575,0.033490274,0.038215924,2024-04-05 17:45:00
1.1885824,0.044936072,0.7751757,0.02233212,0.022168977,0.023248097,0.33411533,0.15521538,0.02785855,0.19864197,0.30628082,0.0681535,0.05672326,1.3703223,0.017893061,0.63933885,0.019682664,0.039801065,0.05329177,0.044899493,0.046983495,0.009985238,0.33701268,0.023526026,1.2896366,0.020868117,0.035934865,0.03942401,2024-04-05 17:46:00
1.2200882,0.042611167,0.8426157,0.018976752,0.025099235,0.028856272,0.36773792,0.024091186,0.014611525,0.05441364,0.30903277,0.22941327,0.045076456,1.3734334,0.015243368,0.6911934,0.02286535,0.021972887,0.049003005,0.035739027,0.044320054,0.024502967,0.27694342,0.020781476,1.2870085,0.022684736,0.046914615,0.036326136,2024-04-05 17:47:00
1.2140882,0.056299366,0.84584415,0.01987876,0.026530724,0.022455975,0.22905271,0.026106553,0.017883794,0.061098196,0.3103399,0.19957545,0.029387727,1.3944571,0.027600426,0.79205793,0.015026554,0.022222122,0.051580805,0.044926275,0.041846618,0.018988509,0.4491609,0.016517483,1.2902694,0.028181572,0.022447579,0.03217024,2024-04-05 17:48:00
1.1976491,0.04144611,0.8408105,0.029135814,0.02364961,0.026333386,0.2275319,0.029249588,0.025320176,0.067405336,0.3404829,0.13184042,0.041589554,1.4117728,0.015079117,0.8172152,0.023295335,0.041937966,0.054649677,0.04486859,0.04758741,0.02531455,0.27571973,0.022661397,1.32153,0.022581477,0.03382316,0.040974073,2024-04-05 17:49:00
1.2121978,0.035217937,0.88472074,0.02334978,0.021826651,0.024853662,0.22593476,0.025487145,0.01843497,0.041081,0.30076212,0.16477537,0.02918225,1.340769,0.020123413,0.7115583,0.019890148,0.03809406,0.05062724,0.051192906,0.047643423,0.036805198,0.2969375,0.014962844,1.2664163,0.025771575,0.024676593,0.03865014,2024-04-05 17:50:00
1.2723589,0.04077004,0.92202836,0.023286397,0.022435421,0.020020366,0.22807753,0.03082791,0.025217693,0.051185247,0.44884947,0.09884816,0.023211785,1.6775615,0.014908128,0.69872093,0.054452807,0.034181237,0.061529376,0.0420823,0.04924258,0.030329157,0.3677527,0.016249562,1.2927884,0.018881299,0.033220332,0.03360036,2024-04-05 17:51:00
1.195497,0.056832492,0.93242764,0.015216492,0.045727827,0.021413783,0.23296672,0.02764905,0.020863686,0.05158078,0.35831,0.118833944,0.061915666,1.3841015,0.014661765,0.86662775,0.027804075,0.039522238,0.059453756,0.044829864,0.044563714,0.021813883,0.32427812,0.012426171,1.2982643,0.020615708,0.07890947,0.039486133,2024-04-05 17:52:00
1.2273278,0.047222313,0.92677474,0.019805223,0.02288567,0.020481827,0.23539935,0.022914324,0.024052847,0.043065734,0.48857674,0.22271314,0.051909406,1.7210411,0.022736248,0.8540062,0.01777544,0.030993303,0.06107711,0.035718992,0.04433758,0.020345988,0.27547526,0.021982022,1.3326341,0.02767236,0.021755006,0.040581692,2024-04-05 17:53:00
1.1848456,0.10755065,0.98586434,0.02255069,0.027833287,0.024162441,0.23459694,0.025690095,0.025357658,0.095844224,0.42854282,0.0626119,0.017183213,1.5093315,0.021208182,0.91853225,0.022765175,0.030873004,0.05710628,0.04494936,0.04299772,0.019009091,0.2585633,0.017946351,1.3539133,0.021576613,0.032899167,0.032889117,2024-04-05 17:54:00
1.1945138,0.057185564,1.0336971,0.020235809,0.024646988,0.023291456,0.2328644,0.028008156,0.021182448,0.025199935,0.46078452,0.10092564,0.07050557,1.3716727,0.018260993,0.85515463,0.015032578,0.027383437,0.06317807,0.035861272,0.050028216,0.018004525,0.43986282,0.014902692,1.3530054,0.02912491,0.03440215,0.03785814,2024-04-05 17:55:00
1.1969159,0.040410835,1.07252,0.023450544,0.024366155,0.02077965,0.3464272,0.038688507,0.019230364,0.06118196,0.45779285,0.14887305,0.051905293,1.5929701,0.026200399,0.9581229,0.018020786,0.038942344,0.076040916,0.053241607,0.0503293,0.023533018,0.4188931,0.027232783,1.3661163,0.024255354,0.029167188,0.036697246,2024-04-05 17:56:00
1.2138782,0.041619357,1.055889,0.027508147,0.025678584,0.025270157,0.24574308,0.027793592,0.021002457,0.042110924,0.5394051,0.081546865,0.08959803,1.4052558,0.01982139,0.9514406,0.019094728,0.015446575,0.06502697,0.04597835,0.047894202,0.011948329,0.27817875,0.02818476,1.3890526,0.024669783,0.13320594,0.034780487,2024-04-05 17:57:00
1.2260641,0.037616167,0.94916356,0.025049439,0.021156995,0.022871403,0.2771066,0.027827982,0.020310478,0.05252281,0.46157995,0.16294745,0.054955024,1.3859411,0.012832743,1.0264179,0.04261141,0.01549205,0.06328406,0.03981399,0.04342436,0.024168052,0.34159863,0.020691833,1.3796425,0.01743026,0.024235522,0.015623098,2024-04-05 17:58:00
1.2025532,0.075266324,0.8287274,0.020058088,0.023052499,0.021102013,0.24198739,0.015617397,0.016087793,0.052364677,0.479564,0.122251965,0.024836063,1.4338574,0.016065225,0.975597,0.046453178,0.026909843,0.07032763,0.03638704,0.042673577,0.022109484,0.39124826,0.019959537,1.3168994,0.025776036,0.032873172,0.039612938,2024-04-05 17:59:00
1.1911556,0.04315567,0.80013853,0.01667712,0.031374432,0.021821778,0.24442215,0.018737046,0.024826124,0.03926541,0.44949707,0.16046704,0.091383174,1.3541793,0.018525321,1.0516125,0.021967964,0.01942969,0.06795121,0.04503569,0.04285798,0.02782056,0.27084902,0.019346014,1.1847188,0.027834173,0.030154867,0.03794807,2024-04-05 18:00:00
1.193859,0.037540503,0.73541665,0.015954623,0.030260079,0.0147594055,0.35751545,0.021789238,0.023060072,0.042379443,0.49044138,0.22284196,0.040147822,1.4454982,0.018537326,1.0792204,0.023554523,0.023963027,0.07280222,0.040303268,0.035922263,0.021404436,0.32574892,0.02523458,1.2555873,0.022375543,0.025443327,0.035054598,2024-04-05 18:01:00
1.2051085,0.050452184,0.70042306,0.027976757,0.022948211,0.016119195,0.27461508,0.026074553,0.04191466,0.06372326,0.50357765,0.17731391,0.029502438,1.3933278,0.029376576,1.0844755,0.036800273,0.040249024,0.07795502,0.061146248,0.04779502,0.01872209,0.50167197,0.014703509,1.264364,0.03452921,0.048487756,0.036652632,2024-04-05 18:02:00
1.1956539,0.04310792,0.7162743,0.027637344,0.017643234,0.022420809,0.27790707,0.02397844,0.024136534,0.08018088,0.53531134,0.06631917,0.14410795,1.3527656,0.018992424,1.1249971,0.021976668,0.04216115,0.084866926,0.044897657,0.047096986,0.027586438,0.25783074,0.016548442,1.2812796,0.029674131,0.032556962,0.035055615,2024-04-05 18:03:00
1.1997014,0.042421065,0.6993138,0.01543395,0.02048916,0.02509105,0.2757973,0.3323699,0.023924585,0.07678903,0.53360254,0.1142298,0.056839924,1.6729995,0.013198924,1.2111385,0.017402235,0.044453617,0.080875054,0.04502602,0.034672007,0.019344123,0.278882,0.024309464,1.2720267,0.023723891,0.03346622,0.0381176,2024-04-05 18:04:00
1.2114941,0.03452015,0.80600405,0.01781113,0.05625291,0.022009471,0.2648387,0.018198049,0.02367528,0.055021476,0.49328774,0.062169008,0.030181022,1.4145342,0.016691646,1.2725065,0.044879135,0.043564945,0.08684053,0.044822086,0.045882136,0.029953985,0.29387408,0.02461696,1.3506322,0.030276356,0.041952815,0.031009383,2024-04-05 18:05:00
1.2005697,0.05837117,0.76715034,0.01621276,0.021513244,0.02424752,0.26139644,0.02480587,0.029882386,0.053963263,0.5034435,0.07793545,0.12184035,1.410678,0.01669596,1.3347851,0.02433021,0.039679572,0.0714596,0.036743525,0.057104412,0.022653604,0.38885885,0.015370724,1.3530666,0.038543478,0.042789955,0.035024025,2024-04-05 18:06:00
1.145145,0.028511804,0.810072,0.014642628,0.021242213,0.023498263,0.2927096,0.024168475,0.031066434,0.046195053,0.5032386,0.18892157,0.044087473,1.4088883,0.028146954,1.3403809,0.020586176,0.025277423,0.0811408,0.054034516,0.045956776,0.022098826,0.27227017,0.01805415,1.3679805,0.021589428,0.023592131,0.034539197,2024-04-05 18:07:00
1.1141582,0.03678667,0.75042146,0.02737365,0.0187406,0.02161913,0.31256604,0.038458537,0.025385713,0.05021433,0.59269416,0.20343728,0.02360431,1.7468243,0.012480057,1.2975177,0.020533286,0.032222185,0.07007105,0.040517397,0.11840281,0.02405378,0.2845704,0.024185922,1.4206946,0.024296012,0.033484872,0.030595552,2024-04-05 18:08:00
1.0683898,0.05939062,0.8212893,0.014639834,0.021371284,0.014029816,0.31674695,0.015588921,0.021750184,0.0614722,0.50443476,0.20658047,0.0756936,1.414452,0.018872831,1.4871316,0.022042034,0.029967623,0.08460293,0.042512976,0.03819294,0.024808792,0.47066686,0.01897872,1.4057167,0.03211124,0.03951108,0.034284335,2024-04-05 18:09:00
1.1480048,0.04140535,0.7930461,0.0710117,0.019361679,0.025456835,0.38770542,0.026357327,0.022280375,0.055461816,0.5698402,0.06456872,0.14145812,1.4610736,0.015543581,1.4974103,0.012078844,0.044214457,0.0885775,0.044869848,0.04303422,0.018643726,0.27756774,0.03197262,1.4181458,0.02704155,0.03453835,0.039570644,2024-04-05 18:10:00
1.1664435,0.04270136,0.714444,0.020569216,0.016701037,0.024075206,0.43635142,0.036495943,0.0191682,0.061296936,0.5878188,0.23568276,0.03598715,1.4257915,0.035573196,1.4996371,0.013315829,0.047832932,0.08963773,0.044659454,0.0493115,0.026869887,0.2823618,0.016330624,1.410422,0.026038377,0.027519,0.037762813,2024-04-05 18:11:00
1.1475295,0.035921022,0.77480865,0.01424022,0.020051347,0.01751927,0.25891358,0.021071775,0.023954974,0.048710138,0.6029481,0.08034574,0.03846064,1.3675208,0.016857417,1.5052818,0.016037058,0.036374692,0.09003943,0.041831173,0.050403662,0.015985835,0.6485327,0.023750609,1.4481448,0.01938066,0.032873556,0.03858534,2024-04-05 18:12:00
1.1717772,0.039072864,0.84549934,0.014883682,0.025011862,0.01858259,0.3063467,0.02116408,0.0299884,0.05418184,0.61624336,0.113506004,0.12715602,1.4073827,0.028658703,1.4777101,0.023430815,0.038433284,0.09171365,0.03599959,0.034311052,0.019259075,0.29456925,0.020679645,1.456939,0.022118324,0.021500656,0.08341371,2024-04-05 18:13:00
1.1398739,0.04025048,0.89681154,0.016398298,0.035315976,0.031262618,0.26623833,0.024490714,0.024272677,0.05537767,0.6875804,0.16545343,0.044232517,1.3650264,0.017355872,1.5231845,0.021650122,0.04330279,0.13446754,0.06148122,0.054449096,0.028069383,0.45681304,0.020126984,1.5442526,0.017596751,0.03119521,0.03733598,2024-04-05 18:14:00
1.1485323,0.04464079,0.92057186,0.0317372,0.021666182,0.01730732,0.3384583,0.023205414,0.02252737,0.051224858,0.5941947,0.12892976,0.050388504,1.381959,0.023113621,1.5830532,0.021301046,0.026982348,0.08724132,0.035958398,0.036033835,0.015457943,0.49109674,0.020665037,1.475883,0.024312085,0.08829208,0.02975226,2024-04-05 18:15:00
1.1486497,0.04668944,0.90651125,0.020312134,0.017717417,0.09225451,0.25136796,0.027822915,0.018457238,0.099416524,0.7261996,0.088317715,0.030941349,1.4033461,0.019554889,1.588186,0.023457158,0.03775718,0.08776577,0.039102886,0.04660293,0.019725684,0.272708,0.020076605,1.5254755,0.035581604,0.025533427,0.035953622,2024-04-05 18:16:00
1.1368257,0.042118885,0.94804513,0.026543617,0.030559495,0.030160751,0.26160076,0.025204148,0.018133054,0.052612573,0.60748327,0.22955932,0.04032832,1.3768137,0.029312741,1.7289069,0.012609287,0.040361457,0.0909555,0.03990926,0.033592083,0.021920385,0.30099484,0.041060302,1.4878519,0.02442994,0.024074657,0.03708151,2024-04-05 18:17:00
1.1496722,0.04179755,1.0666548,0.028647486,0.024284724,0.020053446,0.25145954,0.02622394,0.019505903,0.05289573,0.57655257,0.3161273,0.035601,1.3623258,0.015836919,1.617404,0.013635301,0.034395505,0.0840247,0.03645858,0.03481966,0.104148,0.47947037,0.021081368,1.525567,0.025032416,0.023178345,0.03667268,2024-04-05 18:18:00
1.1035315,0.04041974,0.999388,0.025877308,0.026460266,0.021615446,0.23856758,0.024473025,0.019301938,0.04949432,0.38418013,0.1278007,0.043591805,1.7832011,0.028164057,1.6129724,0.020514214,0.03953482,0.09266322,0.042939357,0.0521094,0.020028505,0.31515017,0.026634173,1.5407319,0.033633787,0.032365333,0.038653817,2024-04-05 18:19:00
1.1152419,0.039199967,1.000028,0.025684558,0.025871234,0.020838961,0.24978565,0.025005482,0.023408592,0.055409648,0.37334016,0.2007277,0.08440854,1.3405867,0.02504375,1.6112022,0.02208836,0.0298573,0.10420824,0.036546234,0.04419848,0.024876423,0.26911277,0.015190746,1.5727919,0.021204107,0.043088567,0.039215837,2024-04-05 18:20:00
1.115998,0.035488084,1.0223534,0.028111435,0.023902696,0.021167595,0.24717382,0.027444143,0.014829409,0.040309284,0.4438305,0.2766193,0.03439161,1.6798904,0.049607437,1.4883692,0.035564736,0.043256916,0.054010354,0.04887376,0.045347728,0.020458,0.46579272,0.02171382,1.4989601,0.029282026,0.08203147,0.038494084,2024-04-05 18:21:00
1.1420604,0.05673439,0.97905976,0.11098061,0.018425113,0.02259029,0.23325464,0.024272297,0.022942077,0.074837744,0.34812003,0.2085622,0.04944275,1.3648726,0.025132736,1.4820603,0.02078202,0.042475667,0.09143776,0.044985794,0.044008013,0.0150393685,0.2647957,0.03485651,1.4631193,0.024280077,0.0249175,0.030782761,2024-04-05 18:22:00
1.1171021,0.106929526,0.99136424,0.09849711,0.020634009,0.02399086,0.24539612,0.026064696,0.015876,0.041302886,0.11311991,0.16954534,0.033316642,1.355884,0.0138556305,1.5124136,0.014073183,0.03788152,0.08190133,0.040147003,0.045026477,0.020076724,0.40033382,0.043174136,1.5967668,0.020004228,0.019933438,0.025519265,2024-04-05 18:23:00
1.1103836,0.03569756,0.9068112,0.02729165,0.03740061,0.017193282,0.2355765,0.023648359,0.023418786,0.054271206,0.11415473,0.06519169,0.06277886,1.3926077,0.017411968,1.4950536,0.015157382,0.042566463,0.068307035,0.04681295,0.043023676,0.021156559,0.28892282,0.018239746,1.5991697,0.02090376,0.029612264,0.022724584,2024-04-05 18:24:00
1.1147699,0.037765667,0.8535401,0.028268075,0.02577612,0.027899146,0.23328862,0.018818678,0.033714507,0.049129393,0.25064296,0.06872762,0.027702812,1.620843,0.013335418,1.6005932,0.021897698,0.039308757,0.088265635,0.038724195,0.04388819,0.033588555,0.46391386,0.02067858,1.6275357,0.023672692,0.023335546,0.018786341,2024-04-05 18:25:00
1.1164837,0.03700583,0.8937299,0.029237907,0.026764836,0.031580143,0.2395125,0.02693216,0.020430151,0.06284293,0.21613438,0.11116957,0.043017037,1.3990185,0.018389404,1.5782117,0.015203986,0.041925177,0.100850455,0.045208883,0.047835384,0.009576829,0.30165687,0.032178253,1.6633258,0.024441516,0.045983486,0.025811873,2024-04-05 18:26:00
1.1195334,0.040732574,0.75980157,0.018540453,0.028132794,0.024133747,0.26740682,0.02002556,0.024983635,0.07652736,0.32557094,0.33824536,0.0360824,1.6973245,0.017407652,1.4823807,0.017185366,0.041288562,0.07976876,0.036375985,0.044617422,0.023478182,0.28950337,0.03761503,1.6363972,0.022741146,0.030182935,0.023354907,2024-04-05 18:27:00
1.1402977,0.041082844,0.78058374,0.014034473,0.019361043,0.022160526,0.2817724,0.024642758,0.024342317,0.04979601,0.18063541,0.16222246,0.027737567,1.4111134,0.023334024,1.5106834,0.016492661,0.039718695,0.08458311,0.040183675,0.044131547,0.021654017,0.26924872,0.020114241,1.4880116,0.023307187,0.024771165,0.029561885,2024-04-05 18:28:00
1.187168,0.034512386,0.7552342,0.026504358,0.018847294,0.023486769,0.27670938,0.019760745,0.018117147,0.051992726,0.13666067,0.23037748,0.08460088,1.380203,0.022145404,1.347011,0.014217712,0.04012226,0.07686576,0.035556465,0.034549683,0.018190276,0.47284424,0.022697162,1.2913473,0.025129218,0.015153817,0.030393042,2024-04-05 18:29:00
1.1265515,0.04182237,0.79827875,0.024974102,0.028294004,0.021820063,0.3424793,0.02414575,0.024772761,0.092509195,0.06005136,0.18575738,0.026692329,1.6082516,0.017238744,1.3290997,0.0140351225,0.03882413,0.084466554,0.036284257,0.045279972,0.01843033,0.2849229,0.01437419,1.335844,0.027749576,0.03681261,0.0267112,2024-04-05 18:30:00
1.111036,0.0418388,0.7661235,0.013984078,0.019032722,0.022038627,0.52701217,0.022170477,0.021172257,0.05236294,0.07505497,0.20548102,0.047455803,1.3687915,0.018750312,1.3056867,0.020371918,0.03686937,0.08587162,0.05135782,0.040965162,0.025613835,0.42634764,0.018688671,1.3203374,0.018092506,0.029931385,0.026893899,2024-04-05 18:31:00
1.1408986,0.034331847,0.8088798,0.019234559,0.01751825,0.023662126,0.33247647,0.023025641,0.025934702,0.0911333,0.22137818,0.29959175,0.04864888,1.4172821,0.022994708,1.3127092,0.019329201,0.03400523,0.08254703,0.045092627,0.044531632,0.015172293,0.34527734,0.022329178,1.2582942,0.025361335,0.059196133,0.025694918,2024-04-05 18:32:00
1.1178843,0.04113745,0.7672432,0.020535776,0.019078357,0.018000972,0.27556658,0.0210581,0.019096475,0.04435058,0.17459454,0.19647862,0.058021862,1.37323,0.014201605,1.3149123,0.022299118,0.043140646,0.09705018,0.046765964,0.04623777,0.029184781,0.29168022,0.020599652,1.2207915,0.023339707,0.05011216,0.014342519,2024-04-05 18:33:00
1.1071864,0.040057518,0.7883203,0.017742122,0.02477973,0.015849607,0.27542868,0.027499922,0.022673033,0.046147708,0.2975746,0.13645259,0.046322513,1.7100586,0.014137619,1.314873,0.035993136,0.030285645,0.060489677,0.040589366,0.04875862,0.017870978,0.26732865,0.046210773,1.2779728,0.02851088,0.03123709,0.03919242,2024-04-05 18:34:00
1.1148704,0.04143137,0.80471325,0.013312681,0.026795728,0.024481066,0.27831784,0.019830944,0.025239084,0.055502463,0.31725773,0.24216199,0.027353043,1.4296471,0.02861165,1.3471061,0.034689713,0.03561622,0.09473426,0.045962002,0.04435572,0.033017345,0.30613065,0.01303808,1.3509803,0.027385645,0.037062958,0.03489302,2024-04-05 18:35:00
1.1133748,0.04120283,0.7576195,0.15440367,0.028104795,0.01607937,0.42223656,0.030372987,0.036734883,0.04564041,0.32639277,0.06578268,0.025323378,1.5419192,0.018913783,1.3545927,0.024863726,0.029438036,0.09381948,0.035506215,0.0430584,0.020727556,0.38781923,0.02015844,1.4329861,0.020993864,0.03281567,0.03685401,2024-04-05 18:36:00
1.1479634,0.040802285,0.83112276,0.016320186,0.018907653,0.025508115,0.29970473,0.023300024,0.03473178,0.05646198,0.03674965,0.1385339,0.059372123,1.396112,0.028780987,1.3570282,0.023146732,0.03087362,0.101293944,0.044799507,0.1149525,0.024516439,0.33274522,0.016205011,1.4225338,0.02537026,0.029650643,0.04010321,2024-04-05 18:37:00
1.1693803,0.037329476,0.78279406,0.025060005,0.022889974,0.022451274,0.32689115,0.018799212,0.024547126,0.08055475,0.039272323,0.14723618,0.041268907,1.7245117,0.017657353,1.3689389,0.013141399,0.040310573,0.10166763,0.056876726,0.04302939,0.020492623,0.2784005,0.0190522,1.4005071,0.024114205,0.060824506,0.03995808,2024-04-05 18:38:00
1.1460962,0.047338057,0.82474506,0.024319962,0.023803806,0.02475287,0.28217718,0.022387713,0.02229401,0.0398935,0.047899526,0.22730592,0.0266641,1.3826559,0.02566735,1.5003619,0.0072700456,0.033943024,0.10074751,0.048041336,0.038401604,0.020071356,0.36565295,0.009870561,1.3940077,0.020650566,0.022543697,0.042002812,2024-04-05 18:39:00
1.1344335,0.040108655,0.87976533,0.015484752,0.022993572,0.020752426,0.28195134,0.024263214,0.019104375,0.078972116,0.045942053,0.18950032,0.04572007,1.5674177,0.0414977,1.5129625,0.016939236,0.04140987,0.09428968,0.03557151,0.03388255,0.020723352,0.4478096,0.028320445,1.3951792,0.022399593,0.021946859,0.035863444,2024-04-05 18:40:00
1.2289135,0.07380908,0.8954279,0.03227563,0.024933996,0.02893576,0.32779965,0.025429491,0.024086628,0.07712874,0.044169594,0.35510895,0.026251499,1.401176,0.0143119935,1.5184625,0.01816187,0.035231616,0.103805535,0.04638296,0.043249227,0.028200172,0.2870427,0.018750852,1.5105351,0.030709207,0.033454698,0.029201115,2024-04-05 18:41:00
1.1517162,0.03620716,0.9904356,0.02374003,0.026229668,0.024892762,0.30338657,0.026839282,0.021979693,0.04587496,0.03681963,0.1581799,0.06807107,1.3663443,0.016179107,1.5243688,0.025762675,0.030083207,0.09411986,0.044873428,0.05145509,0.018123755,0.26724085,0.027076792,1.4370512,0.020203792,0.026638305,0.036957204,2024-04-05 18:42:00
1.1439892,0.044601057,0.99736714,0.017471243,0.018384099,0.025941117,0.33934164,0.025335874,0.024545219,0.045854617,0.036499545,0.0720388,0.110912174,1.3900055,0.035172865,1.5809675,0.024611596,0.036420256,0.115690365,0.044832375,0.04501177,0.015619747,0.43243274,0.0339367,1.4360269,0.028291365,0.044186343,0.04089097,2024-04-05 18:43:00
1.1457562,0.03328518,0.818105,0.028584894,0.059963513,0.022284908,0.31487525,0.02645229,0.019888567,0.06465015,0.03475296,0.19323243,0.041424807,1.6970388,0.02169549,1.7037323,0.016803283,0.035367347,0.12063308,0.044994123,0.044960584,0.026513554,0.29805684,0.027555456,1.4968951,0.022718588,0.029362211,0.035681345,2024-04-05 18:44:00
1.151694,0.039196957,0.77621096,0.028555177,0.02341873,0.02599296,0.38837555,0.025823606,0.02496934,0.039858073,0.0466871,0.07075666,0.037123147,1.4088411,0.0207572,1.7080495,0.02248838,0.03943258,0.119184196,0.045444198,0.04327873,0.02846567,0.27212673,0.019283472,1.4848729,0.02239464,0.03725866,0.039384626,2024-04-05 18:45:00
1.1822879,0.033026505,0.88825566,0.015400767,0.019900855,0.024437597,0.36635673,0.023043033,0.024257038,0.08112403,0.043294776,0.061704688,0.02833885,1.6858673,0.02574877,1.5943955,0.026949259,0.019121217,0.110447325,0.04489601,0.044362813,0.01723963,0.27796802,0.01660289,1.562075,0.030615594,0.04841859,0.039512645,2024-04-05 18:46:00
1.1863865,0.023527004,0.7938447,0.018543046,0.03363885,0.016757464,0.39611256,0.026494728,0.023929564,0.060916826,0.043795217,0.35682508,0.056578405,1.2719256,0.037220545,1.5846155,0.03141861,0.022831745,0.15099414,0.04082267,0.036308028,0.01418488,0.47609583,0.027262645,1.5112078,0.024116524,0.05441841,0.022839352,2024-04-05 18:47:00
1.1415704,0.043496415,0.7782285,0.016114533,0.022289695,0.028158765,0.28885478,0.025567638,0.046037246,0.05911692,0.048488304,0.2688297,0.049723774,1.6858478,0.013716251,1.3476076,0.036109917,0.016536959,0.084519334,0.045060903,0.047358584,0.0276298,0.28149745,0.021208744,1.5018755,0.033199295,0.022809781,0.05156739,2024-04-05 18:48:00
1.1519804,0.041017063,0.8091089,0.01519792,0.025514128,0.024586985,0.29221404,0.036106102,0.012729573,0.05418826,0.036770705,0.26187393,0.08628444,1.3727919,0.033538822,1.4022304,0.023261085,0.025144037,0.07644643,0.036266726,0.037841495,0.019710043,0.30612314,0.02234337,1.4741454,0.026791768,0.07799824,0.037008017,2024-04-05 18:49:00
1.1499211,0.048537146,0.7892176,0.034689207,0.025051203,0.025755601,0.29220602,0.026353115,0.026588425,0.059996326,0.04396758,0.06575627,0.0841361,1.3829999,0.02418498,1.3295426,0.019467594,0.030096045,0.081305504,0.044879142,0.046964657,0.017921332,0.27383232,0.018167984,1.4905177,0.024732472,0.035261065,0.04065164,2024-04-05 18:50:00
1.1474777,0.03486878,0.83988774,0.01715466,0.020515302,0.026799629,0.39556968,0.024453763,0.026921513,0.03174321,0.03209004,0.15977807,0.09590189,1.3685899,0.019021349,1.3376456,0.020147134,0.040507793,0.078048766,0.044071045,0.037740108,0.019488452,0.27965692,0.025332524,1.3796849,0.024800554,0.030003332,0.035944518,2024-04-05 18:51:00
1.1465985,0.03547551,0.9458549,0.021774191,0.035457574,0.024711056,0.32343176,0.025891377,0.024804402,0.047687873,0.037607703,0.14003308,0.031490605,1.3712692,0.031405702,1.2595637,0.024696682,0.030100653,0.08733281,0.03589455,0.04305375,0.024975387,0.41179118,0.019158164,1.3554565,0.026283542,0.038735732,0.03472706,2024-04-05 18:52:00
1.1546725,0.057530392,0.9704499,0.016943872,0.02909828,0.023429642,0.3760374,0.023456467,0.025423612,0.045408197,0.043352515,0.3036323,0.021847636,1.341689,0.023564173,1.3351359,0.028209778,0.026600327,0.07723936,0.04490508,0.047720175,0.01998521,0.3471898,0.019595718,1.2678936,0.024812605,0.043520197,0.039022554,2024-04-05 18:53:00
1.1522764,0.04927439,0.9222588,0.02296397,0.0263027,0.016463486,0.33968443,0.02362488,0.025018727,0.04824885,0.040254228,0.0921627,0.030042917,1.3718686,0.015856164,1.3031902,0.008620518,0.037011724,0.09309721,0.036310147,0.045465782,0.024504142,0.30106482,0.033521432,1.2591224,0.028808232,0.06930939,0.04129595,2024-04-05 18:54:00
1.1111785,0.044002306,0.9742409,0.018298097,0.02239774,0.023070795,0.32738337,0.020157594,0.026529305,0.041331135,0.033929735,0.22081767,0.05510301,1.4186027,0.02040535,1.3304127,0.00921259,0.0360756,0.07690214,0.04493292,0.047331166,0.015654627,0.30715728,0.020563664,1.2968858,0.026556486,0.03211121,0.039489046,2024-04-05 18:55:00
1.1145543,0.04159549,0.90780735,0.017542152,0.0180505,0.023803424,0.33645672,0.023797067,0.022629457,0.036686193,0.04221497,0.30532447,0.03081181,1.3411759,0.019186888,1.2945879,0.018848572,0.03531379,0.09382543,0.045552455,0.034246664,0.018591527,0.65807426,0.020721713,1.5041887,0.020174667,0.028125016,0.03635627,2024-04-05 18:56:00
1.1216607,0.037193596,0.8137392,0.024228195,0.022720868,0.02708172,0.28506908,0.035217974,0.025988843,0.036426123,0.03372299,0.17645788,0.039426308,1.4185554,0.015027544,1.3731296,0.035730425,0.032381855,0.09917899,0.04631309,0.046723273,0.01832874,0.28205606,0.020698361,1.5674707,0.03486582,0.097945645,0.04152624,2024-04-05 18:57:00
1.1355485,0.0428295,0.9038152,0.0165589,0.02718783,0.02341626,0.2669689,0.02619457,0.017739616,0.04856827,0.026231356,0.053014234,0.08167124,1.3283193,0.016130574,1.3127961,0.016516933,0.031934686,0.08127731,0.044888858,0.054518074,0.022015823,0.44439995,0.031074334,1.5619049,0.02613156,0.024475753,0.048351098,2024-04-05 18:58:00
1.1136392,0.036158685,0.9180425,0.01757851,0.026165225,0.022261357,0.2899625,0.022039765,0.022528352,0.049762323,0.03307872,0.12050169,0.019306226,1.3555928,0.036346175,1.3611844,0.013804406,0.033242047,0.09070834,0.044988804,0.117717,0.015988618,0.28531644,0.022477495,1.6469685,0.023839965,0.029660985,0.039435986,2024-04-05 18:59:00
1.109333,0.043386605,0.9097665,0.019927803,0.022008486,0.023067523,0.27173576,0.018390669,0.018262932,0.05765053,0.042169586,0.19139686,0.028674792,1.3568969,0.047436267,1.3388394,0.01702508,0.04472704,0.09426125,0.04645167,0.06322567,0.016528657,0.28989503,0.01921607,1.575384,0.02844173,0.034498096,0.040277887,2024-04-05 19:00:00
1.1116667,0.043631874,0.96404654,0.018442294,0.02119291,0.024195477,0.28240976,0.026090184,0.04428159,0.052292615,0.0378719,0.06992744,0.05903838,1.364261,0.037915844,1.3198594,0.017178677,0.03501883,0.086764805,0.03899124,0.09778077,0.019631488,0.4123859,0.025127452,1.563966,0.026344765,0.07702185,0.035461027,2024-04-05 19:01:00
1.1192942,0.055803176,0.91847235,0.018061316,0.02246645,0.02359696,0.5259432,0.012549546,0.01881019,0.06735904,0.03475751,0.07281827,0.04304628,1.2637001,0.01870217,1.3494992,0.040162962,0.022913735,0.09133887,0.0448171,0.04566846,0.018278629,0.28009486,0.024241682,1.552379,0.020458786,0.03890389,0.0415894,2024-04-05 19:02:00
1.1191691,0.054222528,1.0084282,0.017227156,0.021384304,0.027506677,0.34202695,0.025826516,0.019055633,0.053314775,0.043413755,0.08163979,0.052026674,1.4091599,0.047094315,1.4191221,0.028102603,0.036569435,0.07964421,0.04313173,0.048360094,0.016434921,0.34399587,0.017013002,1.3928086,0.028162435,0.025798293,0.035289075,2024-04-05 19:03:00
1.1161689,0.04487336,0.98283756,0.017131023,0.025078302,0.024622133,0.34144765,0.01579238,0.015429431,0.03162488,0.045742385,0.16798633,0.0426935,1.4161905,0.024928818,1.5681818,0.03697175,0.037815925,0.092780426,0.035862755,0.04466263,0.018079739,0.4780196,0.008959317,1.3065256,0.021614246,0.030094137,0.03766095,2024-04-05 19:04:00
1.106686,0.04348669,0.9712284,0.020087747,0.011774571,0.016613668,0.37181684,0.02773303,0.02165069,0.056205604,0.02529596,0.18332478,0.026989393,1.6841949,0.015681403,1.5877277,0.02639528,0.052571177,0.084716566,0.044973645,0.035960883,0.015579882,0.72650194,0.014817229,1.4506795,0.026182683,0.031077377,0.044006895,2024-04-05 19:05:00
1.1515431,0.03800957,0.9987607,0.015474674,0.016464638,0.022385914,0.33234736,0.023504803,0.024297819,0.057176363,0.026716327,0.103848755,0.029647341,1.3778483,0.015182073,1.5974895,0.015774345,0.030179908,0.08836953,0.043974496,0.0444977,0.028043631,0.30889368,0.020483796,1.4362442,0.022349881,0.033714425,0.03637068,2024-04-05 19:06:00
1.268396,0.03888887,1.0132978,0.019312339,0.01514115,0.021136617,0.33274892,0.026280101,0.018820772,0.0601843,0.047863565,0.081167184,0.029821547,1.4481311,0.01760146,1.681373,0.01124081,0.04014147,0.08345976,0.044831157,0.07351595,0.019575996,0.37516052,0.019106116,1.4139601,0.026327373,0.033569343,0.035873797,2024-04-05 19:07:00
1.2213522,0.016340084,0.882164,0.017275993,0.021115538,0.017349789,0.3321168,0.025049733,0.01234473,0.06394625,0.029034978,0.32823193,0.04177474,1.7216573,0.02193154,1.7659158,0.013832116,0.038328208,0.07920946,0.036488775,0.039433878,0.01746045,0.32902756,0.025451878,1.4049141,0.027622912,0.033644013,0.04046655,2024-04-05 19:08:00
1.1884854,0.037262347,0.96645015,0.0389421,0.026137272,0.02023383,0.38647497,0.02651828,0.019054148,0.054231416,0.036033,0.16553986,0.05839377,1.5928549,0.022227112,1.7833847,0.027613,0.03979322,0.088128954,0.04099794,0.06379576,0.037559442,0.42060995,0.026559392,1.3530316,0.027598543,0.022663279,0.03503896,2024-04-05 19:09:00
1.2170858,0.054208998,0.9825313,0.02269616,0.03304285,0.020194773,0.39161777,0.02584344,0.023923637,0.071180604,0.040474646,0.18820073,0.02224659,1.5731007,0.019321704,1.7889875,0.013691406,0.034085397,0.13448195,0.036952965,0.055428512,0.021524388,0.3658528,0.025882281,1.2328029,0.02326772,0.04762691,0.04063251,2024-04-05 19:10:00
1.1696513,0.026460312,0.913341,0.013648655,0.02488336,0.016335506,0.3436831,0.009562232,0.017465416,0.041295394,0.04799742,0.317432,0.029612415,1.6764494,0.031868055,1.8777534,0.023586687,0.030945957,0.08426908,0.035640813,0.058399063,0.023957662,0.41421124,0.02430002,1.2306502,0.030343616,0.027147058,0.03600959,2024-04-05 19:11:00
1.2914926,0.03848681,0.86930317,0.02010718,0.014497569,0.025471803,0.48100302,0.021562561,0.017204413,0.032888737,0.047118127,0.19026618,0.08091085,1.4453552,0.025754794,1.9549657,0.012530374,0.04217782,0.114402145,0.045639783,0.03912527,0.01809349,0.33322513,0.013623187,1.2189198,0.023959678,0.045711495,0.056248683,2024-04-05 19:12:00
1.2734284,0.046045624,0.9227843,0.014066885,0.028804205,0.025401615,0.32774726,0.025071198,0.02136307,0.059883922,0.03932096,0.06981728,0.10204009,1.4066579,0.020011803,1.9546283,0.01974267,0.04214911,0.13087472,0.03636733,0.06926104,0.023184946,0.49723813,0.021406095,1.2078539,0.025065584,0.029971056,0.04179889,2024-04-05 19:13:00
1.283309,0.05759862,0.95414644,0.025844786,0.03499544,0.03235736,0.32979104,0.024843305,0.028723512,0.043148406,0.054943625,0.17068982,0.103809975,1.7134374,0.02175324,1.9295563,0.024911072,0.038714707,0.10246123,0.06580508,0.058386132,0.022035344,0.5364515,0.023768833,1.3046267,0.029880647,0.032376897,0.04028666,2024-04-05 19:14:00
1.2755767,0.036736447,0.9309525,0.015051914,0.019573828,0.021261511,0.33130255,0.025889134,0.017535696,0.043128245,0.025296053,0.24685314,0.028643811,1.7433729,0.014647909,1.944696,0.016644664,0.03246116,0.09870684,0.043205418,0.043465372,0.021924742,0.53117436,0.024978928,1.2128398,0.026068497,0.036133222,0.04909779,2024-04-05 19:15:00
1.2831942,0.045252718,0.921557,0.021962183,0.031552814,0.02044288,0.33437657,0.02240619,0.017622983,0.056422297,0.07647869,0.092119865,0.028843276,1.4007391,0.013189867,1.6795532,0.01587367,0.015007454,0.08857516,0.049168896,0.038228434,0.022416467,0.34014523,0.017599074,1.2130334,0.029139642,0.036560133,0.038084574,2024-04-05 19:16:00
1.2777563,0.04102166,0.86030555,0.020112725,0.022673087,0.020573791,0.3336162,0.027202258,0.020579163,0.07398295,0.14895111,0.22094415,0.030428413,1.4225646,0.014275105,1.632462,0.020777412,0.04631528,0.100901335,0.044848908,0.04412599,0.014226385,0.35493016,0.013932043,1.2002203,0.024303848,0.10035346,0.04074796,2024-04-05 19:17:00
1.2786534,0.05608372,0.84210634,0.016783496,0.015836105,0.01992692,0.33242306,0.04328309,0.025153998,0.05522815,0.15745404,0.051606532,0.027263736,1.7167245,0.028081201,1.5584279,0.031719286,0.04652286,0.09152019,0.044808507,0.04642972,0.023185275,0.30056432,0.025237288,1.2058897,0.030694008,0.043763258,0.05191055,2024-04-05 19:18:00
1.2843746,0.044973865,0.8616604,0.01451861,0.016775645,0.032755837,0.33748755,0.022711169,0.024195582,0.037698764,0.12657924,0.05309972,0.03682511,1.4484986,0.014367513,1.5513914,0.022521295,0.039237313,0.08420789,0.046961017,0.044622112,0.019855894,0.49312958,0.018916193,1.2135578,0.020496402,0.030802555,0.039771464,2024-04-05 19:19:00
1.2833673,0.041581433,0.85589784,0.021151427,0.018938925,0.027525835,0.3586139,0.026819395,0.025038196,0.03656524,0.1436942,0.14563005,0.099070124,1.4167871,0.045396682,1.5321815,0.032811955,0.03583729,0.068525046,0.03583489,0.049323328,0.02856816,0.33026138,0.021863148,1.2122288,0.026166089,0.04091213,0.035816353,2024-04-05 19:20:00
1.3059038,0.046347506,0.9339094,0.017706359,0.03167641,0.027422149,0.44256964,0.025592854,0.017566724,0.044349123,0.1447006,0.06471011,0.044208195,1.3942022,0.018114107,1.5845989,0.009464859,0.04950817,0.08445747,0.044841122,0.052412882,0.027602881,0.32954788,0.11711221,1.2455184,0.03659481,0.024729416,0.036201656,2024-04-05 19:21:00
1.2826966,0.043792423,0.80400646,0.016498506,0.022121154,0.015978146,0.44573218,0.025085613,0.024045134,0.054881513,0.14367568,0.2990759,0.02515105,1.4251814,0.018384255,1.5916415,0.016604273,0.041643072,0.08425822,0.045291577,0.047839414,0.009301758,0.3295868,0.016332269,1.2177343,0.026875399,0.02922399,0.03545554,2024-04-05 19:22:00
1.2815278,0.06378376,0.83437544,0.015774991,0.047748975,0.017639596,0.3721578,0.0153039545,0.020603249,0.060847852,0.12839484,0.20747377,0.028997684,1.5962652,0.024145821,1.6119994,0.012661417,0.041430138,0.091735594,0.051261123,0.049543437,0.035939854,0.30944124,0.017134719,1.1399946,0.026850495,0.03338157,0.034404334,2024-04-05 19:23:00
1.2755514,0.04126346,0.87578905,0.017030554,0.042085674,0.020966662,0.38003764,0.019614728,0.016311394,0.03358285,0.14327332,0.3028052,0.07030629,1.3791207,0.021733455,1.6024526,0.026037196,0.018478133,0.07777972,0.044900957,0.047239758,0.018517446,0.5170028,0.019863436,1.1648523,0.032722216,0.034037575,0.041201,2024-04-05 19:24:00
1.3623132,0.036372643,0.9292293,0.020732932,0.020776827,0.025602486,0.36854565,0.01500201,0.024986116,0.06250207,0.1434007,0.05972996,0.028980613,1.3248602,0.023009397,1.526902,0.020970121,0.032298792,0.09456685,0.04490736,0.045130078,0.019429002,0.3659695,0.018379057,1.1703665,0.022764236,0.02254898,0.037263483,2024-04-05 19:25:00
1.2868596,0.041667584,0.90037704,0.026190592,0.0193376,0.019781798,0.34037784,0.026653808,0.02583834,0.045214374,0.040447526,0.09962232,0.034282677,1.4280685,0.02257468,1.5210364,0.012712145,0.039739244,0.11108786,0.044857543,0.049560733,0.013015748,0.49697968,0.035915468,1.2361174,0.023928482,0.032230847,0.035951894,2024-04-05 19:26:00
1.3136475,0.05925173,0.9376802,0.028051337,0.016598057,0.031046985,0.43595916,0.031483047,0.024634322,0.05060795,0.039514944,0.22114162,0.026284523,1.3026786,0.021634232,1.5169505,0.022784889,0.045603264,0.110431366,0.04614441,0.049766336,0.042710472,0.31765816,0.018933492,1.2337633,0.024055397,0.032546356,0.03952116,2024-04-05 19:27:00
1.3166292,0.041081466,0.9623819,0.026474368,0.031928312,0.015534968,0.39897335,0.018479109,0.025808992,0.03851918,0.047101133,0.09070438,0.025855869,1.4203193,0.015446017,1.5532461,0.015900455,0.02946871,0.104672216,0.04510395,0.049085535,0.022256218,0.32239613,0.018833395,1.1643393,0.038447775,0.036796533,0.03424569,2024-04-05 19:28:00
1.3099577,0.017799282,0.99151427,0.019700369,0.014766112,0.026438715,0.49128512,0.019805882,0.027504805,0.056592178,0.05754999,0.16026995,0.023678375,1.3728881,0.022052739,1.5522159,0.017918522,0.036473814,0.109252445,0.038854923,0.03692613,0.02307742,0.4428119,0.024896223,1.2109108,0.01867963,0.02440848,0.0267073,2024-04-05 19:29:00
1.3412303,0.041519135,1.0189545,0.015735291,0.029306725,0.016422372,0.45881227,0.03310193,0.024750264,0.048862956,0.0833381,0.20915331,0.08744138,1.4035764,0.041829247,1.6318005,0.029556423,0.04319463,0.13974419,0.045438644,0.046033945,0.038005542,0.32804197,0.02334822,1.1864734,0.020619879,0.023953356,0.044061285,2024-04-05 19:30:00
1.3227284,0.037689473,0.9458501,0.02000584,0.01827604,0.022002194,0.428659,0.040811528,0.021524295,0.03502006,0.14739224,0.117585875,0.033738006,1.461054,0.016881054,1.6253841,0.02409023,0.017456481,0.119723536,0.036494978,0.033435367,0.04140313,0.43882787,0.036828928,1.2308412,0.024628017,0.040293947,0.027153425,2024-04-05 19:31:00
1.315255,0.03869254,0.8270248,0.020699302,0.027900577,0.026663043,0.41997844,0.016039243,0.023782922,0.05046514,0.103149645,0.0642035,0.048991203,1.3547082,0.03401858,1.5984625,0.01587974,0.037807707,0.1283146,0.044048555,0.044766095,0.014463151,0.30212456,0.015772745,1.254177,0.02150961,0.028894428,0.04000855,2024-04-05 19:32:00
1.3476293,0.042035446,0.74571544,0.05088855,0.018244075,0.018870924,0.4631575,0.019182604,0.024348116,0.060307566,0.0343351,0.2426569,0.028545117,1.4089953,0.021133449,1.5892842,0.0157834,0.042590763,0.11159348,0.044795454,0.045205187,0.026654467,0.30274007,0.026936794,1.2433325,0.022074616,0.033253744,0.03822894,2024-04-05 19:33:00
1.360014,0.049049255,0.5867811,0.016152188,0.021706788,0.020632625,0.45141485,0.07609462,0.021124527,0.09409324,0.053171568,0.27519783,0.053689763,1.3953574,0.03331367,1.6056185,0.012788484,0.041529182,0.107397616,0.036303423,0.045619134,0.17232469,0.31429487,0.0214047,1.2812297,0.027021134,0.022721827,0.04183591,2024-04-05 19:34:00
1.3221477,0.04468092,0.62097013,0.026194453,0.036181565,0.02243841,0.42944044,0.033233818,0.03265593,0.05001354,0.043607235,0.23366372,0.025704322,1.37973,0.016408218,1.6048801,0.025413167,0.038132142,0.16542624,0.040545397,0.057784133,0.027478881,0.84150875,0.018974861,1.2848078,0.033222247,0.023149468,0.033818465,2024-04-05 19:35:00
1.2815309,0.041180182,0.6709315,0.018767374,0.019414064,0.019508049,0.4314124,0.033508394,0.027540877,0.06992563,0.16361852,0.074939094,0.033336833,1.7267888,0.021332266,1.759455,0.006611136,0.05008213,0.114506595,0.047515143,0.048297673,0.048351936,0.31365988,0.021643342,1.3637639,0.031365838,0.038385805,0.03331031,2024-04-05 19:36:00
1.2810155,0.08008849,0.6190274,0.02347969,0.019612001,0.019773288,0.5453842,0.024701355,0.021492712,0.057940632,0.14815618,0.06482065,0.030034423,1.3513771,0.014785417,1.601341,0.025274837,0.039181508,0.12260646,0.054741483,0.04762129,0.020338725,0.3397084,0.021740986,1.3597376,0.028902164,0.035798002,0.032959178,2024-04-05 19:37:00
1.5639745,0.04352815,0.5902883,0.028508421,0.023801228,0.025459636,0.4437137,0.078446954,0.02526503,0.07440889,0.2249244,0.2756609,0.06308297,1.6856662,0.025928112,1.6196944,0.043267217,0.03409788,0.11095617,0.048865132,0.04803423,0.018503021,0.36318105,0.022890853,1.326447,0.026085628,0.022411412,0.037851155,2024-04-05 19:38:00
1.5436786,0.036660187,0.6192264,0.016888062,0.02060811,0.017559882,0.43525246,0.034434985,0.017622065,0.06943179,0.15068153,0.06442183,0.036001172,1.3453281,0.017782675,1.5656836,0.026060445,0.011670904,0.14479035,0.035477202,0.04577387,0.018961959,0.31789842,0.02322476,1.7277576,0.03071973,0.033996597,0.04231508,2024-04-05 19:39:00
1.5457524,0.042246416,0.5770721,0.016152773,0.014252413,0.016414255,0.42596117,0.034251653,0.020153398,0.04382746,0.15305795,0.05165338,0.042380176,1.37101,0.017411184,1.5839838,0.02032812,0.03548085,0.11639508,0.04482524,0.04482966,0.014970352,0.3435543,0.02022777,1.3047868,0.01727374,0.03354976,0.056618873,2024-04-05 19:40:00
1.5100447,0.02831107,0.6195805,0.026362877,0.0350641,0.023550892,0.41335386,0.03399939,0.016777035,0.07451172,0.15299408,0.10861831,0.08672518,1.6706926,0.02956757,1.7461382,0.016503159,0.026441554,0.1252353,0.04492457,0.042257786,0.021883702,0.3555737,0.017975323,1.4927351,0.026607942,0.030481296,0.038430378,2024-04-05 19:41:00
1.5130547,0.036477163,0.58397365,0.016074415,0.052148674,0.023687692,0.46239096,0.020035569,0.026794808,0.09019059,0.034115158,0.111275814,0.038804162,1.2725424,0.013994179,1.6651458,0.01719533,0.03653201,0.12464559,0.044954333,0.06448577,0.018142637,0.34587774,0.011936116,1.4444468,0.024908485,0.031929508,0.03789963,2024-04-05 19:42:00
1.5668085,0.044187635,0.59515315,0.018488524,0.02034399,0.023490617,0.40695685,0.026086193,0.02504216,0.047574304,0.036793344,0.0916991,0.036704414,1.4398862,0.013863219,1.6735796,0.02178112,0.039390218,0.12918249,0.04288355,0.046480924,0.020783143,0.3132123,0.018267551,1.4032753,0.028068626,0.043739207,0.03804857,2024-04-05 19:43:00
1.6281999,0.045344092,0.6753175,0.022013629,0.026027618,0.022880374,0.40594542,0.038143538,0.017407512,0.03571828,0.047067128,0.28810957,0.06996358,1.7048403,0.01635946,1.5872967,0.026094893,0.03888586,0.13284935,0.041823328,0.048444465,0.037567113,0.44967988,0.022563012,1.3526223,0.025522748,0.024494769,0.01574107,2024-04-05 19:44:00
1.5545107,0.043058407,0.6392119,0.029143918,0.0141103985,0.09353189,0.41091886,0.035284717,0.0134996,0.02966953,0.039112564,0.05934692,0.10097128,1.393252,0.04590794,1.6263129,0.016009187,0.020263426,0.1149874,0.053271722,0.053339753,0.021024123,0.48181793,0.031133048,1.3598136,0.023030113,0.021168636,0.05415442,2024-04-05 19:45:00
1.5536879,0.03358253,0.6534406,0.030470464,0.027574787,0.026711492,0.4175375,0.025799569,0.02593843,0.048933636,0.04715118,0.09796516,0.09797368,1.400404,0.04167907,1.5749129,0.019113239,0.033741757,0.11523688,0.04184032,0.053334333,0.022693833,0.4159804,0.019929226,1.3842646,0.021840166,0.024267752,0.04614717,2024-04-05 19:46:00
1.5510031,0.044843823,0.6212625,0.022005947,0.01751977,0.021911018,0.39357048,0.034685884,0.024482079,0.071579985,0.053401247,0.0780937,0.055976335,1.5280228,0.019394519,1.7135358,0.024300583,0.036969744,0.1150807,0.03970316,0.03807816,0.040526822,0.37164828,0.020633357,1.3365532,0.02616246,0.032991983,0.03880106,2024-04-05 19:47:00
1.5500016,0.04170772,0.61333704,0.019831384,0.039006542,0.017512808,0.41947097,0.025048487,0.023816617,0.07028195,0.034157947,0.13317925,0.03431206,1.3497763,0.018990716,1.6141483,0.015992913,0.036845565,0.112096384,0.035622504,0.046794135,0.018946176,0.6171553,0.022566741,1.2826144,0.030988012,0.041125625,0.035071313,2024-04-05 19:48:00
1.5543888,0.052785758,0.6358291,0.015305171,0.010392929,0.02954705,0.4404952,0.02061955,0.02110918,0.08488066,0.046189632,0.07668861,0.033751268,1.4708159,0.01367475,1.5319653,0.009340181,0.037850644,0.10350864,0.044976007,0.032842882,0.020196125,0.48790845,0.02247006,1.2723383,0.027638521,0.032182556,0.038731903,2024-04-05 19:49:00
1.557681,0.037996575,0.64351994,0.024049936,0.019458165,0.018654209,0.4335681,0.02602886,0.026983373,0.052458055,0.022931037,0.058875952,0.11071639,1.3938138,0.025443647,1.5328609,0.01285411,0.041996047,0.097518474,0.04845153,0.047270697,0.013711058,0.30543488,0.046180613,1.2713611,0.030572383,0.02325775,0.039112918,2024-04-05 19:50:00
1.5861585,0.03683038,0.6338202,0.02386916,0.028984504,0.020070393,0.46475324,0.14526094,0.024549656,0.06712449,0.020391637,0.09772266,0.02711644,1.4061368,0.022807375,1.5745494,0.017033603,0.037979648,0.104946546,0.045160715,0.047180116,0.01624751,0.50234455,0.01661214,1.2824858,0.0177781,0.024417084,0.043978848,2024-04-05 19:51:00
1.5143199,0.035718426,0.77700144,0.015563186,0.04118878,0.0218843,0.41909024,0.03741491,0.024956716,0.03888458,0.045593705,0.1340906,0.04465223,1.3282999,0.0167813,1.581115,0.020870542,0.011845893,0.15921107,0.044882834,0.04502244,0.02199957,0.31618357,0.030310445,1.2831565,0.02416167,0.032711063,0.03518414,2024-04-05 19:52:00
1.5178363,0.02213089,0.7005078,0.02126397,0.01301785,0.023802161,0.5053306,0.026953768,0.025185479,0.06255301,0.037399393,0.17097399,0.030097784,1.447007,0.02301115,1.6248533,0.007307257,0.035765566,0.094728865,0.050554734,0.037513427,0.028836213,0.30987036,0.036458448,1.315992,0.03234238,0.053513337,0.032732848,2024-04-05 19:53:00
1.5209816,0.04494781,0.7113524,0.020414932,0.01905045,0.045398083,0.4332485,0.02739052,0.018095545,0.080782644,0.040859114,0.27484074,0.06664276,1.4006859,0.025107838,1.5796915,0.014586549,0.040393937,0.059307516,0.040927336,0.03534065,0.019518372,0.5038219,0.018098298,1.309253,0.020994144,0.032288134,0.052056435,2024-04-05 19:54:00
1.5736697,0.035702217,0.7136192,0.02129356,0.033735678,0.022574192,0.42569488,0.041319452,0.01560251,0.049724195,0.043750394,0.07143455,0.057968765,1.4111838,0.019229766,1.6441702,0.030934064,0.03531558,0.10005802,0.051474534,0.04782408,0.021354243,0.5031266,0.02208336,1.3641493,0.022711802,0.033853356,0.04445025,2024-04-05 19:55:00
1.5758913,0.035753634,0.7378875,0.01799368,0.033794608,0.023427261,0.44072568,0.023896502,0.029538484,0.06869861,0.027676037,0.055667847,0.10752375,1.6039268,0.03756608,1.6418306,0.017247964,0.04755032,0.09343661,0.04483414,0.045119565,0.033307392,0.30572194,0.038289033,1.3600948,0.025317768,0.032939292,0.03720037,2024-04-05 19:56:00
1.5409892,0.04437831,0.6460351,0.01530326,0.01427234,0.02287409,0.39403534,0.16639093,0.013914142,0.04555743,0.045386326,0.17387342,0.055627417,1.4121141,0.030587006,1.7449914,0.02144627,0.031932577,0.09675605,0.03587345,0.046906576,0.02018627,0.5282872,0.02157908,1.3743172,0.023035893,0.03107466,0.0393671,2024-04-05 19:57:00
1.5247312,0.038338233,0.65843505,0.025174703,0.03850523,0.014364454,0.6151374,0.032382853,0.018397767,0.09113343,0.033740915,0.2291417,0.033057854,1.439966,0.016435731,1.7325412,0.024870249,0.03601624,0.08264531,0.04163929,0.056960177,0.024362357,0.4869542,0.022296786,1.40653,0.022171346,0.03212581,0.035395898,2024-04-05 19:58:00
1.5074233,0.022719067,0.5977264,0.020189943,0.015175281,0.03234235,0.495947,0.026534187,0.019580685,0.049097143,0.03168736,0.097914115,0.02496492,1.6222246,0.01664621,1.7265283,0.030537914,0.04311269,0.08094538,0.047673408,0.04560405,0.06268919,0.31548467,0.020016303,1.362502,0.030368106,0.03245984,0.034037054,2024-04-05 19:59:00
1.5049118,0.040972367,0.60225374,0.01539422,0.013936364,0.021359691,0.5143457,0.034051564,0.023052894,0.045190953,0.04120724,0.057833415,0.038499683,1.4391382,0.030943934,1.7301008,0.062185735,0.053987093,0.08504418,0.044841293,0.044490755,0.018122632,0.3163434,0.021732101,1.3440224,0.026381254,0.04072954,0.03816162,2024-04-05 20:00:00
1.4720591,0.04827116,0.6543382,0.019697744,0.020364957,0.029398024,0.45503283,0.042022366,0.023574404,0.06945338,0.036945794,0.07713669,0.023032501,1.5107343,0.055030823,1.7406245,0.042060155,0.05673331,0.06716263,0.044870056,0.10654543,0.027296014,0.3065538,0.017150305,1.3585467,0.02479619,0.03189221,0.024708642,2024-04-05 20:01:00
1.437939,0.04004719,0.6785943,0.016354933,0.020006219,0.022719989,0.4949541,0.032255016,0.023015015,0.0449292,0.029673964,0.25021318,0.04446112,1.3474783,0.026009774,1.7464652,0.022857226,0.03815668,0.054387983,0.036507756,0.04765355,0.01576027,0.45662096,0.022264658,1.3929087,0.03871612,0.03241267,0.031251147,2024-04-05 20:02:00
1.4017676,0.06816537,0.6749601,0.017952003,0.019730177,0.022487324,0.47766477,0.030013613,0.026218489,0.16567902,0.04348472,0.09437742,0.018813398,1.3356315,0.018376926,1.7410656,0.017004186,0.036590483,0.07506128,0.04403759,0.0578156,0.014295286,0.3184127,0.01688434,1.416018,0.023445116,0.031250693,0.033822093,2024-04-05 20:03:00
1.4368727,0.023101883,0.67865026,0.025905387,0.018068347,0.022947757,0.45926535,0.04044039,0.034672517,0.068204544,0.046290003,0.12252743,0.029851338,1.4291838,0.057493985,1.7659862,0.008231344,0.03746043,0.07809453,0.04401796,0.05737562,0.019456312,0.5298611,0.020294042,1.3862776,0.024291992,0.07002869,0.037243374,2024-04-05 20:04:00
1.4749761,0.043242134,0.74846673,0.022321198,0.021361766,0.020843754,0.49046782,0.025673164,0.025567064,0.060996197,0.043553703,0.18711522,0.030149097,1.39096,0.014670444,1.7605826,0.02246341,0.029162634,0.07932904,0.0448183,0.049638838,0.015709769,0.33861563,0.01828406,1.4189178,0.025352754,0.033459935,0.035728034,2024-04-05 20:05:00
1.4822828,0.021446766,0.7566738,0.024141343,0.023227405,0.025618983,0.52819663,0.04591163,0.018969685,0.062248576,0.04741126,0.08201063,0.024016922,1.4108336,0.020379556,1.779618,0.01920258,0.019675253,0.095416926,0.045374583,0.050743707,0.013959462,0.45358709,0.013444776,1.3964938,0.030377857,0.035775933,0.03450762,2024-04-05 20:06:00
1.4863818,0.0387653,0.7563727,0.017157733,0.019529203,0.02623222,0.4947964,0.07251497,0.024957348,0.07338698,0.03833603,0.13025804,0.048235867,1.7154498,0.013603112,1.7526503,0.023056107,0.042379707,0.08346891,0.04788251,0.12303631,0.015716156,0.3538313,0.037859883,1.3924013,0.02586339,0.032318734,0.0372823,2024-04-05 20:07:00
1.508,0.04165856,0.79462415,0.018725242,0.022502637,0.02154398,0.5238799,0.02790818,0.025569452,0.08869399,0.043291003,0.11269658,0.10609057,1.732913,0.015272873,1.773227,0.020903371,0.04043929,0.09879177,0.04164394,0.045636665,0.015303247,0.5611566,0.019627089,1.4137465,0.035070535,0.02017547,0.034347825,2024-04-05 20:08:00
1.4819514,0.05505861,0.81577843,0.01877707,0.03631649,0.020867106,0.53288734,0.061065156,0.02040353,0.038605638,0.06452135,0.08154793,0.034456506,1.6673607,0.024725495,1.7623751,0.007996588,0.027325321,0.13231824,0.036320858,0.0362454,0.018760102,0.3374013,0.020479916,1.4082284,0.029691165,0.04193816,0.03396142,2024-04-05 20:09:00
1.4897157,0.04544654,0.86807466,0.018960897,0.03293573,0.023879949,0.47651893,0.03462571,0.02032644,0.055643205,0.04568542,0.17854685,0.027743667,1.3942484,0.030238371,1.783079,0.02821677,0.03665333,0.112616204,0.040679008,0.040695664,0.018839035,0.48552454,0.015389777,1.5447415,0.022150533,0.03901107,0.036157425,2024-04-05 20:10:00
1.4904606,0.045418832,0.90713584,0.12186677,0.022534046,0.02542492,0.4568137,0.032421213,0.024896992,0.061111946,0.03471238,0.16102295,0.019600546,1.4248275,0.027733605,1.799471,0.015512586,0.03566941,0.06831546,0.044907685,0.044820663,0.017406465,0.324254,0.027892454,1.5600688,0.025552008,0.035896566,0.03933682,2024-04-05 20:11:00
1.4160945,0.061669115,0.93865824,0.019789422,0.03223653,0.02720891,0.49636313,0.036384426,0.022379184,0.06545505,0.042683765,0.1867107,0.056325674,1.396547,0.014964726,1.7699758,0.024098136,0.0394694,0.07030802,0.04393889,0.044975847,0.018699756,0.30498752,0.02586943,1.5033653,0.030542715,0.032018103,0.039139498,2024-04-05 20:12:00
1.4825155,0.05841742,0.9614155,0.023207081,0.015929362,0.027899459,0.4097133,0.027034808,0.026567027,0.059282064,0.06833128,0.0722435,0.03432107,1.697697,0.015544277,1.7666311,0.021674773,0.022139398,0.094384894,0.036178555,0.051231906,0.01980999,0.32187745,0.024539951,1.4074072,0.021484101,0.023284025,0.04247298,2024-04-05 20:13:00
1.4820142,0.039002128,1.0117706,0.019595237,0.024754127,0.02297519,0.44002402,0.03248872,0.016501019,0.056187,0.064600535,0.29812598,0.026128165,1.5914677,0.03186969,1.7669089,0.021998845,0.040760376,0.08078091,0.051562823,0.049666367,0.021096226,0.46798947,0.048576612,1.448311,0.027463494,0.033557866,0.047356825,2024-04-05 20:14:00
1.4809076,0.043247614,0.9372012,0.027137607,0.020281218,0.0264461,0.40103045,0.030432796,0.055865943,0.059645407,0.02646448,0.07599808,0.084310934,1.381984,0.023385301,1.8203847,0.018643264,0.039456587,0.09155161,0.03842832,0.044724032,0.029915111,0.41761172,0.018623216,1.4185512,0.017987318,0.031332746,0.03809021,2024-04-05 20:15:00
1.4806603,0.04513307,0.9811374,0.014204251,0.024863396,0.02190969,0.37813544,0.04283276,0.050164692,0.06299235,0.07511905,0.15271586,0.043974053,1.3809776,0.019997476,1.8130515,0.020926747,0.03521025,0.09561431,0.045118254,0.044864785,0.019506523,0.28955767,0.016122503,1.4697523,0.027149104,0.034543425,0.07616149,2024-04-05 20:16:00
1.5762521,0.037171345,0.95064336,0.023259098,0.022829687,0.024168992,0.43412447,0.034981992,0.023668908,0.05998308,0.061250802,0.07270109,0.040710703,1.7204236,0.013839442,1.8084906,0.01591376,0.026563896,0.09570634,0.04514541,0.04624415,0.014618963,0.34831113,0.022811517,1.5602639,0.033344325,0.033441313,0.038995627,2024-04-05 20:17:00
1.4808326,0.055631723,0.81784236,0.022806877,0.01931937,0.027837412,0.4632998,0.034312114,0.022262368,0.059340876,0.07820523,0.07599044,0.027141206,1.6161273,0.01385013,1.8027972,0.01791414,0.05206826,0.06165559,0.044833202,0.044705752,0.018336888,0.6724227,0.018859811,1.627625,0.025274048,0.034837287,0.0334397,2024-04-05 20:18:00
1.4794424,0.035865664,1.2503971,0.026560223,0.018568182,0.024955085,0.37695995,0.034897767,0.025644653,0.043097332,0.090913445,0.22596869,0.02497673,1.4381131,0.014762556,1.7983981,0.01763464,0.03465751,0.056669906,0.048766445,0.0461608,0.020353518,0.30151054,0.026666168,1.6059704,0.020672597,0.02320426,0.03748657,2024-04-05 20:19:00
1.4837302,0.057317156,0.84197426,0.018975899,0.019694654,0.056211058,0.3715651,0.03552562,0.02592537,0.033433743,0.18819225,0.068816215,0.039900657,1.6842451,0.018989502,1.6637559,0.03772736,0.028715247,0.11402285,0.04501255,0.044727404,0.016471626,0.32540774,0.023536101,1.4624287,0.025429452,0.03299856,0.032088783,2024-04-05 20:20:00
1.4843286,0.03874868,1.0075006,0.02112066,0.018470664,0.021357594,0.40609878,0.034453664,0.02414766,0.05546423,0.3094487,0.19272849,0.028124832,1.6511017,0.037270878,1.4915435,0.033649217,0.050781336,0.065297954,0.04496708,0.044233955,0.012197175,0.31557363,0.01881553,1.451596,0.024773423,0.032077987,0.036763966,2024-04-05 20:21:00
1.4829708,0.04072831,0.8470749,0.16086178,0.017572409,0.027019292,0.42649522,0.15111414,0.02648574,0.05516537,0.34266213,0.17763805,0.028479546,1.3957987,0.012877103,1.4385756,0.013691041,0.04585482,0.06641975,0.044830397,0.049817372,0.021163618,0.3204116,0.020756247,1.463748,0.022629255,0.036223974,0.036139593,2024-04-05 20:22:00
1.4857489,0.034872316,0.8641427,0.01915269,0.01866564,0.019235814,0.43929094,0.02448657,0.0212566,0.04969988,0.3275425,0.17544019,0.032052122,1.4163761,0.015446418,1.4192934,0.017193504,0.05215469,0.074051276,0.044923175,0.047640704,0.019737775,0.29486823,0.0140258,1.7201858,0.025755305,0.059910983,0.038256507,2024-04-05 20:23:00
1.4827446,0.019749839,0.8948354,0.021781994,0.015629524,0.020405283,0.45691192,0.049729887,0.036648314,0.0462656,0.31659845,0.058670375,0.046393875,1.4385468,0.0247587,1.4586371,0.032845683,0.054163326,0.07456231,0.045160376,0.047939472,0.020446729,0.31598172,0.020772655,1.6536669,0.020565791,0.032559987,0.03501019,2024-04-05 20:24:00
1.4807994,0.03811636,0.89991206,0.018419228,0.02248742,0.023634834,0.43123868,0.04267958,0.02241362,0.038971633,0.079836674,0.15362999,0.07938257,1.7269548,0.014646673,1.5780412,0.026083691,0.03385238,0.062245857,0.03640481,0.03789625,0.021344157,0.38905787,0.021546902,1.7429447,0.026780264,0.031224484,0.03462079,2024-04-05 20:25:00
1.4836624,0.02973873,0.8983333,0.02111804,0.028889477,0.023248272,0.5034719,0.037183676,0.022539807,0.05569134,0.1218396,0.30691677,0.03087118,1.3941777,0.016882656,1.7651951,0.027840361,0.036450386,0.042109106,0.04337776,0.06328977,0.025056247,0.4751726,0.019010957,1.6099756,0.028349869,0.028362166,0.0385022,2024-04-05 20:26:00
1.4842628,0.014775351,0.8307186,0.024993347,0.027297981,0.019562112,0.3831308,0.04040203,0.020962534,0.054923613,0.11492997,0.14562358,0.08124058,1.6503109,0.015078092,1.6166651,0.028782438,0.034011573,0.059394367,0.038458675,0.04653417,0.016593201,0.30229923,0.019072283,1.604684,0.024983613,0.03171731,0.029998796,2024-04-05 20:27:00
1.4761266,0.039836355,0.8647145,0.021214558,0.020275537,0.036805015,0.44553733,0.044688772,0.018903852,0.06685237,0.368911,0.25048408,0.044674415,1.7065308,0.021508668,1.6313318,0.016043378,0.035365123,0.06305865,0.039540198,0.064809605,0.021005169,0.51111805,0.018345743,1.6670948,0.030132527,0.034217615,0.037253406,2024-04-05 20:28:00
1.5674758,0.01673305,0.847636,0.014760265,0.01941335,0.022178631,0.47440016,0.025661824,0.017674677,0.06741578,0.274079,0.22245787,0.049348675,1.9564707,0.037110776,1.6489066,0.022014858,0.03677702,0.06641403,0.035711456,0.0568288,0.019476688,0.47478417,0.03610275,1.658108,0.026982915,0.030089945,0.03235647,2024-04-05 20:29:00
1.4459525,0.021230007,0.85845405,0.016375277,0.018315746,0.013245042,0.4645949,0.043611873,0.022590103,0.071756765,0.22637855,0.048139017,0.028917154,1.4010836,0.02040841,1.6199245,0.020118495,0.04725314,0.0784548,0.044906043,0.045190316,0.017001264,0.3242385,0.022922944,1.6747844,0.020546574,0.032962624,0.03493571,2024-04-05 20:30:00
1.4516776,0.040690575,0.89264727,0.0139397085,0.023704045,0.02716103,0.7914066,0.03236143,0.0257739,0.09316131,0.2251235,0.096257,0.064560376,1.3705775,0.017574836,1.6479928,0.011080429,0.040994335,0.066885814,0.051821217,0.05019284,0.01543899,0.44763324,0.038482975,1.5930603,0.02660234,0.02479934,0.037634473,2024-04-05 20:31:00
1.4510528,0.040141977,0.9795069,0.04305545,0.022767441,0.02407969,0.4688,0.037473913,0.021226605,0.061952073,0.20605752,0.15338914,0.03775676,1.3836827,0.018491236,1.642599,0.024865506,0.026868578,0.063477464,0.04520959,0.055795737,0.030010127,0.34933707,0.016327905,1.5300388,0.02384875,0.03466022,0.036049005,2024-04-05 20:32:00
1.4514402,0.039960098,1.0182681,0.022095032,0.014986777,0.019256825,0.38903853,0.024394011,0.020864498,0.061572473,0.21820945,0.080390975,0.022169076,1.3912678,0.019981999,1.6379209,0.037277598,0.046080507,0.064820394,0.044888675,0.049160976,0.032675788,0.30728996,0.017239634,1.4910094,0.031543553,0.033310637,0.03541036,2024-04-05 20:33:00
1.4497503,0.038324066,0.999373,0.027180754,0.023493534,0.024311211,0.4075362,0.03551834,0.02515556,0.059959613,0.20017809,0.19630292,0.026290081,1.4185637,0.014825587,1.7200817,0.019433836,0.033371925,0.0589533,0.04493275,0.04672441,0.02026088,0.27181056,0.030932019,1.4478772,0.026834562,0.038676407,0.044397146,2024-04-05 20:34:00
1.4948764,0.035728782,0.98140305,0.017480077,0.023321254,0.021758022,0.41741425,0.062134746,0.026600137,0.063984804,0.20044364,0.24017438,0.021815106,1.4117765,0.017040957,1.7065734,0.011181108,0.026592005,0.049550597,0.03610723,0.052200593,0.019247057,0.42485145,0.03196994,1.4844052,0.02167871,0.029736424,0.03408426,2024-04-05 20:35:00
1.4896569,0.035642065,1.0208795,0.014018209,0.026357086,0.028921591,0.5663639,0.03425964,0.020787986,0.15965995,0.20727755,0.060022805,0.057871822,1.4417468,0.021578463,1.7338322,0.018283898,0.046147607,0.048839938,0.03569652,0.037951853,0.03351901,0.31159708,0.016190449,1.4551438,0.029839747,0.030161979,0.024011925,2024-04-05 20:36:00
1.4869149,0.030128459,1.0201985,0.02397342,0.019385478,0.013960234,0.39231706,0.02290703,0.022945669,0.06283981,0.1907851,0.16551265,0.034675885,1.7410675,0.0150733255,1.6966218,0.014006666,0.0314975,0.044833004,0.04559749,0.03773515,0.0151066035,0.4681915,0.021832714,1.4409692,0.023492947,0.046952594,0.02774025,2024-04-05 20:37:00
1.572864,0.04779368,1.0363436,0.020912455,0.018367477,0.01392373,0.43713757,0.04024423,0.024503326,0.051682945,0.2056514,0.1834011,0.027086034,1.3703882,0.018769728,1.6478144,0.019544156,0.03632565,0.049213436,0.05037426,0.04540892,0.021790687,0.30244198,0.016627492,1.481145,0.02922178,0.054218914,0.020814765,2024-04-05 20:38:00
1.5239753,0.028071549,1.0332648,0.021888824,0.026406733,0.021422813,0.48410183,0.03701259,0.025017295,0.059374847,0.07827394,0.2553823,0.07380646,1.3561016,0.027746106,1.6571244,0.02541001,0.032671664,0.05399068,0.036079314,0.037200082,0.021510493,0.31557226,0.018497815,1.5358373,0.023719253,0.025066046,0.050542373,2024-04-05 20:39:00
1.4601219,0.03428005,1.0551821,0.018616373,0.021873744,0.01470842,0.4885945,0.0688423,0.030136835,0.04379255,0.09726176,0.096716374,0.027252013,1.4108233,0.017400341,1.6674844,0.028688457,0.03868642,0.05623108,0.04525923,0.055120755,0.030800235,0.30147976,0.0216434,1.5172626,0.027220936,0.032164857,0.043456845,2024-04-05 20:40:00
1.4541277,0.040489577,1.0580144,0.020967478,0.02577731,0.02180434,0.43579778,0.027411796,0.017892027,0.07735166,0.0951248,0.11808663,0.06990921,1.3749417,0.025253788,1.6078854,0.021280164,0.01997483,0.055098783,0.04050593,0.04068645,0.018759415,0.5116776,0.023751903,1.5254055,0.026007466,0.025373792,0.04455999,2024-04-05 20:41:00
1.4188973,0.05650971,1.0672926,0.017110433,0.01842625,0.02282371,0.3960054,0.035384495,0.026128316,0.25826564,0.10456664,0.06407327,0.055555608,1.3929571,0.014001194,1.5935472,0.018780962,0.041746557,0.035043035,0.038578667,0.05261234,0.021456335,0.356156,0.017300125,1.5699708,0.029318001,0.031316455,0.04152974,2024-04-05 20:42:00
1.424603,0.03126214,1.0738628,0.023308862,0.029065354,0.03770013,0.38484636,0.0349143,0.021166088,0.04969296,0.3268627,0.14412203,0.021605428,1.4010401,0.021654557,1.5275927,0.02046518,0.034034804,0.04664562,0.044896226,0.047529433,0.020433148,0.2885315,0.03089453,1.5461246,0.033114325,0.032724697,0.03379136,2024-04-05 20:43:00
1.4240719,0.03483779,1.0319983,0.026387237,0.016453814,0.023028364,0.38568747,0.08150025,0.021479456,0.08781754,0.37489584,0.19792648,0.051131416,1.5782634,0.027083496,1.5946687,0.01640763,0.04159663,0.04880911,0.044826195,0.04622006,0.008663656,0.4682157,0.03364673,1.6182796,0.022344831,0.024481976,0.03428507,2024-04-05 20:44:00
1.4268552,0.039901774,1.0561988,0.017776249,0.022124669,0.027885647,0.39586437,0.038219657,0.017513702,0.05409338,0.2688215,0.15958366,0.026406687,1.3733976,0.014595875,1.5910119,0.026062407,0.028675096,0.040694185,0.03564135,0.04897463,0.017103191,0.51280004,0.019392151,1.5554234,0.025665717,0.033170372,0.04413454,2024-04-05 20:45:00
1.4246457,0.043331448,0.9418213,0.02032783,0.024285356,0.030379524,0.39108437,0.02908471,0.024903255,0.09920299,0.19796818,0.24090256,0.030158581,1.384542,0.024256255,1.6544355,0.035878506,0.046632405,0.04837431,0.0468906,0.047395628,0.031045657,0.39167228,0.015016341,1.5632195,0.029421536,0.04006569,0.03744291,2024-04-05 20:46:00
1.5043725,0.060131595,0.9587168,0.025775345,0.012729069,0.02018455,0.45820144,0.03721993,0.029622847,0.040528532,0.20097148,0.07721297,0.08551033,1.3592621,0.022740027,1.6396992,0.026251402,0.042455863,0.05336113,0.044862323,0.050207175,0.05512685,0.31495005,0.019398049,1.5654453,0.033309016,0.037938528,0.03952158,2024-04-05 20:47:00
1.4271712,0.056574356,1.0297449,0.1393021,0.025151355,0.017303748,0.4069333,0.037224904,0.023607537,0.055920642,0.15326072,0.06592599,0.03420406,1.3759702,0.022868127,1.6523864,0.025413975,0.043289512,0.04862116,0.048713747,0.051353015,0.029199805,0.29343084,0.013173641,1.625293,0.030424833,0.07763749,0.03776277,2024-04-05 20:48:00
1.4276164,0.0435115,1.0465381,0.02503247,0.019683912,0.019503692,0.41322201,0.023984326,0.033985432,0.051496282,0.15065007,0.20528959,0.022063736,1.3686577,0.016086496,1.6705196,0.019373428,0.029593468,0.05139995,0.044897035,0.054663908,0.010084542,0.46148577,0.03645358,1.627705,0.029106505,0.04343214,0.038506486,2024-04-05 20:49:00
1.4795866,0.04479988,1.0719695,0.023427809,0.034779925,0.021818744,0.37132552,0.027578432,0.025016095,0.033175856,0.062488187,0.07231038,0.032221574,1.3736829,0.014728513,1.7815149,0.022399165,0.030851679,0.050259143,0.035517048,0.048232578,0.031485073,0.28943172,0.018307079,1.6958747,0.026224881,0.031679817,0.04314844,2024-04-05 20:50:00
1.4778929,0.039110024,1.0348097,0.027167989,0.05046204,0.02384478,0.47142145,0.020340312,0.020787533,0.11485277,0.041832693,0.28972954,0.025076404,1.5619348,0.0126651265,1.7471199,0.010129074,0.032616682,0.070300296,0.04485371,0.05914631,0.012764741,0.31592008,0.016369386,1.9614671,0.032825705,0.09708873,0.04375665,2024-04-05 20:51:00
1.5084811,0.045817863,1.0508494,0.015390052,0.017745867,0.02035263,0.43613946,0.025536185,0.015244443,0.051641732,0.063819855,0.24110375,0.024709556,1.3929163,0.022779368,1.7659643,0.020924674,0.033262048,0.03894038,0.04066669,0.03816711,0.022090131,0.32492113,0.049973376,1.9190829,0.030568661,0.029996866,0.037490427,2024-04-05 20:52:00
1.4784099,0.046129476,0.9810736,0.016574334,0.023615066,0.10895116,0.39335942,0.051955584,0.023820616,0.064394794,0.06104443,0.268197,0.061986588,1.2683276,0.014409712,1.7635239,0.030708136,0.03185532,0.054432277,0.047209203,0.061157174,0.022877172,0.31174463,0.023515955,1.8851604,0.025297971,0.033846617,0.0378851,2024-04-05 20:53:00
1.4786859,0.02656044,0.9513682,0.027344087,0.020885931,0.020050969,0.40428302,0.04301623,0.016606538,0.088,0.06424873,0.04197287,0.03893468,1.2739979,0.014270409,1.7960072,0.01915095,0.030521644,0.067053765,0.04215995,0.041574296,0.02784938,0.31090587,0.02588,1.7037519,0.017489523,0.028538823,0.041693144,2024-04-05 20:54:00
1.4812644,0.044800736,0.9212998,0.030273862,0.021635128,0.013923166,0.47676197,0.027787816,0.025561713,0.04153675,0.10258405,0.17584187,0.025920052,1.3520628,0.021892296,1.6904559,0.007988,0.022566656,0.06816729,0.046351366,0.04161895,0.042032767,0.33864757,0.024464723,1.7380428,0.023369886,0.04232554,0.048967842,2024-04-05 20:55:00
1.4930863,0.04045251,0.9316618,0.018455673,0.028066717,0.016266752,0.5176445,0.067010365,0.019887859,0.071070515,0.09330722,0.12621546,0.032747135,1.4038433,0.021799054,1.6468847,0.018691229,0.03052666,0.0566401,0.035756245,0.048661537,0.02198416,0.4893659,0.03137517,1.7237192,0.027229978,0.02546881,0.04712012,2024-04-05 20:56:00
1.478972,0.057300642,0.89267737,0.024518104,0.022519384,0.026179517,0.3867569,0.03713704,0.023928795,0.059027027,0.096736915,0.05959602,0.08543542,1.4158747,0.021889387,1.7892007,0.042129688,0.043137528,0.071921065,0.044909596,0.047785483,0.02585703,0.2928298,0.01840433,1.7124352,0.024240486,0.033486765,0.037349302,2024-04-05 20:57:00
1.4793067,0.04120173,0.9046774,0.016755823,0.016449109,0.015785702,0.4358281,0.033718444,0.030366588,0.06905204,0.06854178,0.06756143,0.041741803,1.6977224,0.025110675,1.6579474,0.012890987,0.05322561,0.069585875,0.044918977,0.07007275,0.018629495,0.30786872,0.01924873,1.6757972,0.028632743,0.041008342,0.038251027,2024-04-05 20:58:00
1.7903929,0.034791827,0.93071914,0.014429748,0.021106523,0.018828461,0.37617308,0.031233616,0.023769312,0.045210343,0.10327715,0.058907345,0.031418495,1.3713411,0.013874123,1.6184821,0.02178377,0.04322619,0.07189641,0.044897377,0.05017445,0.020795893,0.31071222,0.026142368,1.7201474,0.018828945,0.031094458,0.033692226,2024-04-05 20:59:00
1.8385444,0.03539245,0.9715523,0.019013058,0.026783613,0.028321384,0.42198613,0.039178148,0.026664643,0.047647167,0.12509055,0.16029862,0.059123408,1.6841716,0.034977224,1.4284875,0.029872883,0.0324115,0.057706464,0.036215074,0.05168982,0.10267377,0.519004,0.01788112,1.6896657,0.032135244,0.02237233,0.033381827,2024-04-05 21:00:00
1.8306918,0.028364964,0.9310078,0.01534888,0.022557372,0.022821588,0.48940188,0.044609394,0.02482195,0.045589305,0.15024422,0.08107774,0.10623371,1.3878622,0.017827062,1.4246883,0.012869772,0.043084867,0.057909016,0.035841845,0.042607635,0.01861125,0.48249808,0.02886778,1.8451838,0.018857306,0.032533173,0.037302192,2024-04-05 21:01:00
1.753431,0.04350599,0.8784273,0.030091345,0.01688061,0.022049606,0.43108907,0.03677512,0.01666843,0.06046184,0.30275092,0.21691586,0.025070673,1.461674,0.01542131,1.6000856,0.022445519,0.027212229,0.06091563,0.04498841,0.045519892,0.016030136,0.5271041,0.05448156,1.747897,0.024235984,0.02355416,0.0353966,2024-04-05 21:02:00
1.7580991,0.015268762,0.8489489,0.01812744,0.017884292,0.020039998,0.3746138,0.03684829,0.022846356,0.05635846,0.2916048,0.14101972,0.024555374,1.399987,0.022752408,1.5240735,0.015553272,0.036526047,0.07566077,0.044914156,0.06326601,0.0126562,0.337479,0.041109275,1.7765507,0.02153779,0.03297952,0.033656556,2024-04-05 21:03:00
1.758195,0.037036147,0.7946867,0.0210292,0.022839187,0.034635436,0.4343561,0.034023248,0.025474586,0.048613813,0.39763656,0.2021338,0.057735875,1.6503636,0.016292034,1.5268825,0.024895955,0.035363205,0.073647,0.04904092,0.0451287,0.019380787,0.29544163,0.019335289,1.8087118,0.022817498,0.052470315,0.043275226,2024-04-05 21:04:00
1.7565126,0.020250112,0.776457,0.032245453,0.020172548,0.021263935,0.40510777,0.03709247,0.0150468,0.07426957,0.24246022,0.08631544,0.02448672,1.737834,0.020947577,1.5547463,0.024931118,0.03697958,0.06456373,0.045152545,0.056504413,0.017924987,0.5280749,0.018449347,1.7268738,0.021192046,0.03230183,0.034773897,2024-04-05 21:05:00
1.7580316,0.021471487,0.85470206,0.019829454,0.022983156,0.019226821,0.53700835,0.02759683,0.026342131,0.06009826,0.059387803,0.064162016,0.08676894,1.7733552,0.020798715,1.5973665,0.008932374,0.041740585,0.07610126,0.044853978,0.047118142,0.02257907,0.36737373,0.02077607,1.8371706,0.022759747,0.029020848,0.038117766,2024-04-05 21:06:00
1.7612476,0.030146392,0.79691035,0.025808837,0.026172403,0.02176054,0.3866732,0.025987893,0.026724437,0.058831427,0.08536022,0.09271705,0.02256546,1.3885044,0.01968398,1.5940354,0.020526716,0.035189245,0.07670048,0.039369605,0.057436768,0.01901657,0.50140715,0.029964732,1.7178875,0.02966541,0.070052,0.037292916,2024-04-05 21:07:00
1.7921742,0.02184012,0.8345902,0.016923336,0.022184433,0.018499993,0.38764283,0.13344488,0.01659089,0.056825913,0.083883084,0.24343948,0.02404068,1.4004575,0.021507619,1.6615516,0.025855385,0.03875902,0.08568204,0.044847887,0.036487073,0.02525679,0.31173435,0.017516403,1.7730511,0.026059657,0.023075607,0.023215026,2024-04-05 21:08:00
1.7924187,0.043642707,0.8769217,0.023061931,0.021049393,0.018470585,0.38491964,0.028636824,0.026980616,0.06593143,0.094717436,0.100207806,0.032884046,1.3977027,0.026652632,1.6431614,0.025928287,0.038726866,0.08848212,0.036253046,0.053575132,0.019765723,0.3636923,0.024213891,1.9155319,0.027700704,0.024576716,0.03358584,2024-04-05 21:09:00
1.8170122,0.038824107,0.99131125,0.018572915,0.033402305,0.016651291,0.48444536,0.02130689,0.013743597,0.056589257,0.18136656,0.2263469,0.0815112,1.7294141,0.019986684,1.6505761,0.027679387,0.03056222,0.05284494,0.041103244,0.045951925,0.02804335,0.4840734,0.018959979,2.034415,0.026706833,0.023881657,0.037476815,2024-04-05 21:10:00
1.8109025,0.13000959,0.81610996,0.028806342,0.029812297,0.0232267,0.4486419,0.032310624,0.026449833,0.048852693,0.16275722,0.123784326,0.09871624,1.4495643,0.016163317,1.6379355,0.018338826,0.040754307,0.09263724,0.040301688,0.04821029,0.017311981,0.3175403,0.043899026,2.2988992,0.019739112,0.08019311,0.037340514,2024-04-05 21:11:00
1.8217847,0.036844883,0.8210162,0.02185,0.024153689,0.020649742,0.47942892,0.037802767,0.034353673,0.055956677,0.3004584,0.15383984,0.08316617,1.6089574,0.01651629,1.6356313,0.012099988,0.014287348,0.09087379,0.039222434,0.0509728,0.05864213,0.32139593,0.019060966,1.9289684,0.0351705,0.032724638,0.036968134,2024-04-05 21:12:00
1.8105854,0.04390201,0.8262494,0.023925636,0.022697559,0.015912665,0.49892566,0.02769221,0.028935244,0.05447495,0.25410518,0.06468596,0.089545004,1.7047659,0.018461129,1.6144032,0.0146493055,0.040772084,0.089044906,0.04497457,0.05368933,0.062160835,0.3691814,0.023115268,1.9504243,0.029030139,0.029542593,0.050691076,2024-04-05 21:13:00
1.8082324,0.038247548,0.81707877,0.017868057,0.027065825,0.01935825,0.46117583,0.037994463,0.020482488,0.056115396,0.2660714,0.33745506,0.14375989,1.4166783,0.043912128,1.6330019,0.015707316,0.03651444,0.043833338,0.036211584,0.051221825,0.024654383,0.49373162,0.021477865,1.9723868,0.0196722,0.027191926,0.035291784,2024-04-05 21:14:00
1.808096,0.056254055,0.81216514,0.014241899,0.020031989,0.018862177,0.46908322,0.051828895,0.026359199,0.056509934,0.22787286,0.22941452,0.045882992,1.4551878,0.015078677,1.6138537,0.026913926,0.0294488,0.075856484,0.03619991,0.047177367,0.021780184,0.5066587,0.030346712,1.9148152,0.024798164,0.030895976,0.034246635,2024-04-05 21:15:00
1.8135533,0.036934074,0.8431596,0.014735132,0.018398464,0.023542058,0.4790214,0.08623011,0.023879822,0.053773094,0.23994876,0.067284934,0.0438004,1.7323135,0.021091204,1.5934832,0.03792425,0.030877277,0.07512449,0.044913907,0.056469396,0.019183999,0.34274957,0.0218472,1.8850672,0.035543077,0.03236153,0.033046797,2024-04-05 21:16:00
1.84611,0.03778612,0.87781286,0.01767905,0.029573737,0.019754007,0.53645235,0.037754066,0.025977686,0.042180993,0.17439544,0.1858804,0.048599813,1.4029735,0.025846867,1.5884882,0.036010936,0.035150025,0.05137975,0.040555842,0.048133988,0.02515464,0.3475032,0.0803687,2.0257318,0.028792948,0.027886186,0.032389246,2024-04-05 21:17:00
1.8441483,0.037317313,0.88712364,0.019611154,0.026873536,0.020887157,0.47368613,0.023331821,0.020098846,0.04845233,0.17340814,0.1495977,0.08356044,1.6536672,0.015152527,1.5979084,0.027889097,0.0510281,0.05907964,0.03604137,0.03528502,0.020991161,0.29864612,0.038113978,1.8902617,0.02732939,0.061369084,0.03309789,2024-04-05 21:18:00
1.812356,0.046497446,0.95613176,0.020130726,0.021014266,0.032346245,0.46282837,0.039073378,0.024393208,0.04952545,0.15498748,0.1868385,0.02888479,1.424211,0.0153248515,1.6915729,0.023553723,0.018361075,0.075505495,0.045129918,0.047752127,0.01896945,0.3318911,0.02053491,2.0172772,0.024938367,0.03366454,0.035005264,2024-04-05 21:19:00
1.8065813,0.044714738,0.97248083,0.02007414,0.028250938,0.028727937,0.4768763,0.036195364,0.020661661,0.08028638,0.13650255,0.07311614,0.061538294,1.3038536,0.016766353,1.7609359,0.02014295,0.021649966,0.07077967,0.044877224,0.04944244,0.020196205,0.32261804,0.02306075,2.0485792,0.038012926,0.03273698,0.040930387,2024-04-05 21:20:00
1.8096282,0.041247673,1.0930384,0.01665673,0.027950682,0.018007776,0.4868728,0.0420617,0.024112387,0.16359605,0.035432387,0.20896949,0.025705768,1.7317038,0.015893819,1.808464,0.0112532,0.0303156,0.067647114,0.04516896,0.046432953,0.07537282,0.49284017,0.0382796,2.00208,0.02870454,0.035126742,0.034203414,2024-04-05 21:21:00
1.8551781,0.042486105,1.140241,0.017578805,0.021757156,0.02302158,0.50467354,0.028221684,0.029910767,0.08915528,0.41021326,0.1669079,0.09796871,1.5756112,0.01658573,1.8654056,0.015380996,0.04103344,0.059641927,0.03579867,0.038503453,0.016235387,0.44917023,0.022715453,2.0260508,0.03175509,0.020446792,0.035269264,2024-04-05 21:22:00
1.8071082,0.038262498,0.91705465,0.02052438,0.019525891,0.02535943,0.4938121,0.03722399,0.028061263,0.04735306,0.55872375,0.2475654,0.07806671,1.68694,0.026129445,1.9268785,0.080669574,0.034809683,0.07298074,0.04528835,0.044391453,0.022055939,0.5228906,0.020255672,1.9280214,0.02443484,0.031899773,0.036536355,2024-04-05 21:23:00
1.8083755,0.028664248,0.938758,0.02470306,0.027632605,0.021060793,0.47474128,0.028719366,0.019650983,0.052775957,0.5960693,0.25979042,0.02975049,1.4515283,0.02060605,1.9234092,0.015810564,0.022828821,0.06612379,0.046936907,0.040751938,0.02279779,0.5390082,0.019363357,1.7978762,0.038036205,0.11691369,0.025734292,2024-04-05 21:24:00
1.7731698,0.038778823,0.8728228,0.018049287,0.020897293,0.021422958,0.5223669,0.033852044,0.027455442,0.059826806,0.5855119,0.23345761,0.05940454,1.4321661,0.015252244,2.0169847,0.020819552,0.015391125,0.06750002,0.035481956,0.044705536,0.017864143,0.4498532,0.021445263,1.8109263,0.0363684,0.03177083,0.036129046,2024-04-05 21:25:00
1.7796161,0.015642382,0.83477765,0.018635478,0.018179422,0.01836732,0.47355744,0.021018893,0.025257697,0.11701503,0.6539756,0.10225882,0.08711283,1.3961309,0.022246512,2.0005183,0.016348818,0.032598164,0.07995949,0.039838526,0.047028225,0.036428332,0.3225559,0.032394227,1.6458555,0.038677327,0.029793,0.034705106,2024-04-05 21:26:00
1.7761203,0.019322865,0.85141885,0.01797944,0.029059315,0.021550456,0.48815536,0.040979892,0.025723245,0.09371904,0.6311728,0.06389872,0.06265886,1.6793045,0.019698437,1.9436477,0.037715774,0.04827924,0.08011251,0.045103062,0.046361323,0.024763633,0.4548223,0.03508087,1.6352272,0.02493793,0.0339129,0.032249022,2024-04-05 21:27:00
1.7757033,0.03497405,0.7488688,0.06842053,0.021207342,0.02740411,0.5039082,0.06546733,0.026029931,0.059599172,0.6251108,0.11441788,0.026861222,1.3912196,0.015687725,1.6660517,0.036495484,0.033881966,0.0846948,0.045009665,0.048323307,0.01529808,0.29926452,0.018963257,1.6096351,0.03595486,0.033754762,0.034120854,2024-04-05 21:28:00
1.7762892,0.037241347,0.84298307,0.019222552,0.02800896,0.01978447,0.51130956,0.030062612,0.024694763,0.03838137,0.5933381,0.25322244,0.035714846,1.7324015,0.019352563,1.6474364,0.018512327,0.028722402,0.06301259,0.04020518,0.036976475,0.026936892,0.43169633,0.013216501,1.6184763,0.024083128,0.027557416,0.030982196,2024-04-05 21:29:00
1.8747174,0.03460898,0.8813509,0.027911434,0.02917966,0.021688119,0.5073184,0.029164702,0.016375577,0.05758297,0.46456945,0.26044217,0.09238703,1.4216216,0.080944344,1.6740407,0.020273399,0.035262585,0.07778517,0.040423144,0.03603715,0.019675633,0.33220065,0.030094136,1.6091766,0.026846206,0.03214656,0.02792144,2024-04-05 21:30:00
1.809764,0.01657901,0.869622,0.02296722,0.020031085,0.024202213,0.5251067,0.03867689,0.020950563,0.028874444,0.3824053,0.13992831,0.02717607,1.4212686,0.016685663,1.664622,0.012749607,0.033645663,0.087828755,0.0478966,0.044326153,0.024138976,0.75867134,0.022354411,1.690703,0.030137116,0.037588883,0.025231978,2024-04-05 21:31:00
1.8120457,0.03762421,0.8897037,0.015044593,0.018893568,0.022896666,0.5669,0.03786519,0.020492425,0.014818553,0.40174854,0.13798088,0.09525802,1.4329206,0.014107792,1.4829322,0.020471208,0.037923772,0.083281934,0.042050198,0.04797016,0.01954675,0.5317838,0.019302372,1.6250118,0.025515098,0.03317879,0.02754322,2024-04-05 21:32:00
1.8076562,0.04298423,0.8761835,0.017045759,0.019886706,0.029442467,0.44919294,0.036711924,0.08965246,0.039239597,0.4369862,0.18936734,0.047668148,1.4479595,0.0307341,1.5791724,0.03442974,0.0334958,0.07656033,0.037603304,0.053920478,0.01957209,0.49752605,0.01775376,1.6095726,0.033934165,0.030049551,0.016781801,2024-04-05 21:33:00
1.7768387,0.04591935,0.8949544,0.014474392,0.025013566,0.023029096,0.5024808,0.037967354,0.02620946,0.06431168,0.49774736,0.08538924,0.051258083,1.420779,0.035570588,1.4835207,0.015728366,0.021327756,0.08852648,0.041312095,0.038129684,0.022169866,0.5173035,0.019182099,1.6257515,0.03751104,0.031991307,0.022610152,2024-04-05 21:34:00
1.7503891,0.04341045,0.98497087,0.02078674,0.016785393,0.018685332,0.49589816,0.03967233,0.027323363,0.060420785,0.4738505,0.2941773,0.099038094,1.4505572,0.028387545,1.6617011,0.035612505,0.032358244,0.08173786,0.04501239,0.03928597,0.021419855,0.50689983,0.020125346,1.6062497,0.034121674,0.033372417,0.034485318,2024-04-05 21:35:00
1.7076578,0.041741163,0.97723776,0.022572134,0.026881032,0.017607607,0.49013522,0.029639862,0.025239408,0.055164058,0.39742583,0.15975751,0.026114948,1.4689747,0.016589405,1.5395564,0.03458817,0.03592585,0.07591375,0.049957927,0.044307347,0.030212624,0.33312866,0.018748663,1.6090198,0.035322867,0.03223473,0.034113508,2024-04-05 21:36:00
1.7065204,0.039794363,0.92764884,0.019094149,0.01772978,0.024289787,0.5118125,0.03856413,0.027011039,0.041915897,0.3596849,0.22403173,0.05012611,1.4295691,0.024859484,1.5768508,0.028803017,0.033980314,0.06037638,0.046729628,0.039619956,0.010554052,0.3412295,0.018639417,1.6124523,0.032792397,0.03563056,0.035362277,2024-04-05 21:37:00
1.7470884,0.035674695,0.90937585,0.022269553,0.023902994,0.032301035,0.458738,0.03736365,0.02563994,0.047383178,0.34971535,0.14675218,0.028454026,1.5772824,0.022597585,1.651282,0.017961163,0.039069377,0.05902738,0.04987796,0.044572864,0.019900234,0.35378614,0.02665927,1.609489,0.03378567,0.07370813,0.031683203,2024-04-05 21:38:00
1.7448186,0.033076987,0.96133804,0.017423898,0.023981726,0.027867194,0.45096588,0.03809981,0.026102528,0.051664256,0.4099051,0.06937063,0.03211029,1.5375531,0.013030647,1.6415802,0.010502818,0.03991551,0.056488592,0.044875942,0.04467226,0.04010141,0.31311053,0.0321893,1.6011431,0.03242012,0.034220815,0.032529116,2024-04-05 21:39:00
1.7705101,0.03258738,0.9751444,0.0214417,0.018827392,0.018755374,0.4652189,0.038976535,0.022894884,0.055659268,0.3814222,0.2524652,0.058513384,1.2844013,0.020335244,1.6585004,0.0336957,0.032831054,0.06333654,0.03606182,0.04424408,0.02027268,0.32966444,0.019458441,1.6753466,0.033519503,0.03449061,0.04000599,2024-04-05 21:40:00
1.7070042,0.03588841,0.980937,0.018205468,0.03576983,0.01613425,0.51616585,0.028435398,0.058452357,0.042219974,0.30062225,0.088209994,0.025180504,1.4441869,0.016602784,1.7265254,0.0154226115,0.034225397,0.069502875,0.046697807,0.047547672,0.019018957,0.34477824,0.022401515,1.6763514,0.04478886,0.03390442,0.037369452,2024-04-05 21:41:00
1.7117183,0.041183352,0.9004739,0.018058652,0.024863722,0.01793311,0.5643442,0.03232427,0.02300646,0.06061152,0.31383854,0.062975325,0.049417183,1.3853862,0.019025085,1.7323601,0.031658184,0.050542295,0.070148446,0.044848077,0.045994528,0.021164551,0.33768153,0.01569226,1.8884228,0.040930472,0.038498856,0.036154367,2024-04-05 21:42:00
1.7114199,0.037147865,0.96354157,0.017236944,0.024695836,0.022741878,0.4463672,0.037556693,0.025925415,0.04487618,0.46033004,0.114739135,0.0557956,1.2985574,0.01647075,1.7992482,0.014495742,0.05280132,0.07302235,0.0450359,0.04473485,0.02556767,0.3165726,0.015510828,1.9719195,0.036973707,0.043039974,0.024160728,2024-04-05 21:43:00
1.7137246,0.024521006,0.9688066,0.03184067,0.018300977,0.018510774,0.5084132,0.052479357,0.027417429,0.06965936,0.39735326,0.13655593,0.0340003,1.405644,0.015062343,1.8109306,0.035865318,0.037167735,0.07611827,0.045431025,0.058151815,0.030686177,0.3176287,0.018419985,1.9750401,0.036324237,0.032699052,0.03227733,2024-04-05 21:44:00
1.7114081,0.038257875,0.9559488,0.013709704,0.020745628,0.023544468,0.43781894,0.040657613,0.026289701,0.058067083,0.41658658,0.08042903,0.029887106,1.3586886,0.034583613,1.7818184,0.017566735,0.040654577,0.08845095,0.03574724,0.045126174,0.020476656,0.30337328,0.023108983,1.9562976,0.03260871,0.059897006,0.032798205,2024-04-05 21:45:00
1.7103983,0.042252842,1.0672102,0.024452336,0.022913685,0.020095214,0.42603832,0.03616361,0.021937873,0.061559647,0.4752112,0.0934688,0.052001063,1.6837641,0.027385378,1.7965301,0.021096343,0.044318058,0.076294065,0.037386816,0.048349723,0.024698686,0.31954703,0.02709718,1.9783121,0.023494149,0.034117922,0.033765856,2024-04-05 21:46:00
1.7830421,0.034804907,1.0329206,0.01771347,0.035467558,0.0209941,0.49224335,0.037278082,0.016804263,0.06774274,0.4096088,0.19807197,0.052151963,1.4161654,0.047204774,1.8431197,0.01959642,0.033934418,0.047755633,0.044826023,0.047118705,0.031397678,0.4786997,0.032812104,2.0060952,0.023506993,0.102407165,0.0370286,2024-04-05 21:47:00
1.9618695,0.021534283,0.9842748,0.018659217,0.038038734,0.014357091,0.44059098,0.035635713,0.01631416,0.11447852,0.42179665,0.15580824,0.029692186,1.3808905,0.016855026,1.8935075,0.031175664,0.04747789,0.037946124,0.036372952,0.06058857,0.11705633,0.50227994,0.02693356,2.1211069,0.033089723,0.025184369,0.03290888,2024-04-05 21:48:00
1.9944643,0.03977934,0.92516106,0.014308483,0.020974385,0.019761907,0.45237362,0.035763875,0.0197208,0.055314712,0.40133435,0.23196635,0.063267805,1.4023612,0.018323286,1.9815238,0.020605683,0.037580293,0.032318696,0.04659945,0.03530472,0.023306333,0.38613394,0.027141178,2.1070204,0.037793096,0.028873641,0.037565585,2024-04-05 21:49:00
1.9559813,0.03652204,0.86331975,0.016269652,0.016664552,0.02191403,0.49195284,0.10532821,0.034696385,0.11156951,0.33839318,0.08567358,0.06920173,1.6821822,0.025481831,1.7738103,0.05008826,0.04168792,0.060781088,0.04488103,0.04525623,0.020897686,0.32870144,0.019523382,2.1543674,0.04373926,0.03721028,0.041303087,2024-04-05 21:50:00
1.9566687,0.023090135,0.7867731,0.01769618,0.018844873,0.024623837,0.49434042,0.042559337,0.02591915,0.06665718,0.29951942,0.15496914,0.043062348,1.6936088,0.017608711,1.7617776,0.022543963,0.03956144,0.056377396,0.04487168,0.04989445,0.033741243,0.4760608,0.05823617,2.2027736,0.03246315,0.104015134,0.03311317,2024-04-05 21:51:00
1.9574597,0.039045535,0.7398147,0.014977855,0.03562674,0.012927107,0.4960034,0.043709394,0.023159144,0.08107126,0.29382497,0.08976054,0.036446184,1.3776615,0.01650135,1.7723897,0.018517315,0.043593932,0.051988915,0.04478083,0.04743247,0.016621074,0.579721,0.03640046,2.215906,0.027140552,0.10386076,0.03244498,2024-04-05 21:52:00
1.9589026,0.022107784,0.7886437,0.0203707,0.0281565,0.01576152,0.5045731,0.045682553,0.025329579,0.10536104,0.44888666,0.20859206,0.026348809,1.3453349,0.013458707,1.7061665,0.021831239,0.0485336,0.056787595,0.04492651,0.048968296,0.029388092,0.31609648,0.028403126,2.2440326,0.032094166,0.032782983,0.034476057,2024-04-05 21:53:00
1.788321,0.034115646,0.7776651,0.017629145,0.021509562,0.017443227,0.4472181,0.035345856,0.022439595,0.059871178,0.42810524,0.22233024,0.037877772,1.3557054,0.016067797,1.8204416,0.012140142,0.038321126,0.0428937,0.04532087,0.048257276,0.020459384,0.33119872,0.017570747,2.216498,0.03089019,0.03138319,0.034966044,2024-04-05 21:54:00
1.789569,0.034638938,0.84458923,0.014559152,0.014353957,0.02366258,0.4642481,0.02946629,0.025051162,0.035157975,0.39628658,0.31404912,0.027697623,1.7167596,0.01698662,1.6007981,0.026018847,0.033406623,0.051129717,0.044956703,0.049459964,0.021372559,0.3577628,0.016359938,2.2319422,0.03779084,0.03443439,0.0355283,2024-04-05 21:55:00
1.7776302,0.037806086,0.8259675,0.013898837,0.024851218,0.021972125,0.49461403,0.041687284,0.018691504,0.03930587,0.4105958,0.29664147,0.09265142,1.352234,0.054609857,1.5940429,0.01332152,0.0380664,0.027118428,0.039702673,0.03961231,0.018210724,0.34844416,0.02423187,2.1345215,0.028068887,0.025623621,0.035043813,2024-04-05 21:56:00
1.7662257,0.039957806,0.80681163,0.022760045,0.011744133,0.020039298,0.50064343,0.03109466,0.02500315,0.057110716,0.5547198,0.26724955,0.02460905,1.9239423,0.019319108,1.58925,0.034508597,0.04120234,0.044059888,0.045051772,0.0445852,0.031345434,0.36390042,0.01959059,2.1324058,0.04456037,0.040807106,0.035591926,2024-04-05 21:57:00
1.7287064,0.04302466,0.88686925,0.016281437,0.03654038,0.03197564,0.654737,0.038342275,0.02000864,0.06330398,0.5650614,0.2211075,0.033534236,1.3544606,0.016395723,1.5778188,0.030577084,0.01663076,0.046288546,0.04484015,0.055970177,0.02350767,0.4864533,0.021916691,2.147179,0.037905656,0.03540039,0.034518484,2024-04-05 21:58:00
1.7314954,0.0374047,0.9794474,0.021591458,0.031202728,0.022681354,0.5281705,0.039413594,0.018857611,0.04203666,0.54632103,0.23610114,0.036756728,1.3847042,0.017263599,1.5827175,0.012158141,0.03958966,0.04923096,0.042549733,0.04162329,0.026801188,0.51939887,0.024140999,2.6319017,0.028391404,0.032828066,0.03515124,2024-04-05 21:59:00
1.3538761,0.037330966,1.0419406,0.019079529,0.022087457,0.01889839,0.52820635,0.06149563,0.021299543,0.054527413,0.31833142,0.14943829,0.119265884,1.3518897,0.014288926,1.6025548,0.024288379,0.050946057,0.030683719,0.044257227,0.0374594,0.037905566,0.5803615,0.023943545,2.5194757,0.03370279,0.06344153,0.06718288,2024-04-05 22:00:00
1.293899,0.043202825,1.0913594,0.0140697835,0.021706436,0.02178573,0.4930622,0.026991807,0.026165985,0.0512581,0.3824327,0.23156741,0.051981248,1.3847336,0.029185954,1.5946921,0.014768275,0.030826064,0.04438112,0.039341405,0.045398682,0.021919884,0.31723672,0.022140326,2.5304215,0.03199654,0.064128906,0.037776913,2024-04-05 22:01:00
1.3275318,0.027430315,1.0588692,0.02327093,0.023541102,0.02048449,0.48788485,0.034841996,0.022673601,0.041083407,0.45600227,0.20863368,0.025607191,1.6115885,0.016048633,1.5639478,0.03306062,0.043324832,0.037029054,0.039123897,0.045297224,0.014609453,0.33531487,0.018142454,2.384151,0.031579863,0.02527083,0.018108835,2024-04-05 22:02:00
1.3328239,0.054025188,1.0091496,0.017580586,0.024617787,0.029571712,0.5280022,0.043288264,0.02445768,0.044707373,0.44884014,0.06200396,0.025613524,1.3867702,0.030811349,1.803206,0.024159897,0.038958743,0.048215933,0.04513078,0.055686895,0.01954515,0.37012237,0.021487042,2.3559566,0.030042328,0.03188171,0.04375047,2024-04-05 22:03:00
1.3250949,0.03774439,1.0884179,0.023418093,0.035565265,0.021975204,0.4925896,0.037979014,0.027318103,0.0726045,0.61916727,0.14935102,0.053198453,1.7259789,0.019319745,1.7832978,0.014478428,0.044540927,0.04565639,0.03596608,0.04450277,0.019910192,0.32488117,0.031834498,2.3303297,0.04456435,0.035475668,0.036150057,2024-04-05 22:04:00
1.3408601,0.041103434,0.83261657,0.03262877,0.02587969,0.023245258,0.5280948,0.044765398,0.019576125,0.06471095,0.5560891,0.051243484,0.067483015,1.2702719,0.015439841,1.8091288,0.013392732,0.032996926,0.048079096,0.03610953,0.055678573,0.024807595,0.48858672,0.018231675,2.3047478,0.033981383,0.066192016,0.03407592,2024-04-05 22:05:00
1.3406337,0.04018128,0.88469493,0.022342356,0.021627896,0.021639891,0.47369868,0.024759231,0.026708467,0.05507932,0.5028625,0.24305098,0.026828585,1.4564047,0.026132971,1.8283006,0.016662588,0.031380262,0.041696478,0.0451431,0.044946767,0.021286096,0.4607684,0.024863657,2.3921776,0.033193715,0.033647634,0.023597792,2024-04-05 22:06:00
1.3429033,0.036352742,0.88326514,0.014232642,0.0653857,0.014892279,0.46060842,0.04197468,0.024840463,0.081575975,0.6016122,0.049040284,0.022261163,1.4010559,0.01582163,1.8984523,0.025369694,0.042139962,0.0427885,0.044910356,0.04787906,0.01233406,0.5174,0.01727027,2.2737184,0.027787931,0.08136834,0.034517474,2024-04-05 22:07:00
1.386607,0.041195776,0.8865629,0.021331567,0.028794993,0.022012036,0.47784007,0.024937186,0.054847244,0.076468244,0.52539474,0.31909642,0.025352258,1.3825322,0.03150418,1.9210284,0.020674022,0.03509208,0.038798098,0.049781602,0.046736203,0.02379405,0.5399388,0.01401673,2.2245388,0.033478305,0.06276768,0.041135266,2024-04-05 22:08:00
1.3727415,0.029660115,0.8679734,0.014625313,0.028046248,0.0274778,0.5106035,0.037335765,0.019114815,0.048151355,0.501522,0.119950436,0.0238745,1.3922915,0.015908968,2.219237,0.014454771,0.025348715,0.04042916,0.040395554,0.05279157,0.021349078,0.32051843,0.039941154,2.2246041,0.028709462,0.02315546,0.032087296,2024-04-05 22:09:00
1.3593249,0.03608128,0.8861052,0.062465988,0.030992104,0.024692662,0.5039418,0.027678525,0.019231172,0.0484638,0.5117563,0.26199266,0.027686207,1.4437803,0.07043184,2.2398229,0.01957045,0.022159662,0.033721495,0.036016773,0.073129,0.02086557,0.3598733,0.019068474,2.189307,0.0337163,0.0245351,0.035357527,2024-04-05 22:10:00
1.3501517,0.04050522,0.78822726,0.021788476,0.01884956,0.021581147,0.49604943,0.029075706,0.01951322,0.083279505,0.5096581,0.29306784,0.0776882,1.6188878,0.016443852,1.867256,0.02623167,0.035830345,0.035082486,0.03619657,0.053250354,0.019988237,0.49140614,0.028694818,2.1431527,0.04275924,0.030742675,0.034759104,2024-04-05 22:11:00
1.3515775,0.037411332,0.79832065,0.029967146,0.023036905,0.021828022,0.4784418,0.030524306,0.025577703,0.06813835,0.5276992,0.14500599,0.034578755,1.4792045,0.014057633,1.7336067,0.024927797,0.035298306,0.04490517,0.04844098,0.050574224,0.021856612,0.44474682,0.028458282,2.154361,0.03152001,0.05049664,0.035479475,2024-04-05 22:12:00
1.3711487,0.031374626,0.7273388,0.033226218,0.019431356,0.021329122,0.48342255,0.036651943,0.026650054,0.04345818,0.5149206,0.095253244,0.04170791,1.582254,0.014336498,1.8072406,0.012605824,0.031504024,0.033946104,0.044932254,0.045537867,0.02724491,0.3002284,0.025795782,2.1023355,0.035291895,0.024544949,0.034501053,2024-04-05 22:13:00
1.3425634,0.034346964,0.7374853,0.023638645,0.031228796,0.019284323,0.53938353,0.03714652,0.022050599,0.031283785,0.83084095,0.22127472,0.025656972,1.7351964,0.025286216,1.8065856,0.027118983,0.04223027,0.044763375,0.037294608,0.048836373,0.017114218,0.30975372,0.031616364,2.0991359,0.036863524,0.03315613,0.04330399,2024-04-05 22:14:00
1.3414667,0.029678462,0.76960236,0.015507222,0.040536303,0.024935333,0.624704,0.035255734,0.030280834,0.037935726,0.52985215,0.06562715,0.0452084,1.437158,0.014540527,1.7709137,0.019754792,0.03606388,0.040030617,0.045147136,0.039383292,0.025024528,0.32770398,0.024979593,2.1125717,0.026074424,0.03138519,0.03387547,2024-04-05 22:15:00
1.3534505,0.0332225,0.8625121,0.023253698,0.022503477,0.02212511,0.49262723,0.041356854,0.018821452,0.042686213,0.5229571,0.067892104,0.09514408,1.7294128,0.026318168,1.768128,0.020845786,0.022733297,0.041063763,0.04485182,0.10030757,0.013410019,0.5169379,0.014821836,2.089587,0.033322714,0.04403329,0.03188172,2024-04-05 22:16:00
1.3473493,0.032876812,0.7840243,0.014495853,0.029387781,0.018868422,0.46874377,0.030204108,0.012254814,0.052805692,0.3940045,0.28055593,0.026616633,1.4474636,0.01179437,1.7044657,0.021082029,0.030126974,0.038607396,0.040701922,0.03786401,0.021815946,0.32394236,0.021010652,2.1178732,0.031827163,0.0326444,0.037587073,2024-04-05 22:17:00
1.3461984,0.03978824,0.8287911,0.019818662,0.03357496,0.020771742,0.49363476,0.041181687,0.027720295,0.03720824,0.3895997,0.19614302,0.023245648,1.3728064,0.023273265,1.7341205,0.020546518,0.032126106,0.040346295,0.04145909,0.03674824,0.021077517,0.33852264,0.047312904,2.213006,0.035186104,0.044305045,0.03101159,2024-04-05 22:18:00
1.3485703,0.039269857,0.79624206,0.01969744,0.031837054,0.018174961,0.5056855,0.056725677,0.026762728,0.08421247,0.39013472,0.13076095,0.033345096,1.4506004,0.018130329,1.78059,0.015347576,0.03978596,0.047488526,0.048264,0.04392306,0.027358284,0.3286879,0.016042165,2.2107594,0.030658187,0.044354267,0.07976127,2024-04-05 22:19:00
1.3435981,0.03758927,0.78450435,0.018555699,0.023354629,0.022021715,0.501779,0.039329745,0.023723833,0.06271048,0.39440775,0.20083734,0.09415664,1.403661,0.024160923,1.7853079,0.010158438,0.04334959,0.044112884,0.03621183,0.03670621,0.018335553,0.56708115,0.01226394,2.1770709,0.029524935,0.033645827,0.04608125,2024-04-05 22:20:00
1.3714612,0.036279894,0.8321167,0.014009719,0.027659599,0.020018162,0.4942747,0.0490435,0.019752897,0.055799857,0.40116608,0.20117266,0.10239682,1.7689921,0.022536015,1.8418686,0.027690148,0.034160722,0.046221126,0.045385487,0.036458597,0.01924605,0.33703288,0.012593427,2.2304728,0.025256304,0.022473242,0.040155813,2024-04-05 22:21:00
1.3789028,0.03838047,0.8404328,0.01624281,0.021521894,0.022152198,0.4813454,0.0415252,0.02565066,0.046863988,0.358306,0.1849872,0.07393504,1.5142859,0.022017408,1.7655016,0.014670201,0.035797186,0.045889854,0.039103802,0.05168032,0.022000045,0.36459672,0.023421267,2.2315385,0.031749364,0.068761975,0.043811128,2024-04-05 22:22:00
1.28104,0.04529978,0.8900855,0.013552791,0.028071104,0.024535568,0.68654233,0.028057622,0.021865336,0.06274132,0.35240096,0.3110517,0.06325333,1.4114376,0.028198853,1.7754836,0.027859362,0.035923686,0.043661073,0.040423304,0.0381215,0.028670887,0.52006495,0.04229551,2.2837725,0.023478912,0.026237529,0.0357163,2024-04-05 22:23:00
1.2807971,0.03937206,0.8847022,0.015023567,0.022030743,0.021840533,0.6606395,0.039399415,0.022375371,0.033186253,0.37016284,0.27563038,0.036367472,1.7507946,0.021709757,1.7605852,0.01749503,0.041812785,0.0373518,0.04317026,0.047298834,0.019588085,0.3087159,0.016641337,2.262964,0.021355776,0.041425712,0.037608013,2024-04-05 22:24:00
1.2779883,0.041414805,0.8870863,0.015071084,0.017681364,0.028550807,0.5434306,0.0289136,0.025419395,0.05948206,0.25787446,0.07341837,0.024731541,1.4026396,0.035717126,1.7582312,0.024993652,0.031144021,0.042261258,0.046789423,0.054436877,0.03068768,0.3387596,0.029294565,2.3594804,0.031758342,0.04154167,0.037428565,2024-04-05 22:25:00
1.3210053,0.042780403,0.92430824,0.018087463,0.021965282,0.022280617,0.56774896,0.07106412,0.026512425,0.05879225,0.36457577,0.105031066,0.031794634,1.7153518,0.018025903,1.7967505,0.016783355,0.03711536,0.044585153,0.050357718,0.048335128,0.01982728,0.54348856,0.020512456,2.3583028,0.03130493,0.024443937,0.030196007,2024-04-05 22:26:00
1.2855583,0.042152252,0.95303607,0.019148827,0.020652965,0.026817117,0.5512337,0.031407867,0.017686602,0.046029672,0.33044943,0.29904327,0.029018672,1.8823324,0.021013893,1.8341767,0.020547617,0.040839564,0.04670424,0.04030271,0.04479748,0.018504951,0.46474913,0.019548777,2.4381557,0.022326963,0.03436943,0.041369937,2024-04-05 22:27:00
1.2519436,0.31115413,0.95588696,0.020887205,0.020927401,0.027109662,0.4215081,0.027960798,0.021321092,0.062183343,0.5777718,0.18884267,0.08467668,1.6858653,0.029725982,1.8178452,0.056206673,0.025500212,0.040606756,0.035659444,0.04846706,0.020162866,0.3377739,0.019669594,2.469794,0.0314163,0.052649938,0.037563786,2024-04-05 22:28:00
1.2945803,0.03806806,0.9841293,0.015764326,0.037924606,0.02151263,0.37939456,0.037432935,0.03476648,0.07999879,0.49470177,0.21127987,0.11412345,1.7189331,0.016114693,1.8026103,0.01107925,0.032840252,0.048654236,0.04550359,0.04692072,0.023922842,0.33396146,0.01824795,2.4640105,0.04140729,0.02563808,0.036124162,2024-04-05 22:29:00
1.3041567,0.03868114,1.0378116,0.017530449,0.022919696,0.017098619,0.32989278,0.028131654,0.019790133,0.048591442,0.5578523,0.1938406,0.020544263,1.9389803,0.02279923,1.7232807,0.021616112,0.034720298,0.052596346,0.04641887,0.04780096,0.027345613,0.5494494,0.023947679,2.5666676,0.02682658,0.032755136,0.026849419,2024-04-05 22:30:00
1.2072058,0.034097638,1.0698429,0.017090054,0.020490322,0.021098606,0.44956335,0.035650223,0.024303278,0.034968708,0.7250161,0.07086688,0.036458626,1.709199,0.01595991,1.7167923,0.006653882,0.040656388,0.056692466,0.04124543,0.04323367,0.0112478295,0.31000695,0.021466028,2.4533691,0.023664316,0.03325444,0.022589691,2024-04-05 22:31:00
1.2159837,0.034386266,1.0874704,0.01594804,0.029711131,0.025202535,0.44011176,0.13754094,0.020848993,0.048277643,0.69774324,0.27161938,0.025879106,1.6987932,0.021703878,1.7253317,0.017093087,0.03967975,0.037596054,0.04563203,0.03775501,0.015913995,0.5426823,0.030015102,2.5368323,0.0233678,0.032359153,0.035402577,2024-04-05 22:32:00
1.3448704,0.04326725,1.0808245,0.023073742,0.02656348,0.021507015,0.5250957,0.04405955,0.02652157,0.101452775,0.67986745,0.26533735,0.078737706,1.7182559,0.013959044,1.7188902,0.037337113,0.03320974,0.042442147,0.037809007,0.047702216,0.020839572,0.3210847,0.020115621,2.5371013,0.029291136,0.03351783,0.033641305,2024-04-05 22:33:00
1.2225143,0.04319846,1.101897,0.031132987,0.026602037,0.02419941,0.35972655,0.030446306,0.01564943,0.032295924,0.6099648,0.32622606,0.046830337,1.6894245,0.016866943,1.7253335,0.016930014,0.02800638,0.015190173,0.03611547,0.062025797,0.01942608,0.3993751,0.020436456,2.584815,0.031614035,0.034944884,0.033881556,2024-04-05 22:34:00
1.3217405,0.040572543,1.0840843,0.016594365,0.019460585,0.022617193,0.3262323,0.026658434,0.019739207,0.036651187,0.68968636,0.13594326,0.028093938,2.069157,0.031454876,1.777344,0.017941693,0.029404523,0.056312773,0.036401834,0.043695208,0.019412817,0.35273942,0.03232442,2.7311943,0.036363993,0.026686776,0.034335993,2024-04-05 22:35:00
1.2916778,0.037269548,1.0570707,0.017322587,0.01877997,0.021901675,0.4314167,0.036656756,0.024620438,0.029694263,0.6276349,0.14894164,0.07195037,1.7038662,0.04281249,1.8094463,0.010606368,0.034771904,0.049265567,0.036246385,0.047557075,0.03359252,0.48919314,0.02352468,3.080714,0.038627274,0.024241518,0.038084954,2024-04-05 22:36:00
1.3755794,0.03556565,1.0334758,0.023670392,0.02810011,0.015804902,0.3377446,0.05736155,0.015501275,0.05104558,0.67823803,0.06673152,0.051559478,1.9193056,0.014901858,1.7990957,0.013785957,0.030474676,0.06401803,0.04851036,0.056225136,0.021707179,0.70584935,0.019028826,2.9516926,0.03201352,0.038172778,0.033331778,2024-04-05 22:37:00
1.2849331,0.027728323,1.0562333,0.02025666,0.019752415,0.034935217,0.36302146,0.036719173,0.018216487,0.053385362,0.66351557,0.20744577,0.038971707,1.6178137,0.02085616,1.7643241,0.02581935,0.039544873,0.05018686,0.040096454,0.034249116,0.024790628,0.5232041,0.02215067,2.825984,0.034961354,0.032552008,0.03331095,2024-04-05 22:38:00
1.2939873,0.04233434,1.0351448,0.020302115,0.019193,0.017435836,0.35838568,0.03190528,0.02343832,0.040031504,0.6197002,0.28273302,0.058499057,1.5913938,0.022231242,1.7902287,0.020943679,0.03539241,0.071855396,0.035692737,0.044555616,0.020278629,0.46892428,0.032229267,2.8912923,0.028181572,0.031737607,0.032793842,2024-04-05 22:39:00
1.2940774,0.042947397,1.0422233,0.018141678,0.017563706,0.022478934,0.37082478,0.025622763,0.025746968,0.051756795,0.53412205,0.12654316,0.08583778,1.7408236,0.020111253,1.832896,0.020282537,0.035749428,0.074015774,0.04564909,0.050117556,0.018063823,0.32759485,0.022506373,3.1406193,0.033747267,0.03258768,0.037876613,2024-04-05 22:40:00
1.3172122,0.053041797,1.0579582,0.022244116,0.021884121,0.043847576,0.44810477,0.029070297,0.017246762,0.048928954,0.43376735,0.13936298,0.028341062,1.8781474,0.031323105,1.8390408,0.016012704,0.035043806,0.073906556,0.040364724,0.053401306,0.022591772,0.49848935,0.020163547,2.8191614,0.045376915,0.026581133,0.03518609,2024-04-05 22:41:00
1.2900734,0.04395572,1.0167282,0.018693345,0.020383662,0.018115776,0.33931196,0.044780105,0.016465696,0.04234888,0.40991253,0.08581916,0.05688725,1.6924198,0.015006018,1.7639842,0.015949078,0.03359151,0.072360314,0.03908219,0.036193576,0.015252585,0.54935986,0.019998632,2.8087728,0.043986488,0.039941408,0.037714615,2024-04-05 22:42:00
1.2960007,0.031472348,1.0190743,0.01901252,0.020005843,0.0212017,0.4695462,0.0340089,0.016988141,0.05424736,0.47038683,0.04780457,0.07675603,1.6588404,0.019520955,1.667786,0.010919336,0.029761903,0.07954044,0.055131823,0.04043043,0.009997632,0.5392531,0.016080575,2.8785868,0.038730156,0.024064573,0.032714028,2024-04-05 22:43:00
1.3159355,0.04062113,1.0522287,0.023433814,0.021779554,0.015837768,0.35357577,0.03470981,0.018366046,0.04810707,0.37902853,0.19789447,0.05109419,1.7216495,0.024712443,1.6637143,0.019592814,0.033602938,0.07860596,0.03620185,0.037079163,0.020113831,0.32890394,0.033778094,2.5376892,0.034723055,0.02924682,0.03787754,2024-04-05 22:44:00
1.2993538,0.04595145,1.0813354,0.024551827,0.026174145,0.029875468,0.33771315,0.04501393,0.01780936,0.043548133,0.4733685,0.17607363,0.024271576,1.6908288,0.022653574,1.5303799,0.02340709,0.025590982,0.073512934,0.058860507,0.032490432,0.026402753,0.58206296,0.021970842,2.557032,0.031807233,0.050731305,0.03262691,2024-04-05 22:45:00
1.2601942,0.043017432,1.050239,0.018429896,0.020389851,0.018098338,0.3296995,0.028791968,0.023736652,0.042474676,0.5484812,0.17012198,0.031702712,1.675027,0.017129613,1.4954923,0.018956466,0.032797582,0.09615079,0.04628911,0.04573801,0.019300353,0.5377256,0.020023676,2.6066005,0.03638685,0.02324692,0.03870999,2024-04-05 22:46:00
1.2650421,0.035748854,1.0426589,0.01699271,0.027316956,0.013557199,0.39848515,0.037113994,0.023240112,0.044361554,0.58353204,0.0869248,0.05479682,1.683713,0.029398378,1.4696771,0.017291972,0.027190248,0.085952796,0.04591044,0.04817555,0.02078309,0.3194081,0.02751499,2.6191854,0.040867597,0.051514067,0.037893157,2024-04-05 22:47:00
1.2630508,0.03628964,0.8999076,0.017818358,0.020915136,0.022437116,0.34568435,0.036233194,0.025320852,0.04911367,0.74773806,0.13339444,0.031107811,1.8450931,0.019584151,1.5976216,0.010829984,0.037557613,0.094996095,0.044916842,0.03364687,0.01900484,0.32668686,0.020805378,2.480321,0.038682252,0.021353358,0.03607273,2024-04-05 22:48:00
1.2642256,0.032472894,0.795267,0.016887482,0.018614838,0.022340871,0.42144015,0.0318443,0.017571118,0.08911258,0.79573196,0.14242035,0.04349555,1.7333335,0.03728573,1.6119217,0.016545407,0.03443006,0.07984827,0.042448603,0.033852857,0.019129189,0.423465,0.021093601,2.4367285,0.03477204,0.02825164,0.032333605,2024-04-05 22:49:00
1.2648146,0.036356702,0.81109244,0.018349158,0.019966485,0.019295214,0.3471146,0.057111792,0.017530417,0.056204975,0.8183536,0.1828568,0.07723865,2.0300443,0.021361098,1.5925312,0.02111689,0.02634553,0.043079954,0.040775366,0.034104973,0.020315528,0.49145728,0.04122889,2.5962703,0.031087637,0.024330448,0.037748817,2024-04-05 22:50:00
1.2965565,0.032849174,0.8321528,0.018210754,0.03306239,0.017354403,0.36816862,0.04169221,0.025356712,0.054684944,0.6892909,0.12530519,0.03251487,2.053556,0.02444294,1.7260686,0.021088427,0.027799722,0.08296301,0.036508318,0.05028914,0.028469043,0.3573554,0.023265172,2.601469,0.035183407,0.061251294,0.036770962,2024-04-05 22:51:00
1.331098,0.02627821,0.85165274,0.024177056,0.020109173,0.019037494,0.3741858,0.04256868,0.023042362,0.0475722,0.74560237,0.24416776,0.053235307,1.6997521,0.022237998,1.5887583,0.01815459,0.02834689,0.079468586,0.04535573,0.044271894,0.016838988,0.74457693,0.013081134,2.5869365,0.03328604,0.03507477,0.03484777,2024-04-05 22:52:00
1.2976569,0.03227227,0.9083648,0.019204885,0.023920462,0.023171687,0.5117016,0.038741592,0.025769932,0.03640625,0.404284,0.066888526,0.031033246,1.7315077,0.02252916,1.7443464,0.025365032,0.034113605,0.06377282,0.040299732,0.05225329,0.026141036,0.3272384,0.01585327,2.6604257,0.028388401,0.03222852,0.023186026,2024-04-05 22:53:00
1.3213387,0.021332836,0.895882,0.019112108,0.023523388,0.02303949,0.3671461,0.037846863,0.018106218,0.036879532,0.3062032,0.07995293,0.09503919,1.6765544,0.021768676,1.559335,0.01816337,0.032301746,0.061889008,0.04489011,0.035211302,0.02069006,0.31640542,0.032855693,2.626881,0.03244793,0.04877464,0.11901611,2024-04-05 22:54:00
1.3276292,0.024415161,0.90600914,0.017453596,0.02640475,0.018838543,0.38124347,0.05569699,0.025451163,0.054472517,0.3200835,0.31450444,0.035041828,1.6650035,0.04011114,1.5579467,0.03203291,0.02785359,0.05609915,0.036234245,0.05093644,0.020657437,0.5701546,0.01932221,2.593567,0.03642477,0.024765003,0.02684214,2024-04-05 22:55:00
1.3286277,0.043324493,0.8854579,0.017327927,0.041343417,0.029262252,0.3573337,0.029754797,0.018608266,0.030544683,0.32490706,0.2632042,0.09838941,1.7227618,0.021863544,1.5985694,0.02389189,0.038658407,0.034201823,0.044189353,0.036567293,0.019853616,0.59457815,0.024808357,2.7125988,0.039449986,0.023219924,0.033400122,2024-04-05 22:56:00
1.2987987,0.02939589,0.82105196,0.15090369,0.023999164,0.02447784,0.37611693,0.0411385,0.019596789,0.056879368,0.44847643,0.0679119,0.031021329,2.2512944,0.018359076,1.5941808,0.018125119,0.034621716,0.074264124,0.043009598,0.04681435,0.02658138,0.50741035,0.016698172,2.6626737,0.046096615,0.036168937,0.02967918,2024-04-05 22:57:00
1.332308,0.03157746,0.8276516,0.024610793,0.021470137,0.026470078,0.49751982,0.05561315,0.018580455,0.04447773,0.6143076,0.0684095,0.13262953,1.6698807,0.02640574,1.5944133,0.008675389,0.038014226,0.052638043,0.040329553,0.036955904,0.024100883,0.5115355,0.023616724,2.6998408,0.039167237,0.024181286,0.034064606,2024-04-05 22:58:00
1.376285,0.04361492,0.9214634,0.019985475,0.03543963,0.029606648,0.48059607,0.039299376,0.081314705,0.052354436,0.69184905,0.12695062,0.06898767,2.0376983,0.013788508,1.6255832,0.019895753,0.03918298,0.066244714,0.0470976,0.03397558,0.022916952,0.50886047,0.022651551,2.636911,0.035922255,0.03974857,0.0318078,2024-04-05 22:59:00
1.3454366,0.038521264,0.8686775,0.015160803,0.023395248,0.022744682,0.48343632,0.08387064,0.023771945,0.047188003,0.69644547,0.27345502,0.073946565,1.9994599,0.019111738,1.7102413,0.012511339,0.013185859,0.046935648,0.036058296,0.04743409,0.019886067,0.35172907,0.016847959,2.7028162,0.040745344,0.022635486,0.03411339,2024-04-05 23:00:00
1.2907965,0.030738112,0.9606604,0.020065317,0.043847896,0.02315898,0.5203793,0.03943156,0.025963519,0.056522734,0.6875622,0.05557545,0.029942285,1.6619128,0.023851197,1.7111329,0.031611994,0.03681517,0.061714686,0.04488292,0.05198812,0.021055972,0.3451112,0.018211555,2.7086535,0.04478756,0.030799221,0.034459773,2024-04-05 23:01:00
1.2988735,0.04062708,0.95947325,0.027451254,0.022388563,0.020100309,0.5097459,0.03596615,0.026593653,0.06410945,0.6275177,0.1733982,0.02571079,1.870453,0.013007414,1.8026214,0.010366536,0.03621781,0.056941275,0.044894032,0.04997422,0.017807318,0.34889498,0.024138186,2.6715047,0.037603192,0.023700796,0.035577882,2024-04-05 23:02:00
1.3315006,0.03699572,0.86387664,0.02445981,0.021906937,0.02241484,0.4898612,0.052066762,0.01723154,0.048926376,0.60507894,0.22755072,0.12163006,1.5799475,0.019515822,1.8407212,0.014919666,0.033750784,0.046689615,0.0411583,0.049766846,0.021697024,0.4880442,0.019991087,2.7720673,0.037145067,0.025071869,0.03667624,2024-04-05 23:03:00
1.2984936,0.033545814,0.97064406,0.19589128,0.030600436,0.018570993,0.6181679,0.04278039,0.03406393,0.050718103,0.54593456,0.18412746,0.029590046,1.6899093,0.01922343,1.8881543,0.02823779,0.034904975,0.052652232,0.03635819,0.04880088,0.020207694,0.34205732,0.027666569,2.689161,0.0429628,0.0361073,0.035324693,2024-04-05 23:04:00
1.3579319,0.0404361,0.9360572,0.033038534,0.028031731,0.01983884,0.48561126,0.06158924,0.050655555,0.042919423,0.535614,0.2521835,0.07511492,1.6921518,0.022963362,2.0390153,0.013784885,0.017708357,0.015286443,0.03587507,0.06604383,0.020591438,0.61182594,0.030639082,2.819871,0.03928434,0.060301363,0.03306443,2024-04-05 23:05:00
1.3238368,0.039777383,0.8952943,0.014402255,0.033676647,0.020418217,0.4477362,0.027436199,0.017796703,0.052106008,0.5352705,0.19243632,0.052261896,1.7046285,0.03719741,1.8693693,0.01440481,0.03571153,0.040666606,0.037033666,0.05899401,0.016910201,0.48182437,0.022336574,2.7585084,0.037193537,0.02953375,0.032836765,2024-04-05 23:06:00
1.299404,0.054740816,0.94819486,0.020340469,0.025478937,0.026934804,0.529953,0.029641103,0.018873224,0.034384947,0.3023274,0.067559086,0.03989904,1.916164,0.03598157,1.9035573,0.0148638245,0.03391887,0.048926234,0.045559373,0.048341196,0.021632222,0.5517187,0.021459602,2.789215,0.03466393,0.03428068,0.03598535,2024-04-05 23:07:00
1.2950325,0.044574764,0.91432023,0.030542811,0.018537736,0.020620808,0.44777396,0.041454993,0.026849518,0.051595047,0.15742557,0.15343623,0.030165259,1.6764774,0.022777382,1.7883885,0.016143663,0.038033534,0.057471476,0.048836187,0.047010303,0.03205503,0.38378218,0.02983579,2.8058527,0.03671802,0.0326082,0.032835994,2024-04-05 23:08:00
1.2946491,0.036762036,0.88152903,0.019264616,0.018203132,0.01618902,0.44604817,0.037481487,0.022286976,0.051102396,0.1454183,0.0719126,0.029448735,2.057317,0.018362427,1.8018961,0.03159437,0.035983227,0.05286323,0.0473194,0.044575017,0.019529803,0.33556983,0.022043314,2.6054537,0.050112516,0.032422323,0.037196837,2024-04-05 23:09:00
1.2954308,0.04409139,0.93329257,0.015670573,0.017353563,0.022745006,0.42053738,0.041652903,0.024611508,0.053692512,0.21589606,0.18439054,0.023320623,1.6691415,0.021958485,1.9022968,0.02342317,0.033351395,0.03969038,0.044256054,0.047913805,0.021324662,0.4713301,0.023307953,2.6978805,0.044416454,0.024890505,0.036492586,2024-04-05 23:10:00
1.2979778,0.04278739,0.9320248,0.020484429,0.01943973,0.017594438,0.41051257,0.040056325,0.025699018,0.05371378,0.217019,0.06126564,0.027212614,1.7026027,0.015136031,1.7005646,0.018861407,0.036170043,0.07408916,0.048065186,0.048228957,0.020507472,0.30750018,0.024646185,2.7650425,0.043232054,0.032726448,0.034523536,2024-04-05 23:11:00
1.3007671,0.03949594,0.9597511,0.020507831,0.037874725,0.02849898,0.41034126,0.035263646,0.027740685,0.042791255,0.20914795,0.33046243,0.07568362,1.9008449,0.017780194,1.684839,0.02195584,0.032827336,0.045021806,0.03651049,0.046822306,0.01967673,0.37944016,0.023143351,2.728811,0.04030005,0.031680036,0.034401864,2024-04-05 23:12:00
1.2639878,0.043234363,1.0111456,0.033568222,0.024780713,0.017081013,0.4703306,0.0356205,0.018410575,0.0508661,0.21068205,0.112332426,0.08185799,1.6977278,0.014533294,1.9793088,0.0357652,0.025339408,0.068524614,0.0364651,0.026829984,0.019744044,0.36442074,0.023640523,2.6741815,0.040717013,0.040815163,0.039912056,2024-04-05 23:13:00
1.2636495,0.017903462,1.0439286,0.019803258,0.03705496,0.0280937,0.5338402,0.043775197,0.017265262,0.12035631,0.2093067,0.06804535,0.024669087,1.7268494,0.017101774,1.933353,0.017809484,0.026726997,0.06789652,0.04482,0.03602631,0.020863915,0.5487093,0.020963777,2.7298193,0.04522962,0.033088643,0.03860724,2024-04-05 23:14:00
1.2644045,0.02403495,1.1010355,0.023645986,0.024091532,0.023235267,0.46764812,0.040092863,0.025710687,0.049652282,0.20455942,0.103674605,0.037411045,1.7852741,0.01870209,1.974938,0.021854257,0.0287152,0.03468985,0.0489884,0.0701631,0.019384528,0.3683019,0.022916408,2.6939898,0.044248026,0.032996263,0.023815174,2024-04-05 23:15:00
1.2583808,0.059128422,1.0362372,0.021636892,0.02496629,0.08603144,0.46256495,0.033520628,0.025496714,0.064641334,0.20868045,0.072646335,0.027556129,1.7234365,0.01901432,2.085858,0.013174689,0.047785453,0.075371295,0.04488534,0.0473771,0.026752628,0.33850148,0.025440538,2.602876,0.043348122,0.034862265,0.018256456,2024-04-05 23:16:00
1.2585802,0.036966905,1.0578876,0.017005427,0.02766194,0.025734635,0.42387065,0.04003946,0.02478177,0.06055634,0.17402843,0.1688256,0.029052673,1.9884506,0.021274405,1.8076713,0.021166926,0.040109757,0.030900164,0.06407212,0.058080655,0.024035899,0.36320168,0.017433237,2.7132375,0.042557932,0.030785719,0.03999781,2024-04-05 23:17:00
1.2632446,0.038727827,1.0322002,0.1429474,0.029941333,0.023964563,0.5490094,0.028135486,0.023776466,0.066942245,0.14388584,0.2695126,0.03226333,1.9989333,0.014566705,1.7773187,0.00941431,0.032355137,0.05915406,0.056118716,0.050534632,0.017874869,0.35204607,0.044522446,2.7810628,0.04571367,0.039678358,0.03384367,2024-04-05 23:18:00
1.5530684,0.041273393,1.0284398,0.019053843,0.02876812,0.02163602,0.4454859,0.041635554,0.022910787,0.06375889,0.16350965,0.0684946,0.031137517,1.7424054,0.027986541,1.6796576,0.022146737,0.039521698,0.06603604,0.044857107,0.04908511,0.022771815,0.38248816,0.010224756,2.6050484,0.04782628,0.028973572,0.026966767,2024-04-05 23:19:00
1.5789473,0.042852126,1.0525829,0.014386512,0.020012707,0.02467444,0.4387416,0.043349206,0.04561394,0.07161891,0.1675257,0.14131515,0.104158446,1.9400136,0.017166639,1.7227997,0.015980564,0.025906198,0.021427868,0.046049736,0.045313317,0.019340983,0.41222778,0.01904231,2.744466,0.058634955,0.024293834,0.034763955,2024-04-05 23:20:00
1.5497779,0.042660065,1.0637454,0.018864239,0.019520123,0.018242156,0.7801084,0.041003965,0.025343493,0.059301175,0.16589335,0.11218987,0.02813607,1.9336238,0.0211047,1.7158031,0.026376136,0.026498904,0.05188307,0.036874894,0.04775661,0.022244886,0.33912796,0.025416728,2.8168364,0.043801237,0.041912407,0.019451432,2024-04-05 23:21:00
1.5461684,0.042535577,1.0530075,0.030668566,0.026926441,0.016490784,0.50857234,0.049377143,0.020240983,0.050049342,0.19670914,0.076835304,0.08769223,1.8176774,0.017170794,1.6844492,0.024356531,0.029809542,0.03101316,0.040507704,0.066383764,0.020642104,0.54258174,0.02600042,2.840457,0.03657764,0.03219377,0.030643785,2024-04-05 23:22:00
1.5507864,0.046054017,1.0295062,0.0160933,0.018495077,0.03871707,0.514989,0.04637151,0.024355993,0.06422028,0.4500472,0.14137447,0.04556182,2.0453062,0.017996358,1.6521411,0.013901395,0.018664733,0.06090928,0.040379412,0.05777864,0.018799057,0.516487,0.016690016,2.8162038,0.13571113,0.021258008,0.0700265,2024-04-05 23:23:00
1.5491459,0.07044359,1.0660594,0.014837244,0.020689031,0.023572916,0.50568676,0.03850073,0.025396975,0.036518723,0.31699327,0.07936145,0.029468616,1.7673208,0.043664698,1.6455836,0.020558845,0.027597012,0.059675317,0.047981497,0.044635363,0.026128313,0.35499436,0.021717386,2.850463,0.036269806,0.037217796,0.03426059,2024-04-05 23:24:00
1.5493541,0.03513707,1.0397776,0.013857604,0.02132735,0.02549974,0.6729678,0.06967801,0.035650305,0.05555488,0.44251445,0.056014862,0.11320915,1.7285296,0.033944808,1.6531363,0.027930615,0.031738162,0.047088902,0.03600421,0.047105934,0.015697619,0.3958577,0.023738341,2.769861,0.04374825,0.03585911,0.03309322,2024-04-05 23:25:00
1.5842488,0.043623853,1.0454792,0.017949898,0.03242691,0.01879637,0.53502285,0.04151404,0.02463061,0.051369622,0.5399504,0.20550822,0.0509211,1.9081697,0.02996814,1.7139298,0.017880568,0.025945734,0.048564628,0.048614908,0.04633419,0.018688198,0.35365188,0.020565486,2.7393758,0.040897477,0.024528777,0.042722903,2024-04-05 23:26:00
1.5723524,0.030713806,0.9453757,0.017224079,0.03338787,0.0212922,0.5108729,0.033191703,0.022239083,0.062132817,0.48633468,0.22252528,0.036112685,1.8740476,0.022391887,1.7721719,0.02601748,0.046737544,0.050832428,0.04392382,0.043861244,0.029973697,0.3359615,0.021698298,2.6799848,0.039051518,0.024507761,0.032134067,2024-04-05 23:27:00
1.5469856,0.036735658,0.979025,0.015154197,0.054766428,0.017130008,0.49800846,0.055442464,0.02468677,0.057835758,0.5438648,0.17258176,0.019921837,2.0635626,0.03187707,1.7940326,0.015538001,0.038750004,0.05416224,0.04483946,0.04667255,0.014269462,0.33621332,0.016668895,2.688183,0.03770794,0.036669478,0.041932765,2024-04-05 23:28:00
1.549927,0.03716182,0.8087097,0.023352817,0.017695218,0.02414991,0.50950366,0.049882226,0.02475658,0.05388671,0.5404765,0.12130671,0.027138352,2.0473151,0.02257371,1.7945001,0.051608086,0.046126343,0.054109164,0.046930958,0.04900214,0.028821902,0.36222234,0.017663129,2.8500113,0.04459799,0.034684226,0.031547252,2024-04-05 23:29:00
1.5757855,0.038504593,0.85238945,0.019745769,0.016919162,0.025293833,0.536378,0.07748726,0.060854234,0.057811294,0.5474355,0.106268205,0.026259936,1.6980551,0.015739942,1.8654556,0.012878923,0.03171423,0.03667046,0.040522493,0.05113616,0.020626578,0.5660891,0.0238825,2.8619645,0.043214276,0.025783833,0.035975657,2024-04-05 23:30:00
1.5492911,0.026126288,0.84837145,0.012977694,0.024673028,0.024296833,0.50966305,0.039707676,0.024946345,0.079420924,0.2694302,0.09961471,0.04010707,1.7147641,0.055774868,1.8235284,0.030759523,0.029795658,0.03783619,0.035527173,0.052340485,0.02072751,0.32885873,0.021319764,2.922084,0.04651941,0.023474563,0.03442423,2024-04-05 23:31:00
1.548469,0.03933278,0.8027761,0.026259234,0.014052911,0.026882183,0.5449925,0.03635275,0.024133433,0.05526804,0.30793804,0.20520657,0.045472942,1.6095576,0.021346554,1.7868696,0.022018192,0.03089782,0.042852245,0.044665307,0.0369402,0.024270544,0.5222327,0.0141569385,2.7809026,0.042485744,0.06120746,0.036458924,2024-04-05 23:32:00
1.5130405,0.050040115,0.8263406,0.024401741,0.018691825,0.028105782,0.5028085,0.033343486,0.017159127,0.056316137,0.13245977,0.25110927,0.08054668,1.7198416,0.022130962,1.8005532,0.022274407,0.031216085,0.0344083,0.041193906,0.052190676,0.023005683,0.5176611,0.021393823,2.843613,0.041472666,0.02358507,0.022519179,2024-04-05 23:33:00
1.5487609,0.018958408,0.92250246,0.01916969,0.02299067,0.021948844,0.55546564,0.04575581,0.023442347,0.05528223,0.049285796,0.07589266,0.028786631,1.7510971,0.031333044,1.9378927,0.014203501,0.04083811,0.038124233,0.043854278,0.04312058,0.019608935,0.3028913,0.029289922,2.9389448,0.030385986,0.034891754,0.051655408,2024-04-05 23:34:00
1.5155612,0.03974021,0.9718045,0.028581345,0.034470864,0.024956342,0.5111184,0.040690288,0.019599324,0.056754943,0.02467739,0.072582364,0.02843499,1.6854972,0.016902076,1.9320378,0.01432123,0.03691367,0.04885839,0.046753377,0.051788654,0.037692882,0.57072926,0.032205164,2.882583,0.03213767,0.031942062,0.035570893,2024-04-05 23:35:00
1.5133212,0.035879187,1.089049,0.024197927,0.018515851,0.024179608,0.54550576,0.02917855,0.024518576,0.071229555,0.10464477,0.1532229,0.037672944,1.6901369,0.03401996,1.9463892,0.03041767,0.03131544,0.05274743,0.04632287,0.047100943,0.016948164,0.34271476,0.019165572,2.8503714,0.025249602,0.029670123,0.037461374,2024-04-05 23:36:00
1.5176585,0.03364478,0.94149977,0.024643287,0.017085822,0.022690807,0.5199789,0.039514896,0.025794264,0.057513505,0.2099164,0.22935294,0.042732615,2.1510446,0.024368998,1.8446612,0.017610872,0.0359127,0.037454117,0.036958624,0.04935598,0.021323197,0.34554565,0.021821158,2.7934053,0.032517143,0.035101652,0.033491336,2024-04-05 23:37:00
1.5154917,0.0162473,0.9368866,0.017683275,0.024348868,0.024663383,0.50528896,0.085402615,0.034578703,0.061810866,0.20530674,0.18945928,0.020874828,1.7094301,0.025436632,1.8484251,0.023035092,0.029578444,0.049800053,0.037774313,0.04356781,0.022331191,0.35036755,0.021236503,2.9243217,0.03560264,0.034684956,0.019139474,2024-04-05 23:38:00
1.5304233,0.039183788,0.9569831,0.023318088,0.020907195,0.025463954,0.50980157,0.03871114,0.021977343,0.0505944,0.22088279,0.3461396,0.1089757,1.7092901,0.022087442,2.0112345,0.0180443,0.02507175,0.045370433,0.03674025,0.036329783,0.020167416,0.51927716,0.01532895,2.9346414,0.03549042,0.023373857,0.024778374,2024-04-05 23:39:00
1.5134293,0.049115434,0.96212214,0.016221972,0.04088206,0.017009305,0.48642722,0.03993716,0.025852915,0.053952157,0.22069764,0.11278205,0.043965966,1.9585516,0.01844569,1.7885925,0.027580986,0.028128171,0.05284037,0.036128785,0.046043817,0.02901205,0.75061125,0.028184853,3.0101912,0.04127156,0.032716595,0.038308572,2024-04-05 23:40:00
1.5130196,0.039860528,0.994633,0.015799062,0.06451802,0.097181745,0.48412338,0.036466766,0.026248658,0.06944282,0.163559,0.33268914,0.02184462,2.0195508,0.012907102,1.8039242,0.028974721,0.02876632,0.052475516,0.045712665,0.044089653,0.010892717,0.47503752,0.018563803,2.894443,0.031776924,0.033322364,0.033584017,2024-04-05 23:41:00
1.5129095,0.023238985,1.0587949,0.042050812,0.022381168,0.017778402,0.48597595,0.05141407,0.0219576,0.05915768,0.16027775,0.13499475,0.042028844,1.9751967,0.016978644,1.7679641,0.0209982,0.021806771,0.051394176,0.044791423,0.051007997,0.015820531,0.60871047,0.016807403,2.8503697,0.027940731,0.035500865,0.035401233,2024-04-05 23:42:00
1.5109015,0.04109817,1.1368661,0.016948733,0.021341594,0.019920863,0.63161105,0.04098438,0.027211605,0.0585353,0.17197797,0.05587449,0.08316928,2.037482,0.014663928,1.7726275,0.028765691,0.033459257,0.06022461,0.045477103,0.049639825,0.01753373,0.49548587,0.016292922,2.8755653,0.037642755,0.041337788,0.043625023,2024-04-05 23:43:00
1.5116447,0.042261634,1.1006091,0.0181372,0.034992397,0.021430977,0.61380285,0.036582064,0.017762734,0.04356082,0.40059605,0.34034118,0.06940274,2.0275633,0.021775583,1.7776774,0.028866222,0.029036932,0.05675202,0.045407217,0.035722114,0.02407737,0.51633465,0.019832926,2.938642,0.044047054,0.07797574,0.03562306,2024-04-05 23:44:00
1.5170213,0.051521417,1.063372,0.016987287,0.021788053,0.012977609,0.54377544,0.04286529,0.0280861,0.044942155,0.3278826,0.09667409,0.07582029,1.6882153,0.013273519,1.9966836,0.023848219,0.03030497,0.06423536,0.035672024,0.05088669,0.028120099,0.33943772,0.020810254,2.8820763,0.03566392,0.033262637,0.03390136,2024-04-05 23:45:00
1.5885676,0.035740826,1.0625888,0.018571397,0.016816037,0.026501484,0.6684556,0.030854855,0.025809627,0.04897377,0.38026905,0.10474181,0.03652229,1.6904873,0.01701872,1.76461,0.023284268,0.021975463,0.054049283,0.044905946,0.04960228,0.04471908,0.33413973,0.021953309,2.9220579,0.036027182,0.02177788,0.032713115,2024-04-05 23:46:00
1.5154194,0.040558282,1.0968349,0.028177157,0.019483486,0.02406698,0.5798062,0.030327575,0.027895214,0.044611022,0.5032774,0.24480037,0.029598953,2.042599,0.03665086,1.9123002,0.03158348,0.03154835,0.05441007,0.044856682,0.036934435,0.017581046,0.3722953,0.01903056,2.9631708,0.03763816,0.036574546,0.037410617,2024-04-05 23:47:00
1.5928978,0.064716294,1.0776299,0.01946633,0.017646154,0.026390323,0.58677053,0.06267824,0.023949377,0.058416888,0.36025497,0.35283667,0.028990744,2.0207264,0.01944945,1.776612,0.016194519,0.02314904,0.05637221,0.04487774,0.04530242,0.020955723,0.51834786,0.022639165,3.0225003,0.049938314,0.027658436,0.032051194,2024-04-05 23:48:00
1.52527,0.04496352,1.09196,0.01686908,0.032624472,0.020987801,0.63667786,0.029069895,0.023594877,0.05866473,0.24571754,0.25527957,0.06752638,1.6868824,0.014729373,1.7868142,0.029473303,0.027335241,0.02688429,0.035638213,0.03925564,0.021172233,0.50451916,0.023598718,3.0854146,0.030580984,0.050978072,0.03658946,2024-04-05 23:49:00
1.4970231,0.034194443,1.1093063,0.01727054,0.02552379,0.03863115,0.62535745,0.08848751,0.018357769,0.042491175,0.380158,0.06600626,0.06365255,1.6915339,0.03440789,1.7699565,0.019291822,0.032790825,0.056012675,0.045186546,0.049637996,0.017114827,0.38046023,0.023111176,3.0329642,0.040103447,0.051819522,0.035138264,2024-04-05 23:50:00
1.5251094,0.05170426,1.0639418,0.030121712,0.018518832,0.019728458,0.58119774,0.030396411,0.020762114,0.0585589,0.46784845,0.28015557,0.050029382,1.7554276,0.01733611,1.8853092,0.021507677,0.018186057,0.05334522,0.038301755,0.04405347,0.027700061,0.6023585,0.019947136,3.1373615,0.041200258,0.03686048,0.0382567,2024-04-05 23:51:00
1.5271939,0.056181785,1.0996592,0.028929856,0.024855651,0.023269478,0.6008166,0.03517329,0.025005056,0.07023564,0.43003032,0.19054945,0.09332007,1.6793773,0.01798583,1.8562622,0.025002014,0.025060643,0.022563504,0.036294416,0.0453262,0.025230488,0.6034164,0.024065647,3.110064,0.036321383,0.02285115,0.035319217,2024-04-05 23:52:00
1.5369606,0.043889273,1.11271,0.016289966,0.024069002,0.021637082,0.54458314,0.03512664,0.023058342,0.12046278,0.5178291,0.22790079,0.024046795,2.0606508,0.021863962,1.8630011,0.022520216,0.032760426,0.05249706,0.044902924,0.043556992,0.022578057,0.53068906,0.018810317,3.1143708,0.03391328,0.08873861,0.023886379,2024-04-05 23:53:00
1.6038619,0.036620494,1.0623319,0.023062559,0.038909473,0.020754833,0.5493816,0.058936726,0.018244252,0.0610078,0.47750908,0.24023575,0.07825757,2.0001812,0.022140352,1.864515,0.025469653,0.029892335,0.056028444,0.05278787,0.039304692,0.019860791,0.5835391,0.0245526,3.1321013,0.028717414,0.023207784,0.034996953,2024-04-05 23:54:00
1.5689977,0.13488965,1.0651786,0.01622494,0.039901976,0.021309828,0.5288748,0.02906952,0.022271857,0.04572675,0.40784287,0.27622887,0.023101754,1.6672872,0.023323445,1.9524472,0.017501064,0.017925272,0.046149306,0.043867353,0.04453918,0.036559105,0.51560277,0.025132513,3.2942948,0.029899837,0.03695186,0.035497703,2024-04-05 23:55:00
1.5723855,0.037680905,1.0699394,0.017023215,0.022980303,0.022354806,0.54753506,0.02906022,0.025764154,0.067979634,0.4303866,0.104034945,0.042311892,1.6785879,0.019780135,1.9463867,0.023751305,0.024974065,0.042689145,0.03646358,0.055738874,0.018689599,0.6015842,0.020170584,3.0868108,0.044915814,0.023895903,0.03845572,2024-04-05 23:56:00
1.5338799,0.0392056,1.094778,0.017278062,0.019897884,0.024022197,0.52421814,0.028321331,0.03444025,0.05042893,0.4183928,0.11653597,0.085476644,2.1154902,0.013496972,1.9063876,0.022862708,0.036234494,0.026587233,0.06372147,0.055507936,0.03773754,0.51686233,0.020315941,3.1103876,0.037246957,0.025117112,0.03796427,2024-04-05 23:57:00
1.5352535,0.044749714,1.1143999,0.033973955,0.02039618,0.023447135,0.5520311,0.039241463,0.027873322,0.09642216,0.43730828,0.06292794,0.04585489,2.091607,0.01891471,1.8675708,0.022976708,0.037701104,0.06358065,0.045004502,0.055675775,0.015890991,0.35371813,0.02035818,3.03295,0.05116699,0.046412196,0.034144953,2024-04-05 23:58:00
1.4638851,0.054665014,1.0775112,0.023637105,0.028312195,0.015932955,0.5659137,0.086060785,0.011159339,0.103437185,0.3284933,0.081003405,0.08024468,2.116756,0.027187014,1.8994755,0.015182464,0.035819232,0.06735496,0.039261907,0.05111732,0.01531267,0.48601764,0.011637242,3.0577326,0.03754505,0.044904932,0.03633537,2024-04-05 23:59:00
,,,,,,,,,,,,,,,,,,,,,,,,,,,,2024-04-06 00:00:00
,,,,,,,,,,,,,,,,,,,,,,,,,,,,2024-04-05 23:59:00
1.5543333,0.03694321,1.0699245,0.018192746,0.04865146,0.024829598,0.56704724,0.11693932,0.018080907,0.089554965,0.25056905,0.17599304,0.036590837,1.6750154,0.033166826,1.8518414,0.009671748,0.035414662,0.05018564,0.035842787,0.08851733,0.027181461,0.50396734,0.015119939,3.0170434,0.040817507,0.03319114,0.03300902,2024-04-06 00:00:00
1.465103,0.038088296,0.994213,0.0255836,0.016189704,0.029517546,0.56525266,0.04510665,0.021706676,0.11834244,0.24738139,0.15423398,0.026041882,1.7402887,0.032657415,1.844456,0.025018446,0.045538303,0.053569317,0.051163927,0.066443525,0.028688591,0.34422553,0.019034734,2.988076,0.040529933,0.040181477,0.03698477,2024-04-06 00:01:00
1.4667765,0.053839054,1.01467,0.017241582,0.03259965,0.016688645,0.5304154,0.04529196,0.02289578,0.059094228,0.23622699,0.15300463,0.018850116,1.7363399,0.014561748,1.854954,0.02164644,0.035715036,0.0523899,0.04494943,0.05352972,0.015689664,0.3286375,0.015930856,3.013735,0.036205735,0.033514313,0.022261478,2024-04-06 00:02:00
1.4709879,0.032162186,0.9346508,0.019676186,0.0172794,0.023591379,0.5892777,0.106699206,0.019168515,0.048184104,0.2781044,0.19981538,0.028713664,1.6915451,0.013941135,1.8873535,0.040792957,0.044849347,0.05341052,0.04455551,0.07634607,0.01968925,0.37657693,0.022536071,3.1585655,0.028741172,0.034508474,0.028027067,2024-04-06 00:03:00
1.4689293,0.0440961,0.93110096,0.01786676,0.020672357,0.01717541,0.5396131,0.028991792,0.014775807,0.06953297,0.28705996,0.1164506,0.031914767,1.6812485,0.021088887,2.1937425,0.017112562,0.040706266,0.063042745,0.044876724,0.051928636,0.017491728,0.33529916,0.0215676,2.9853573,0.034413405,0.037202995,0.02465998,2024-04-06 00:04:00
1.492491,0.05164456,1.1163914,0.015903091,0.022368634,0.01807241,0.5694036,0.042192113,0.02240815,0.04103446,0.33988762,0.13376145,0.03766541,2.0214884,0.01670261,1.9950583,0.025042536,0.035942048,0.06619301,0.04489062,0.046047553,0.022290962,0.3425565,0.024428882,3.026641,0.025998283,0.026585989,0.017490055,2024-04-06 00:05:00
1.5030355,0.057332076,1.0060608,0.019374745,0.025495952,0.020351605,0.569258,0.03309015,0.027950538,0.121296436,0.38174137,0.15629838,0.045012727,1.7003568,0.017087124,1.991832,0.039935283,0.032957576,0.045393888,0.04394087,0.05510594,0.016058547,0.40141687,0.021521414,3.096233,0.03451805,0.02395623,0.02552658,2024-04-06 00:06:00
1.4697112,0.11633253,1.0247056,0.01776206,0.033464205,0.017325057,0.56404585,0.053211886,0.015964516,0.046253704,0.3635901,0.1260809,0.025640152,1.7252717,0.019468537,1.9676353,0.022256916,0.029969312,0.05907855,0.036190107,0.03489411,0.019813897,0.36012313,0.022754366,3.2033107,0.030050961,0.059807632,0.032855675,2024-04-06 00:07:00
1.4633981,0.06761256,1.0217397,0.014607053,0.022555342,0.020540474,0.6665395,0.03995103,0.017180227,0.052628316,0.3784049,0.10228484,0.02296787,1.885538,0.018630756,1.9340597,0.012490731,0.025303835,0.042880706,0.052908648,0.040886555,0.019613544,0.38875353,0.021983726,3.341645,0.035522155,0.021147348,0.03200713,2024-04-06 00:08:00
1.4694508,0.048377328,1.0593526,0.025754826,0.030048164,0.016403018,0.54335076,0.04080525,0.02628598,0.062594935,0.40225744,0.30625558,0.026871527,1.7131325,0.020199526,1.904116,0.027412402,0.03698131,0.04181814,0.035878446,0.044327553,0.02013188,0.3280394,0.025424091,3.2820437,0.029871514,0.024360837,0.033332977,2024-04-06 00:09:00
1.4655809,0.03609396,1.124474,0.021710105,0.02456127,0.02469269,0.5578371,0.03968288,0.02476803,0.02976914,0.39919028,0.06263017,0.030438049,1.702738,0.027998155,1.8478911,0.029747123,0.039640732,0.059546515,0.044037078,0.05363347,0.014759486,0.33878648,0.0151291685,3.2154343,0.043460455,0.083139576,0.03468941,2024-04-06 00:10:00
1.4636664,0.06259966,1.0115931,0.01869442,0.01761155,0.017101822,0.6747672,0.05209871,0.022960072,0.10901766,0.46609768,0.1832332,0.047273703,1.9433329,0.039007246,1.6853616,0.026964054,0.044420786,0.052007273,0.03625846,0.049028765,0.019312501,0.30816928,0.020529611,3.129864,0.030238068,0.03162789,0.030832494,2024-04-06 00:11:00
1.4667699,0.043615192,0.90760356,0.014433136,0.035581995,0.021280143,0.5471527,0.039682828,0.022707684,0.08453202,0.3773304,0.23525415,0.02700536,2.0779305,0.08338253,1.7862499,0.036327302,0.026198154,0.05396058,0.04238422,0.048175976,0.0140388645,0.34369034,0.016671369,3.0933473,0.027449183,0.031174287,0.09153517,2024-04-06 00:12:00
1.4670045,0.044631552,0.89970136,0.018167011,0.020262744,0.022497576,0.57270056,0.038778536,0.026697941,0.03545104,0.41416946,0.16665375,0.023355206,2.0070567,0.014773163,1.6924497,0.0075223246,0.011564768,0.051681392,0.044825893,0.045812774,0.012385814,0.41776472,0.011946336,3.1464994,0.025189761,0.03360071,0.03846956,2024-04-06 00:13:00
1.4655079,0.045855526,0.9125044,0.03886643,0.033257585,0.02616322,0.57279795,0.052027326,0.025913259,0.075110905,0.3777071,0.22296023,0.07227476,1.7352563,0.013397087,1.646317,0.022255495,0.032619122,0.05753848,0.045028407,0.050305095,0.028471278,0.56064713,0.027499238,3.021376,0.024742983,0.034799207,0.03563672,2024-04-06 00:14:00
1.4718766,0.03818863,0.944354,0.013871712,0.024288522,0.026765741,0.5482553,0.07923567,0.023995552,0.04649183,0.45427632,0.0668237,0.028577713,2.1281395,0.01933468,1.6646214,0.014849845,0.03707476,0.048318498,0.04481839,0.04505547,0.023200152,0.3235998,0.026326692,3.041827,0.026055608,0.033705395,0.03503278,2024-04-06 00:15:00
1.5072844,0.035879098,1.0276589,0.015912728,0.03256888,0.018923614,0.5841142,0.039758187,0.035028256,0.09553964,0.41698948,0.35694367,0.058593366,1.7541467,0.018536093,1.7489139,0.022789495,0.038370796,0.042520713,0.04003739,0.061854064,0.031617675,0.65746063,0.030047517,3.296995,0.025339391,0.026068581,0.036732707,2024-04-06 00:16:00
1.5891922,0.041940164,1.0041541,0.017693808,0.026404511,0.025763806,0.5791197,0.041506052,0.044918414,0.045426924,0.44733837,0.19773844,0.017988518,1.7757167,0.014426157,1.7413688,0.010273217,0.023001652,0.03603871,0.04637778,0.044430036,0.021006912,0.34311706,0.02634015,3.233367,0.025971565,0.033599403,0.04240539,2024-04-06 00:17:00
1.5081271,0.04449993,1.0960127,0.024730261,0.031034397,0.012957483,0.6991627,0.052677445,0.018795105,0.05313388,0.43174273,0.07969497,0.04378987,1.7426264,0.030692307,1.8836163,0.016635168,0.05388413,0.04332346,0.042100456,0.038584836,0.024659317,0.60378057,0.03363012,3.1541023,0.03611899,0.023674348,0.03731231,2024-04-06 00:18:00
1.5079744,0.043868527,1.1068463,0.019837337,0.02371322,0.023914853,0.62052447,0.039782293,0.026296804,0.06119182,0.49608833,0.28984347,0.021187473,2.0989418,0.02796509,1.9486679,0.019582843,0.03561643,0.05018467,0.040251058,0.03318176,0.018592643,0.48692337,0.022056812,3.1588552,0.026545709,0.034127943,0.037053954,2024-04-06 00:19:00
1.5111291,0.03766332,0.84335744,0.023403471,0.03801767,0.016395727,0.6259717,0.038801197,0.02414743,0.069612905,0.5807783,0.0827317,0.038569283,2.1229355,0.012886157,1.9114946,0.010738433,0.031949554,0.054003187,0.044811532,0.0487263,0.030415528,0.31934285,0.03798634,3.062393,0.021510644,0.033583913,0.036418702,2024-04-06 00:20:00
1.5104566,0.044555992,0.78310156,0.09811807,0.015440363,0.024770027,0.6454251,0.06080197,0.025560586,0.062412936,0.5092456,0.15437949,0.068352096,1.7652953,0.014002259,1.8927715,0.011776762,0.042857315,0.04696601,0.04494809,0.047958747,0.019186502,0.3370621,0.018962068,2.9410691,0.018938405,0.040443834,0.03699336,2024-04-06 00:21:00
1.4771414,0.07736701,0.70604587,0.021110682,0.019275062,0.024292212,0.766054,0.089983076,0.022999289,0.040678505,0.5328323,0.34510186,0.07481881,1.9350536,0.025698429,1.9316083,0.017941348,0.03985128,0.04840951,0.044867426,0.043185342,0.029590346,0.36197743,0.020486848,2.988114,0.025897074,0.030763471,0.039274227,2024-04-06 00:22:00
1.5466189,0.042443756,0.7372486,0.02629876,0.025347723,0.031240284,0.645313,0.035445552,0.018641375,0.04255327,0.51190746,0.29986218,0.06358504,1.7642688,0.031485792,1.7370988,0.023948936,0.020762965,0.027388036,0.04619963,0.03876961,0.024373962,0.54623675,0.015947016,3.0006006,0.0378566,0.03203463,0.03560594,2024-04-06 00:23:00
1.4759105,0.053240635,0.71451896,0.026722295,0.025078954,0.024147484,0.6133686,0.030498603,0.023462176,0.04190629,0.53717744,0.20365588,0.049225572,2.1490183,0.022026675,1.6405628,0.015271076,0.03328094,0.048787843,0.045397114,0.049885947,0.030156797,0.35958374,0.020435747,2.846582,0.024570024,0.026075823,0.035523824,2024-04-06 00:24:00
1.4984326,0.042867154,0.7910903,0.016604746,0.02905471,0.021549987,0.72357464,0.02948186,0.019912338,0.07377068,0.4249884,0.1432841,0.042790197,1.7837921,0.021887463,1.6384774,0.011997612,0.0420044,0.03781015,0.045116566,0.051619478,0.020290473,0.52309114,0.017738804,2.8143406,0.024527527,0.025648974,0.035273075,2024-04-06 00:25:00
1.5572155,0.041502804,0.8852942,0.013832879,0.0154509535,0.022636876,0.6098274,0.051370922,0.025935205,0.06010444,0.20904627,0.30199033,0.032568786,1.738727,0.021408241,1.637111,0.021605352,0.036329042,0.048142213,0.044916905,0.050871544,0.017081201,0.3456666,0.013780819,2.7630436,0.020836774,0.03193816,0.05647479,2024-04-06 00:26:00
1.4721881,0.045013588,0.84462553,0.04066058,0.02078854,0.020509696,0.6114258,0.02350124,0.029004963,0.047235727,0.16736022,0.08104547,0.045793157,1.8486466,0.014299728,1.6415356,0.02925002,0.037087232,0.048262965,0.04493252,0.047691986,0.024963895,0.38621348,0.031318363,2.6940298,0.032029986,0.04867248,0.0487696,2024-04-06 00:27:00
1.5317663,0.036191832,0.8652842,0.2197551,0.020110028,0.021311732,0.59799856,0.039827578,0.026799763,0.061247203,0.066467434,0.28122997,0.022671428,1.7468005,0.027716411,1.5410794,0.019706678,0.040477637,0.04415492,0.036062002,0.054354716,0.017911242,0.37035745,0.018773995,2.7022436,0.026307672,0.056013547,0.03602564,2024-04-06 00:28:00
1.5412002,0.089665286,0.84521335,0.017095624,0.025466677,0.024514744,0.6081104,0.038264353,0.01872347,0.075038716,0.044305712,0.18452713,0.05402002,1.7291847,0.026043536,1.389277,0.017884364,0.021951111,0.046649437,0.044893574,0.039727896,0.023855666,0.4794211,0.020716839,2.74376,0.033597205,0.025869116,0.03189668,2024-04-06 00:29:00
1.5123726,0.04028911,0.92826563,0.0155772315,0.022607777,0.038820498,0.56297386,0.04401816,0.017734138,0.04839687,0.0573552,0.19201303,0.041956507,1.7534449,0.017961234,1.3984586,0.018345146,0.03615082,0.042453837,0.038413182,0.03881329,0.02065218,0.51220644,0.018027836,2.6605532,0.021168873,0.031853214,0.036482796,2024-04-06 00:30:00
1.5124959,0.048935227,0.8826267,0.02106265,0.017239477,0.024469106,0.5803394,0.02999622,0.027310872,0.041834272,0.034581143,0.2645571,0.028965907,2.0686338,0.020364782,1.5014685,0.011187283,0.044377897,0.045883104,0.046482615,0.048057545,0.0156217925,0.3377849,0.01999155,2.6207788,0.024575267,0.033042025,0.037007596,2024-04-06 00:31:00
1.5043361,0.040365368,0.8747917,0.02301494,0.016206592,0.021825895,0.6255896,0.041407663,0.02195422,0.0356733,0.044392828,0.149601,0.060766853,2.1294825,0.0140957935,1.4885561,0.027284728,0.042868707,0.04552916,0.03629536,0.033856202,0.018606117,0.56561786,0.029625367,2.6469438,0.036339063,0.04172205,0.04115809,2024-04-06 00:32:00
1.445562,0.032802753,0.94717366,0.021742769,0.024131078,0.020833204,0.6036632,0.06798043,0.026695231,0.105640054,0.04394847,0.24682645,0.037511397,1.834874,0.0274943,1.492729,0.026486728,0.03283861,0.034275196,0.038815204,0.03794168,0.018907098,0.775695,0.020227902,2.6099956,0.027643992,0.02427844,0.035963792,2024-04-06 00:33:00
1.4952459,0.039728854,0.9120295,0.013514269,0.01915359,0.023827037,0.6599359,0.09786739,0.019848144,0.07766294,0.051820654,0.2617487,0.053532235,2.1149895,0.01949587,1.4819762,0.015576823,0.036823325,0.049556054,0.03563454,0.09187261,0.016330741,0.37534177,0.016422318,2.6525414,0.023989609,0.033495117,0.035665233,2024-04-06 00:34:00
1.4878503,0.04562332,0.86596596,0.018044833,0.03704153,0.023785401,0.67018396,0.03910083,0.02095801,0.054888498,0.03695011,0.22553597,0.03510734,1.7326299,0.0146811195,1.5113577,0.031113919,0.046825916,0.053207308,0.053576794,0.050832756,0.02864705,0.33625332,0.031282876,2.6296132,0.030264089,0.034070376,0.043039475,2024-04-06 00:35:00
1.4941566,0.060839523,0.9031513,0.017429022,0.034133285,0.023851333,0.61950886,0.04696914,0.022405943,0.15600923,0.041853085,0.26389852,0.029898174,1.7571847,0.028178867,1.408395,0.04241536,0.04589361,0.05243442,0.045018572,0.046674192,0.031233478,0.33264437,0.063585244,2.6453004,0.022317473,0.0335663,0.04129467,2024-04-06 00:36:00
1.4924163,0.020177655,0.9129987,0.014460911,0.037982613,0.030368958,0.6181645,0.04227882,0.028125662,0.04052658,0.039032325,0.13019048,0.0760757,1.7996371,0.018413961,1.3697238,0.014204346,0.035675388,0.054257482,0.044912983,0.053160574,0.021624753,0.44226316,0.045777816,2.6666334,0.026047254,0.036282174,0.033663373,2024-04-06 00:37:00
1.5342853,0.033799823,0.89506936,0.015616913,0.029627567,0.022218095,0.5809805,0.042706475,0.023799438,0.057065677,0.036936916,0.17754133,0.0649364,1.7122638,0.045881163,1.3952196,0.025048636,0.022253698,0.028526902,0.036139376,0.05193572,0.016438438,0.38117924,0.024367163,2.780942,0.032971013,0.028295109,0.034761496,2024-04-06 00:38:00
1.4914923,0.018959636,0.8236089,0.025647877,0.0365904,0.024382744,0.5458202,0.035210073,0.018265015,0.05689218,0.07449633,0.21162578,0.029469598,1.9476384,0.045380697,1.4498445,0.010669587,0.041296136,0.044641677,0.047647733,0.05804597,0.017132467,0.38560075,0.035588387,2.7073302,0.027144497,0.034023087,0.032254033,2024-04-06 00:39:00
1.4918927,0.035039123,0.7811109,0.0152982725,0.023500433,0.07378403,0.62900305,0.03893522,0.025867524,0.07834328,0.046783954,0.09677359,0.07059047,1.7507365,0.023417879,1.4196901,0.036763884,0.046290755,0.06175115,0.03580299,0.046024565,0.024132919,0.3804414,0.015839657,2.6967003,0.021109292,0.06020856,0.03934488,2024-04-06 00:40:00
1.4934988,0.020495385,0.7044975,0.03450186,0.023552578,0.019204848,0.55420107,0.047299128,0.019623708,0.05816304,0.042046376,0.19804615,0.06135242,1.7539685,0.014066047,1.6702454,0.022079144,0.035174355,0.054157764,0.035945274,0.04995434,0.021084644,0.33829355,0.016102564,2.7877765,0.026273934,0.02690532,0.032717638,2024-04-06 00:41:00
1.4912045,0.05857657,0.7200119,0.021123,0.018708615,0.0200704,0.55968916,0.031438567,0.027097287,0.051798925,0.038160864,0.19986507,0.025784243,1.9361327,0.018232139,1.6389598,0.015229164,0.07842442,0.057406306,0.044931624,0.049746066,0.023059752,0.38560334,0.029148154,2.8249743,0.026454853,0.06838835,0.03684615,2024-04-06 00:42:00
1.4953144,0.03512342,0.75602794,0.025317341,0.022254024,0.012338679,0.54859465,0.0505196,0.028579809,0.05536082,0.119479194,0.1973257,0.02725108,1.9907411,0.013177096,1.6057013,0.022023289,0.04068847,0.05352169,0.036013633,0.04390394,0.018361261,0.49648842,0.023691835,2.8419466,0.027953485,0.033399027,0.036265835,2024-04-06 00:43:00
1.4920423,0.039415475,0.80139333,0.020304665,0.017796902,0.020574313,0.5871319,0.054529466,0.020690493,0.09880896,0.07687762,0.18874352,0.042015933,2.1259687,0.04288153,1.6236243,0.040678326,0.035163924,0.056807995,0.035658,0.04420754,0.05387701,0.34986424,0.021447824,3.0573494,0.02686877,0.04131811,0.035904262,2024-04-06 00:44:00
1.4954433,0.045982294,0.90229654,0.09665159,0.016781408,0.019190213,0.58735937,0.028007146,0.022271855,0.060128637,0.047221743,0.26694667,0.025206015,2.0789912,0.020893358,1.6941034,0.04943099,0.03653896,0.0564168,0.048553683,0.04820374,0.017059337,0.35084432,0.019081233,3.0007162,0.024406172,0.024774723,0.04420271,2024-04-06 00:45:00
1.4962271,0.05527233,0.88427025,0.022991166,0.021635547,0.02071062,0.5656289,0.095098734,0.025702557,0.056509808,0.09493525,0.232472,0.05029621,1.7392638,0.016121527,1.8218297,0.021445883,0.026121229,0.09117755,0.046641592,0.04082186,0.024191806,0.5263459,0.018601852,3.2547262,0.023216,0.034588143,0.018237494,2024-04-06 00:46:00
1.491859,0.045708455,0.90235555,0.16543701,0.029322425,0.022180846,0.63006675,0.03359015,0.023463402,0.039321903,0.12556723,0.35417083,0.045680244,1.7729084,0.01827233,1.7123986,0.019235974,0.025394604,0.04259969,0.04048253,0.047600586,0.022015193,0.3858555,0.022235893,3.189201,0.028009068,0.026339706,0.03837228,2024-04-06 00:47:00
1.4940883,0.04100409,0.9580056,0.016791167,0.034868993,0.021230243,0.640204,0.04501148,0.025539795,0.040909383,0.14185224,0.1724822,0.097381555,2.1339724,0.020747041,1.8034419,0.024299568,0.033930827,0.02292306,0.035780143,0.04885772,0.0153236035,0.38343638,0.02662147,3.1682928,0.025759192,0.05069977,0.03559593,2024-04-06 00:48:00
1.4899102,0.041633166,0.94783795,0.024940798,0.020871662,0.023006046,0.6733519,0.039156742,0.019992236,0.07116298,0.42560852,0.172102,0.028404377,2.1209373,0.013539083,1.9122552,0.015862817,0.037693623,0.055346653,0.036378313,0.044095162,0.016907651,0.46486187,0.023389459,3.128526,0.027233655,0.02800525,0.03468918,2024-04-06 00:49:00
1.4945785,0.046073586,0.9661997,0.019657189,0.020900888,0.022693956,0.63223827,0.06230254,0.020269876,0.052427582,0.31303263,0.24010308,0.029192762,1.7351213,0.029775107,1.9050368,0.03578103,0.04598392,0.055316992,0.035926122,0.038653612,0.014513251,0.3812031,0.013489019,3.2261767,0.022206724,0.02790277,0.03638118,2024-04-06 00:50:00
1.4941083,0.036992177,1.0135602,0.025666181,0.024190303,0.017944917,0.66783464,0.036766082,0.02572042,0.0685272,0.38450986,0.18003505,0.051814027,2.024644,0.024276093,2.023391,0.05719052,0.046483397,0.051293623,0.03579884,0.05134868,0.021193426,0.34356776,0.015115103,3.0717504,0.026911335,0.028050575,0.03686706,2024-04-06 00:51:00
1.4927526,0.037058428,0.9576556,0.0193406,0.02427868,0.022022033,0.6457293,0.03304492,0.015305281,0.07144571,0.47732738,0.16155902,0.07348174,1.7624114,0.015964057,1.8810734,0.016910711,0.037540983,0.0574209,0.036050312,0.033212848,0.021673799,0.6287378,0.018853555,3.2074153,0.0331073,0.025579227,0.032842536,2024-04-06 00:52:00
1.4936332,0.045436967,0.9656713,0.01986388,0.017198367,0.10475007,0.596264,0.038700156,0.017073404,0.037973855,0.47038653,0.15950927,0.035600085,2.0791864,0.036043417,1.6907526,0.024230305,0.034437597,0.05782285,0.036090728,0.03439126,0.020646675,0.50701654,0.024756461,3.1482396,0.032353796,0.03301039,0.038003985,2024-04-06 00:53:00
1.4921501,0.0414602,0.8908332,0.018250754,0.01818824,0.023206802,0.5800104,0.052218594,0.017189687,0.060056396,0.35352355,0.305457,0.04211733,1.7643936,0.015482877,1.8210394,0.011662742,0.03278578,0.05465819,0.038534805,0.044223,0.026016684,0.3316528,0.022752734,3.2377946,0.019428834,0.07638352,0.03629856,2024-04-06 00:54:00
1.4875841,0.042521033,0.81971776,0.027476206,0.020649718,0.023004,0.61383957,0.03973316,0.016284911,0.04909808,0.35699806,0.2449272,0.031084193,1.7997888,0.014913328,1.8057902,0.031371504,0.04151248,0.05646654,0.040079236,0.049227986,0.020883704,0.5227496,0.020514375,3.2862499,0.027475242,0.08110284,0.038462605,2024-04-06 00:55:00
1.5244792,0.034593858,0.85529643,0.028229598,0.030338863,0.020073676,0.62428254,0.03647121,0.019585663,0.052067008,0.40424252,0.34672636,0.0424349,1.768129,0.017899051,1.8969756,0.02584575,0.025497891,0.05754076,0.04277741,0.051637687,0.022190588,0.49717614,0.05221436,3.32724,0.035802666,0.023912167,0.037617985,2024-04-06 00:56:00
1.540481,0.043402337,0.8271248,0.02043133,0.020617394,0.020070862,0.58154273,0.06785216,0.037278287,0.038937584,0.38206294,0.074225016,0.04265552,1.7389867,0.018944914,2.0127702,0.017692717,0.02283557,0.074765906,0.04513563,0.05136476,0.018098708,0.3955796,0.016308066,3.3461013,0.02422807,0.042771928,0.04428287,2024-04-06 00:57:00
1.5325441,0.033048674,0.7735748,0.01960209,0.022793824,0.022406954,0.59082055,0.03894743,0.01707104,0.10533643,0.4008108,0.07303507,0.026043264,1.7538698,0.014826872,2.0072742,0.018617576,0.04089717,0.04913688,0.038674407,0.049996477,0.018193321,0.603671,0.027471319,3.7119482,0.026409164,0.03257692,0.03855024,2024-04-06 00:58:00
1.5657681,0.040548693,0.7900882,0.02987977,0.033005223,0.0191463,0.67245126,0.039264493,0.01965256,0.050212633,0.44944164,0.12306523,0.036370713,1.7931484,0.025123239,2.0015,0.024448,0.037355166,0.048638247,0.04484532,0.05008891,0.018521976,0.5297793,0.029426625,3.5022118,0.025444139,0.025144566,0.04407378,2024-04-06 00:59:00
1.4955959,0.03415469,0.75910974,0.017116277,0.03776085,0.01864959,0.57670355,0.06664944,0.025796538,0.110365495,0.34768778,0.083860226,0.053065795,1.7692091,0.019604696,1.9869936,0.042994905,0.04163679,0.051193725,0.03549905,0.04928481,0.022523804,0.35845506,0.032414846,3.4543178,0.020308603,0.03583345,0.037872784,2024-04-06 01:00:00
1.5792142,0.062311623,0.7569579,0.015816383,0.02159827,0.01778504,0.6334492,0.057135474,0.023152895,0.05993968,0.43193907,0.3176153,0.03165643,1.7991669,0.013864793,2.2349098,0.011728631,0.03209197,0.049822055,0.04537873,0.059598982,0.01544552,0.3526517,0.02186576,3.3885777,0.028242929,0.03667724,0.036690544,2024-04-06 01:01:00
1.5005819,0.039540425,0.8028744,0.018969523,0.028555617,0.02225207,0.5810453,0.03272549,0.02574052,0.06526575,0.31395188,0.08080462,0.06513806,1.9334689,0.024069168,2.0869687,0.021009117,0.03769329,0.043359272,0.05147311,0.04648352,0.023343759,0.5839425,0.01537708,3.674841,0.018480908,0.024334077,0.03290021,2024-04-06 01:02:00
1.4995846,0.068376504,0.748419,0.024605002,0.021805927,0.020334467,0.71838933,0.03183158,0.025456304,0.064803764,0.404204,0.2178177,0.030190032,2.1341984,0.019263368,1.9407771,0.01717689,0.032299574,0.0730308,0.04508997,0.04698325,0.02311742,0.75468516,0.021549866,3.7994235,0.032913417,0.0314453,0.037141424,2024-04-06 01:03:00
1.4627968,0.04557009,0.7895558,0.027402228,0.03184802,0.025275605,0.59468913,0.1307769,0.019360788,0.039667837,0.37378022,0.2912216,0.08360793,2.0719097,0.01654311,1.9404998,0.027961174,0.040166035,0.04700735,0.04236391,0.047977373,0.023543458,0.36214873,0.025801904,3.6920328,0.024767196,0.05675474,0.03848867,2024-04-06 01:04:00
1.4326812,0.027696379,0.77338207,0.014734586,0.018855354,0.025618399,0.6556247,0.04136281,0.025081063,0.050485697,0.04824054,0.21250425,0.048677977,1.7717869,0.01613547,1.882155,0.022770287,0.0375732,0.04448828,0.049238414,0.04825455,0.03034394,0.35226992,0.024217458,3.464316,0.02725579,0.03233167,0.04005539,2024-04-06 01:05:00
1.4285052,0.04723836,0.7478428,0.018225716,0.021288257,0.020958692,0.585191,0.05387161,0.025710495,0.036846604,0.049632825,0.16180526,0.029766599,2.0997117,0.0128439665,1.5135823,0.034148436,0.02578572,0.051428076,0.045042884,0.036478978,0.024394669,0.3883947,0.038061664,3.559563,0.021771885,0.055165756,0.06356517,2024-04-06 01:06:00
1.4314665,0.035822242,0.73788285,0.018078947,0.023548296,0.02171584,0.6039867,0.033046383,0.025716104,0.050146747,0.049500458,0.057280358,0.024046488,1.7417842,0.016509479,1.3644776,0.012340111,0.030182922,0.04024376,0.051660936,0.04765127,0.025373258,0.4141018,0.018984858,3.3860188,0.024544751,0.034837782,0.035587173,2024-04-06 01:07:00
1.7128608,0.04999407,0.7553406,0.021966578,0.029325191,0.016411135,0.5433551,0.050431248,0.02270857,0.033983927,0.028056331,0.20223363,0.025311772,1.7927814,0.015576526,1.3729101,0.021555541,0.03422051,0.054608967,0.04244846,0.04016799,0.03605847,0.5342202,0.015420916,3.677972,0.022983685,0.10928871,0.034143973,2024-04-06 01:08:00
1.7356871,0.031194713,0.7936599,0.02060233,0.020149253,0.02149836,0.5787886,0.039866954,0.02230495,0.051046286,0.02432032,0.27145174,0.026572147,1.7805989,0.01714317,1.4166625,0.028142879,0.034957908,0.021931754,0.036124036,0.055287715,0.029098859,0.5615942,0.015462359,3.5072138,0.022621019,0.023147952,0.03535325,2024-04-06 01:09:00
1.7365284,0.037880037,0.76271015,0.027772954,0.03270392,0.021737775,0.5631095,0.0402154,0.02335522,0.057821542,0.022498833,0.19449373,0.08858864,1.7462311,0.02039215,1.503793,0.029728899,0.042410932,0.054021657,0.036244936,0.042879242,0.017513035,0.3604078,0.029630214,3.503803,0.026557988,0.025031978,0.036351644,2024-04-06 01:10:00
1.7162303,0.059665922,0.856307,0.02211462,0.022788204,0.02304238,0.59359634,0.036321603,0.020041987,0.098030426,0.02528289,0.28250855,0.051710792,1.7623621,0.013017294,1.3287795,0.034857076,0.034413304,0.057264388,0.044901084,0.047421098,0.021997878,0.38258758,0.04228654,3.2714105,0.026731132,0.025287792,0.03750959,2024-04-06 01:11:00
1.7313049,0.055113457,0.84318775,0.013675087,0.021561284,0.020506894,0.59043294,0.112916306,0.0266006,0.059884794,0.042597868,0.34428835,0.037821833,1.7448789,0.02137025,1.3356041,0.02349788,0.03561159,0.060495228,0.0396498,0.039150804,0.029749487,0.5261645,0.022372825,3.534323,0.022620203,0.031448,0.036189653,2024-04-06 01:12:00
1.7568839,0.02466489,0.96840876,0.025978593,0.011812893,0.02571022,0.5635504,0.049247716,0.02299763,0.05624239,0.030316938,0.34885728,0.0421991,1.7411544,0.022930346,1.3250753,0.027396696,0.038108498,0.030021282,0.043670367,0.03493526,0.03090863,0.3565915,0.019836245,3.434754,0.026112637,0.040828343,0.029732542,2024-04-06 01:13:00
1.7135319,0.059311938,1.108753,0.022793317,0.023784203,0.020060038,0.6394253,0.035891734,0.020672653,0.053379506,0.027364269,0.29313618,0.04806007,2.0665832,0.012748616,1.353385,0.02343973,0.030486044,0.07321956,0.044843357,0.04601304,0.025968786,0.36419758,0.019760683,3.4451606,0.030323373,0.034926664,0.025143774,2024-04-06 01:14:00
1.7111698,0.055073652,0.9903196,0.01849583,0.021554237,0.03071104,0.55059564,0.035480328,0.055192,0.06177538,0.08910365,0.19166104,0.024724908,2.1097395,0.017876908,1.4172353,0.021790557,0.040817883,0.048106242,0.044916693,0.043658487,0.040096354,0.34798026,0.029325485,3.3917775,0.024126276,0.0338014,0.02817293,2024-04-06 01:15:00
1.752431,0.051628925,0.85361195,0.020019954,0.025251828,0.016737819,0.68967557,0.03283706,0.01626969,0.05236298,0.13050759,0.17387111,0.035176367,1.8001064,0.019801697,1.3826002,0.021796634,0.025519053,0.0388846,0.039105296,0.034432482,0.020446112,0.5271352,0.019325579,3.3707907,0.032763,0.03334556,0.03341112,2024-04-06 01:16:00
1.7777177,0.06322875,0.8113316,0.022164365,0.022922989,0.0207221,0.6422529,0.09634034,0.022437474,0.04591375,0.13083571,0.13373557,0.09388097,1.725087,0.014444788,1.40384,0.027500555,0.022575997,0.027702212,0.045042004,0.049663376,0.014833248,0.343287,0.020656837,3.4298315,0.024494344,0.051784277,0.047362693,2024-04-06 01:17:00
1.8275476,0.0987666,0.6922493,0.016959999,0.033241197,0.023421943,0.6506517,0.033346854,0.024212241,0.042430874,0.13045387,0.17518286,0.028313588,1.7743931,0.013862888,1.4137423,0.020509819,0.03223149,0.046884723,0.04485585,0.044582237,0.020155355,0.3379559,0.018383073,3.4814758,0.026398273,0.0324693,0.05497699,2024-04-06 01:18:00
1.7790803,0.03473695,0.71211547,0.016944548,0.041557323,0.021932555,0.61680794,0.039662205,0.022924682,0.13679531,0.13015597,0.2107809,0.07989541,1.7836179,0.02970776,1.4141043,0.02401825,0.031409156,0.098442204,0.042419627,0.034682043,0.08473139,0.6195745,0.045632254,3.501949,0.021470094,0.023815515,0.036034077,2024-04-06 01:19:00
1.7153348,0.04938605,0.6092254,0.021254811,0.027238594,0.023733722,0.6144627,0.030995158,0.026424207,0.068654455,0.107183225,0.2358017,0.07423865,2.1012754,0.02410853,1.3877424,0.024819447,0.03261101,0.04632843,0.045285616,0.05118336,0.0076215602,0.34216365,0.019936042,3.367679,0.03054043,0.061238144,0.03249686,2024-04-06 01:20:00
1.7449045,0.06469652,0.69437534,0.03371218,0.018780688,0.026053742,0.65979725,0.028932843,0.027785178,0.05427116,0.1088109,0.10013167,0.033477835,1.7905749,0.015287492,1.4485549,0.04978197,0.018403852,0.043385766,0.04265106,0.04686792,0.020184519,0.35274744,0.020255882,3.4463584,0.032235257,0.025450138,0.034183796,2024-04-06 01:21:00
1.6879824,0.053086143,0.7906069,0.018336963,0.017636513,0.020476712,0.6267087,0.04007478,0.018582478,0.05396386,0.107898824,0.122803055,0.048937414,1.7269998,0.014159233,1.4429858,0.018351952,0.03166387,0.060732916,0.04114079,0.050505932,0.020681674,0.5412872,0.04001376,3.5825133,0.023942556,0.03739838,0.0202005,2024-04-06 01:22:00
1.6778195,0.054986726,0.66937304,0.015040587,0.02183862,0.021574033,0.7389262,0.029308327,0.021807432,0.044578344,0.09919173,0.15473638,0.029870903,2.0538492,0.020591194,1.4548687,0.014872354,0.027119646,0.039052207,0.035588,0.035836663,0.01596264,0.35566032,0.025540743,3.3527057,0.023970345,0.023023635,0.034568373,2024-04-06 01:23:00
1.6504935,0.04211053,0.66767836,0.037229147,0.018649384,0.024377646,0.6253758,0.042127788,0.024133999,0.1323985,0.18318026,0.26002744,0.03130141,2.008581,0.018574893,1.4634862,0.022114757,0.040697314,0.043856315,0.04518882,0.044387635,0.021259569,0.37511006,0.020082533,3.4556932,0.03217444,0.024381708,0.035936933,2024-04-06 01:24:00
1.6495782,0.044399567,0.7924674,0.013837737,0.019278824,0.025164349,0.6086535,0.09745731,0.028607229,0.06733132,0.15856686,0.071686044,0.065584034,1.7067028,0.022907032,1.4530194,0.03218153,0.03461154,0.044751562,0.044899095,0.043583672,0.030531159,0.33194593,0.020303227,3.255337,0.029359275,0.048224833,0.034254275,2024-04-06 01:25:00
1.6531533,0.045359083,0.7927937,0.018996198,0.018594397,0.020821683,0.6214129,0.05066746,0.0244656,0.09200447,0.17058279,0.20271719,0.029660033,1.7623342,0.014961261,1.5697767,0.02445943,0.044473592,0.044149414,0.044847846,0.04422039,0.030091068,0.32957748,0.026798913,3.0985372,0.033151295,0.03364104,0.03609847,2024-04-06 01:26:00
1.6520962,0.04263617,0.7368612,0.017503966,0.015338677,0.017778017,0.6534678,0.042896472,0.026281903,0.054760415,0.16888537,0.08241035,0.042907905,1.7797766,0.015632184,1.5887699,0.031261683,0.035817403,0.05349466,0.045095637,0.045558758,0.032558277,0.34253848,0.017429173,3.1230128,0.024635792,0.034770664,0.034874994,2024-04-06 01:27:00
1.6935818,0.042377792,0.77697283,0.022204014,0.025265273,0.024476852,0.7166358,0.054469734,0.018303549,0.06105603,0.17140947,0.39991534,0.08085134,1.7799528,0.021971917,1.7736858,0.027135773,0.022513889,0.045086578,0.05310463,0.036762796,0.017918797,0.52863574,0.024400685,3.1074078,0.04086525,0.035247043,0.03751113,2024-04-06 01:28:00
1.6175481,0.0395027,0.74211633,0.017275684,0.03448254,0.026660925,0.6307743,0.046654172,0.014845346,0.035000216,0.17929061,0.22280839,0.028591055,1.7675319,0.048429836,1.7386528,0.0147431195,0.040641088,0.047654975,0.04482175,0.043490525,0.018990388,0.6083271,0.028236976,3.2020876,0.02566927,0.03480296,0.03911444,2024-04-06 01:29:00
1.6952541,0.045501143,0.8649246,0.024749398,0.022590341,0.022008939,0.7863695,0.040849045,0.030215634,0.05301339,0.16629514,0.1958685,0.048302762,1.743433,0.02066824,1.7451227,0.020577226,0.033491887,0.043936152,0.056344982,0.05845967,0.031792548,0.60332566,0.023657098,3.3126338,0.02179932,0.033047408,0.03266789,2024-04-06 01:30:00
1.6155872,0.033535555,0.941579,0.020660358,0.02729667,0.026459757,0.64504904,0.049537342,0.057976015,0.058029875,0.16789868,0.23794508,0.029731741,1.7651392,0.016003834,1.7680417,0.020793289,0.02029802,0.044597775,0.037252303,0.05278706,0.0177015,0.56247807,0.022304628,3.3911011,0.028724303,0.033763632,0.025795387,2024-04-06 01:31:00
1.6520875,0.033829156,0.8285218,0.014937999,0.04245826,0.020059858,0.6671371,0.040100355,0.019550063,0.06314903,0.16427116,0.10618534,0.045101546,1.7934916,0.014540254,1.7605549,0.034099173,0.045724206,0.04046764,0.035810642,0.03503818,0.013633982,0.5892962,0.031260714,3.3732028,0.024016542,0.03360313,0.02442927,2024-04-06 01:32:00
1.6840942,0.043685276,0.8590332,0.0412519,0.021311767,0.020698445,0.6423368,0.0395339,0.025339138,0.06041534,0.16590807,0.30271786,0.02883917,1.774573,0.01410045,2.0331118,0.01615757,0.029234644,0.0475843,0.044910807,0.052578274,0.019681485,0.37838116,0.020816078,3.360524,0.028346883,0.025610797,0.040008213,2024-04-06 01:33:00
1.6201942,0.048266605,0.9149249,0.02487772,0.018513205,0.025213089,0.6748624,0.069853626,0.020514403,0.08149535,0.22467105,0.09577082,0.039260644,1.8202199,0.023094518,1.9610257,0.024520518,0.03221247,0.044588268,0.0432267,0.08588367,0.03075247,0.4068057,0.034847867,3.3271756,0.023854902,0.037869684,0.026942266,2024-04-06 01:34:00
1.6194147,0.057125837,0.9483657,0.019760722,0.02420448,0.020971285,0.6245356,0.039343044,0.02441212,0.0866738,0.16527759,0.21029449,0.026951648,1.8099556,0.024644457,2.0227275,0.011237759,0.036257684,0.049361397,0.046154957,0.04838063,0.015152436,0.3789557,0.019973524,3.3680053,0.025536409,0.033150043,0.033930387,2024-04-06 01:35:00
1.6280742,0.046831783,1.0014728,0.023788987,0.022403829,0.014646983,0.71978575,0.03618122,0.02596072,0.048184738,0.2693999,0.24203835,0.032207623,2.0068572,0.01868954,1.9214033,0.023691222,0.03765307,0.043613914,0.04487747,0.045845438,0.019102545,0.34525433,0.024168009,3.2591684,0.016542297,0.031564098,0.031626664,2024-04-06 01:36:00
1.61871,0.04384808,1.0794134,0.0162119,0.020499524,0.018096913,0.5969568,0.028888075,0.023368446,0.025613423,0.20403326,0.3305656,0.038585946,1.7640678,0.027850753,1.9238151,0.013708944,0.023798868,0.044201054,0.039778695,0.044212986,0.01205585,0.37194383,0.030526787,3.3348398,0.02556335,0.03309731,0.03543048,2024-04-06 01:37:00
1.5947695,0.043969136,1.0460635,0.015764015,0.035918113,0.02498112,0.762441,0.04666591,0.025426988,0.06954565,0.24698411,0.38724816,0.060787655,1.7510047,0.021543948,1.9247495,0.055439875,0.02925228,0.032845102,0.04638871,0.05307174,0.017466437,0.37878883,0.021004802,3.4719746,0.02399436,0.03182815,0.036850847,2024-04-06 01:38:00
1.6174352,0.08108729,1.0718753,0.017675223,0.023478692,0.019524615,0.6066473,0.034334898,0.023879336,0.07400952,0.23379572,0.16842286,0.058734976,1.7755327,0.0182127,1.9452317,0.014057569,0.039078988,0.039589543,0.043007437,0.05522579,0.018884165,0.41836232,0.017997788,3.5195715,0.020961344,0.031045156,0.03928838,2024-04-06 01:39:00
1.6307555,0.041374207,1.0954324,0.018316453,0.02064038,0.01703853,0.61952275,0.04816648,0.018717986,0.042800296,0.24908893,0.15889442,0.032358218,2.0079582,0.013616919,1.928518,0.02342243,0.036279026,0.04580034,0.035950817,0.044395246,0.018129444,0.3165815,0.01835783,3.261239,0.02103819,0.034970887,0.033008024,2024-04-06 01:40:00
1.6175114,0.045790717,1.0792958,0.014561727,0.04778372,0.01957735,0.6884694,0.03373055,0.019160654,0.03559058,0.25006333,0.32245088,0.029675357,1.7268171,0.033468563,1.9329278,0.024412572,0.040798835,0.045899164,0.042134576,0.05441888,0.02931832,0.39751634,0.022671156,3.1776834,0.012874272,0.04679158,0.032988023,2024-04-06 01:41:00
1.6075618,0.058464754,1.0545225,0.027391316,0.026000027,0.023446059,0.6061391,0.04324272,0.020541193,0.06568446,0.21110108,0.31646505,0.03698396,2.1595998,0.01680557,1.8119675,0.02279974,0.017227605,0.04029725,0.0449328,0.044842288,0.02027521,0.51398975,0.02113394,3.3261855,0.023527982,0.033120777,0.01714454,2024-04-06 01:42:00
1.6160387,0.09644684,1.0658058,0.014299947,0.019159669,0.017210407,0.6579914,0.041255902,0.017849615,0.05531686,0.118279025,0.15004277,0.029618908,1.7191416,0.01666965,1.9877495,0.021632936,0.020303883,0.046867467,0.046207253,0.041720636,0.022274412,0.50085765,0.020724617,3.3069952,0.031996183,0.032508668,0.037115555,2024-04-06 01:43:00
1.6173173,0.041376855,1.0391083,0.018343536,0.022307007,0.022860171,0.6374315,0.03367463,0.04029365,0.064775676,0.05260017,0.13340478,0.03181292,1.7374127,0.032385062,1.6227348,0.011151005,0.042918082,0.060138058,0.05096113,0.053464983,0.014282185,0.57158965,0.022408895,3.306637,0.01889442,0.03407358,0.03423143,2024-04-06 01:44:00
1.623928,0.061761074,1.0430521,0.021540543,0.022080392,0.023268327,0.69053334,0.032248233,0.026006723,0.053795718,0.043950863,0.18617204,0.06941499,1.9958988,0.020132588,1.5327479,0.015391959,0.037011772,0.054113727,0.044937674,0.04926604,0.024985438,0.43985638,0.020077758,3.390741,0.02505422,0.024694785,0.044417847,2024-04-06 01:45:00
1.6041118,0.06255416,1.0839481,0.028344454,0.017805992,0.024109438,0.6062356,0.065861456,0.017604548,0.037734788,0.019658921,0.32916322,0.024640929,2.075595,0.052468505,1.589331,0.023215035,0.032513842,0.04730083,0.04497884,0.057405803,0.020553932,0.52627826,0.021744706,3.368379,0.034377784,0.03211127,0.026222106,2024-04-06 01:46:00
1.6461288,0.03772844,1.0834347,0.021967081,0.025174068,0.022175692,0.6564742,0.04024452,0.025585067,0.05814539,0.043666966,0.06911556,0.0224339,1.7591558,0.022983283,1.434292,0.02107668,0.036323212,0.045986906,0.043726467,0.046777494,0.028896958,0.4279298,0.020236805,3.3632894,0.033285815,0.07564121,0.03227398,2024-04-06 01:47:00
1.5918187,0.04674537,1.0632352,0.015233412,0.023936313,0.03256112,0.6865514,0.033776004,0.030622909,0.046484843,0.048877414,0.22575015,0.041589383,1.756363,0.021534093,1.4916635,0.020867018,0.027919194,0.04624231,0.03580304,0.03406131,0.023584515,0.65287405,0.01737794,3.3056571,0.024521213,0.050382234,0.038533464,2024-04-06 01:48:00
1.6671336,0.043792486,1.0543538,0.031608492,0.020907894,0.022254646,0.6247609,0.034739308,0.020980123,0.05658797,0.041450176,0.3314224,0.07469197,2.136747,0.03907367,1.5067319,0.012993215,0.031149153,0.04928955,0.04475541,0.044852007,0.03132393,0.4254907,0.02390182,3.3560221,0.03254599,0.023952682,0.043933738,2024-04-06 01:49:00
1.611609,0.054104514,1.0492326,0.015276027,0.015772419,0.020980272,0.66927123,0.10262869,0.02614176,0.03625245,0.034747,0.071198106,0.08303993,1.7964898,0.013532793,1.565091,0.037829123,0.036854018,0.054274276,0.045861274,0.043768436,0.013449289,0.44218618,0.03198901,3.3205326,0.031185929,0.05026262,0.0378616,2024-04-06 01:50:00
1.616741,0.0407502,1.067031,0.02064376,0.024300992,0.029064879,0.6176297,0.046225913,0.019983085,0.05033408,0.038503736,0.1878393,0.018310405,1.7466052,0.013422232,1.6135058,0.026352353,0.03512841,0.049886126,0.044825807,0.04753416,0.017353592,0.39463583,0.0257057,3.510571,0.020145541,0.035102073,0.040545415,2024-04-06 01:51:00
1.6019299,0.03573259,1.0377265,0.031131785,0.03271558,0.021092428,0.6313095,0.039803855,0.030804947,0.049953867,0.03650691,0.17825899,0.042334728,2.1358244,0.021358289,1.6317892,0.023550194,0.022805102,0.058649104,0.050673854,0.038728394,0.022823563,0.4555942,0.02957086,3.4543438,0.032507613,0.09389713,0.03622597,2024-04-06 01:52:00
1.6030048,0.04710891,1.0558394,0.022376796,0.021126876,0.022132915,0.6717471,0.04380454,0.05495784,0.07424907,0.043889027,0.19501854,0.073647276,1.7780045,0.031017952,1.7589194,0.018810974,0.030792285,0.051398348,0.04675982,0.057977296,0.01901986,0.65484065,0.018890256,3.4158528,0.022010205,0.02474109,0.051192477,2024-04-06 01:53:00
1.6019061,0.03771255,0.9948045,0.027195372,0.026726382,0.026609669,0.6668254,0.034104865,0.024340948,0.040717397,0.044263568,0.10510192,0.009774362,1.8533206,0.023208182,1.9243139,0.024766495,0.035299484,0.036139194,0.036586158,0.044331025,0.014705884,0.61091685,0.022707287,3.4332674,0.020292649,0.03079862,0.037076294,2024-04-06 01:54:00
1.599586,0.04143547,0.9687308,0.014932115,0.028401682,0.020791374,0.71478695,0.18095002,0.020271992,0.05798908,0.03138089,0.118121065,0.02833997,1.7570697,0.013343538,1.9118944,0.024857076,0.05506207,0.028001808,0.037271753,0.051516287,0.023357548,0.42620665,0.024686106,3.5652623,0.026916565,0.031804085,0.015964689,2024-04-06 01:55:00
1.6015309,0.028802548,0.9737844,0.018674463,0.022567283,0.028968228,0.6833884,0.0471754,0.02533282,0.06731052,0.04191919,0.29035333,0.028767332,1.7508409,0.013721066,1.8534503,0.00888602,0.029693946,0.043779623,0.045018505,0.04428829,0.01406703,0.42180362,0.024593154,3.457923,0.022221668,0.033545766,0.02096647,2024-04-06 01:56:00
1.6070248,0.0549107,0.9108009,0.023578452,0.020982401,0.022150235,0.6217631,0.046646282,0.016938034,0.035140697,0.04211099,0.20753132,0.028888991,1.6648331,0.025357325,1.9039037,0.014866498,0.012330446,0.042218834,0.048805747,0.054015305,0.015973816,0.46605015,0.03483715,3.62012,0.026360044,0.032533243,0.027875464,2024-04-06 01:57:00
1.5717841,0.08429112,0.86035085,0.025401361,0.024862,0.025945218,0.6371552,0.03341862,0.01995343,0.041325722,0.042191513,0.17701025,0.011103059,1.8192699,0.016583515,1.817615,0.019269442,0.03551659,0.044548657,0.044887487,0.044163875,0.018723072,0.6483316,0.014861831,3.6727006,0.024748815,0.03327016,0.038833212,2024-04-06 01:58:00
1.4109867,0.04536073,0.8777669,0.016978286,0.014424033,0.022576632,0.69082725,0.031219687,0.021831919,0.054880615,0.04044141,0.30459246,0.07606507,1.8501711,0.015355597,1.6987369,0.013575983,0.082176834,0.037211735,0.040722482,0.03320381,0.0247868,0.40434813,0.020820443,3.8255959,0.022589847,0.03732724,0.04509244,2024-04-06 01:59:00
1.4043494,0.04576315,0.93543714,0.02674394,0.022190887,0.025233818,0.6365516,0.046219397,0.0196544,0.047051303,0.04765939,0.41026348,0.059295837,1.7607436,0.026164534,1.6678244,0.021418704,0.04009271,0.04660385,0.040579498,0.03718029,0.029627154,0.64021385,0.021722913,3.744393,0.025506645,0.021142015,0.035480194,2024-04-06 02:00:00
1.454295,0.05238654,1.0095683,0.016339716,0.018489404,0.029199447,0.6514071,0.03882487,0.023350514,0.13331053,0.02476971,0.2424905,0.0634917,2.1918147,0.014472057,1.6908053,0.024484146,0.039430052,0.04554238,0.044912796,0.04612697,0.020328004,0.4166497,0.01788613,3.9299705,0.025951916,0.07090705,0.030271491,2024-04-06 02:01:00
1.4026453,0.057698816,0.9428243,0.026282668,0.021092633,0.021871986,0.68969697,0.05089916,0.023937736,0.055163644,0.03149667,0.33150896,0.02656944,1.7904357,0.03483879,1.6735418,0.03899764,0.03235834,0.060663734,0.046918143,0.054834228,0.024987282,0.3934331,0.036960352,3.702227,0.026410643,0.033565216,0.03331938,2024-04-06 02:02:00
1.4039799,0.0629464,0.92347145,0.03787341,0.021142758,0.035339177,0.6350227,0.041911524,0.024792014,0.0658726,0.037897915,0.118900366,0.03405807,1.7561674,0.021700773,1.6661011,0.0151936235,0.038121782,0.05342398,0.03564879,0.042220704,0.020480368,0.67670935,0.018264703,3.7406297,0.024793813,0.02299711,0.033288963,2024-04-06 02:03:00
1.4098957,0.046855785,1.0329959,0.15493327,0.027261311,0.024369301,0.724893,0.12382206,0.019709205,0.04971597,0.04843428,0.28184408,0.05042114,1.6555424,0.0148253,1.6901485,0.024495011,0.026284028,0.057706878,0.04509272,0.11146268,0.019368177,0.6309099,0.025001524,3.7545316,0.021025548,0.03319778,0.038800903,2024-04-06 02:04:00
1.4329544,0.03934353,0.9654098,0.02196452,0.028369114,0.018949812,0.6618821,0.040788695,0.022456301,0.059031505,0.04307881,0.17750598,0.09886997,1.9234742,0.020170033,1.6497457,0.023129366,0.028890548,0.044661745,0.035993297,0.050601915,0.022253543,0.49369588,0.014934553,3.8848612,0.035702545,0.06424392,0.038804434,2024-04-06 02:05:00
1.4086627,0.03518199,0.91836184,0.015602908,0.025660617,0.029946644,0.7608789,0.13071147,0.026994307,0.056335695,0.04187034,0.1929445,0.0376958,2.1074,0.01879088,1.6149762,0.025741119,0.02183085,0.026690973,0.03554328,0.04951026,0.026364252,0.64697784,0.02181625,3.8948374,0.027816,0.03326765,0.043257587,2024-04-06 02:06:00
1.4268477,0.05723354,0.9746145,0.025136996,0.03523507,0.027386757,0.63189393,0.079922065,0.019526476,0.032894153,0.0702371,0.16313644,0.032717593,1.8531232,0.027640678,1.5758313,0.022041067,0.023775773,0.04462373,0.045174543,0.05645997,0.03141315,0.41152552,0.02035512,3.6906202,0.025884846,0.024576588,0.03220429,2024-04-06 02:07:00
1.4104966,0.045263994,0.94989467,0.01979704,0.023928836,0.019927004,0.6431334,0.035830624,0.02303883,0.044529308,0.07877747,0.25328562,0.0574766,1.7664946,0.017230999,1.5744251,0.019208035,0.03636513,0.054987717,0.03758021,0.04995206,0.02287169,0.43434688,0.021367928,3.7544215,0.023425357,0.032787886,0.03805397,2024-04-06 02:08:00
1.4110571,0.03378907,0.9848503,0.017995905,0.024905732,0.027972205,0.6399652,0.03353943,0.019379135,0.045498285,0.09302487,0.2953583,0.083918676,2.2048583,0.037411816,1.5439765,0.016029378,0.03473365,0.07147074,0.045093562,0.040238496,0.019803138,0.53731596,0.026068652,3.663008,0.021131132,0.024723338,0.03684805,2024-04-06 02:09:00
1.4101211,0.047083,1.0458643,0.020004518,0.033412773,0.02350943,0.6281246,0.036195308,0.033430777,0.046414644,0.06613553,0.17972274,0.04166925,2.1303668,0.015753789,1.5379258,0.022264754,0.035586383,0.070349336,0.04490531,0.049250744,0.016300702,0.45209926,0.043349326,3.6372905,0.034770478,0.033053342,0.036635358,2024-04-06 02:10:00
1.4099518,0.045990385,1.0432174,0.018176436,0.023365263,0.020918569,0.6070355,0.112884045,0.024846958,0.04823362,0.07858523,0.17142846,0.027204424,1.7565157,0.020262277,1.5270035,0.021289537,0.021600155,0.04999203,0.043130778,0.056446504,0.019784149,0.44277734,0.019487178,3.634298,0.031076817,0.05103174,0.0379386,2024-04-06 02:11:00
1.4138072,0.042564064,1.0652709,0.022297125,0.021789772,0.027972516,0.62006086,0.03516292,0.025281075,0.058248777,0.08377153,0.15303645,0.07837983,2.0422413,0.01496484,1.5645752,0.011493413,0.03004708,0.04242791,0.03708743,0.052326377,0.019223152,0.46969348,0.015320801,3.7023726,0.028371101,0.030540615,0.03612231,2024-04-06 02:12:00
1.4144025,0.035275638,1.053315,0.020543434,0.017874071,0.01725406,0.5953186,0.049419753,0.0138855595,0.14398171,0.10208282,0.27035853,0.022330234,1.7840818,0.056661796,1.6409577,0.012842351,0.04427182,0.064494565,0.035612762,0.035585135,0.021080015,0.41043118,0.03641865,3.639353,0.03452729,0.034545105,0.034415703,2024-04-06 02:13:00
1.4085344,0.04261025,1.0473098,0.019354288,0.018256089,0.028721893,0.6106035,0.048875064,0.027507477,0.049096536,0.31762186,0.16469903,0.036234673,2.06608,0.015808862,1.620688,0.13678543,0.03911117,0.055690788,0.035597514,0.036881972,0.020152686,0.44859368,0.013537053,3.595109,0.034325644,0.034375306,0.036735103,2024-04-06 02:14:00
1.412371,0.057752565,1.0574932,0.02256047,0.035859495,0.017429007,0.7210013,0.064490065,0.024413832,0.092139125,0.28283012,0.12452731,0.028278772,1.7329916,0.018474476,1.748144,0.039979354,0.033513423,0.059840955,0.044820026,0.06002113,0.0145678,0.452274,0.028515363,3.6438942,0.022736294,0.033856142,0.03366513,2024-04-06 02:15:00
1.4365314,0.05655442,1.0631862,0.016026938,0.042771388,0.040028684,0.654772,0.032525044,0.023569789,0.053277045,0.38733461,0.19793557,0.061825797,1.825419,0.021277167,1.7580589,0.020611972,0.037040845,0.050140228,0.045980632,0.047024775,0.017352814,0.48851085,0.036813367,3.8431847,0.03166193,0.058655072,0.03323349,2024-04-06 02:16:00
1.4335471,0.07245742,1.0638958,0.019742088,0.02361875,0.018737972,0.6237634,0.054270033,0.018599471,0.043536916,0.36052075,0.19043154,0.062422283,2.0909688,0.01693771,1.6396936,0.02122843,0.03387891,0.046856645,0.036352858,0.03711558,0.021135159,0.61441654,0.020486884,3.5972476,0.029790265,0.022164144,0.025766548,2024-04-06 02:17:00
1.4184958,0.08099434,1.0663867,0.026117397,0.0324649,0.0176144,0.6450867,0.032853186,0.032735623,0.062988676,0.3615634,0.19758973,0.043589372,1.7579868,0.016536186,1.6298485,0.017908107,0.026330004,0.06525882,0.044895224,0.047594514,0.0359848,0.41507888,0.035774607,3.5304148,0.022205345,0.033608627,0.03537758,2024-04-06 02:18:00
1.4387563,0.056031127,1.0492377,0.01809002,0.016707625,0.025518112,0.66976696,0.04122265,0.024363136,0.0742833,0.4608355,0.1275472,0.035839893,2.094954,0.016390225,1.6032586,0.013249398,0.032401133,0.05742088,0.053415503,0.048414737,0.016291406,0.4243076,0.034982126,3.517229,0.030921312,0.039343446,0.037847772,2024-04-06 02:19:00
1.4445363,0.022040183,1.0563809,0.023501558,0.024686763,0.043145064,0.5570642,0.031119108,0.02261404,0.04621265,0.34484497,0.1211869,0.043615315,1.7316818,0.025785249,1.5082539,0.022962052,0.030069558,0.05515494,0.036326256,0.038706303,0.020071823,0.4797664,0.05561602,3.5008938,0.027882995,0.033846572,0.031526618,2024-04-06 02:20:00
1.4778968,0.033892598,1.0824438,0.01960394,0.023375444,0.017676024,0.63076633,0.043152273,0.027782181,0.05007602,0.3113416,0.24856928,0.03867162,1.7518643,0.022106593,1.4926572,0.02121123,0.033661913,0.051169198,0.035525244,0.05048304,0.020827195,0.4541525,0.098094754,3.3032322,0.025055952,0.026908644,0.03311102,2024-04-06 02:21:00
1.4476398,0.045850456,1.0619967,0.01856445,0.021710947,0.02407415,0.60674554,0.046843495,0.020905223,0.063397385,0.36538172,0.22869982,0.06291878,1.7534955,0.018745182,1.4884531,0.015703619,0.03554741,0.058686662,0.044990543,0.04581544,0.02677785,0.39166617,0.029835187,3.5024333,0.027368968,0.025555827,0.034710232,2024-04-06 02:22:00
1.4479777,0.049468864,1.0644463,0.01672528,0.017772958,0.017368605,0.59568536,0.08799101,0.020464918,0.07353156,0.30395797,0.29480326,0.08492154,2.2639396,0.014316665,1.4944047,0.019278126,0.027244614,0.05539766,0.03637794,0.038694117,0.023469597,0.6397665,0.019035084,3.512716,0.027515154,0.025113061,0.03676553,2024-04-06 02:23:00
1.449799,0.07488824,1.0798438,0.013972533,0.028337311,0.03450592,0.58942246,0.04130274,0.02427019,0.08238911,0.28387046,0.10609183,0.0564939,1.7512459,0.029226653,1.4543821,0.018484863,0.024039792,0.046944603,0.036556598,0.045067105,0.010816007,0.4253309,0.03358999,3.517466,0.025403025,0.035055004,0.032695618,2024-04-06 02:24:00
1.4524391,0.04502623,1.0613958,0.018747576,0.018202426,0.022700012,0.5795205,0.042758886,0.02122829,0.045566496,0.39905903,0.12545851,0.033850934,2.07114,0.01693115,1.4436846,0.008767423,0.034351766,0.048817936,0.046681467,0.04514373,0.029176401,0.69380516,0.017441317,3.525557,0.03276241,0.036232814,0.034756318,2024-04-06 02:25:00
1.452109,0.06834198,1.0677309,0.020670874,0.023140866,0.024937375,0.5796816,0.042259485,0.020539006,0.057831194,0.2854765,0.2724295,0.09303378,1.7615333,0.014891561,1.4408908,0.0219565,0.043306336,0.0438484,0.0360542,0.06222871,0.020908087,0.6578008,0.018611021,3.5398822,0.021529833,0.0345022,0.04143516,2024-04-06 02:26:00
1.5323812,0.042851638,1.0995841,0.027033066,0.02406212,0.02209639,0.5950615,0.08113427,0.023739934,0.06253782,0.33308402,0.12643933,0.048098586,1.7560772,0.014490222,1.4281543,0.023926873,0.04241311,0.068220966,0.044946764,0.05350291,0.028999968,0.45947894,0.020314552,3.5292592,0.033120476,0.033831038,0.023426507,2024-04-06 02:27:00
1.4181908,0.07842671,1.037619,0.019525627,0.020723527,0.017508589,0.6365784,0.032334097,0.026108274,0.0724896,0.27785054,0.2589737,0.027120695,2.035587,0.024162339,1.4162424,0.012802176,0.03413895,0.059304994,0.045049768,0.035132606,0.010718757,0.6793725,0.019204305,3.6044846,0.027188648,0.033005636,0.0365266,2024-04-06 02:28:00
1.4220093,0.045062058,1.10031,0.025541509,0.02648398,0.02370017,0.59229094,0.035679426,0.021045398,0.0568472,0.31931323,0.37451062,0.02569367,1.692961,0.02285341,1.4618229,0.023169238,0.03842267,0.035710875,0.036535293,0.036685962,0.018238792,0.577908,0.023729412,3.6782782,0.020737901,0.033303596,0.032721948,2024-04-06 02:29:00
1.4201477,0.04362104,1.0471545,0.017941691,0.016408997,0.021938404,0.54157406,0.0442907,0.016746724,0.06092962,0.34928522,0.16992252,0.04726237,1.788521,0.02743806,1.4142549,0.04497702,0.025296241,0.061463855,0.03614939,0.044800196,0.022011526,0.68087196,0.02832501,3.646628,0.021530833,0.044288285,0.033861708,2024-04-06 02:30:00
1.4184382,0.11303135,1.0945014,0.020304825,0.021475611,0.019765662,0.5605624,0.04694226,0.020470528,0.048736274,0.28947583,0.33807573,0.027300054,1.7756876,0.031083593,1.4022291,0.027551472,0.026155354,0.03724874,0.04463623,0.03968299,0.020563832,0.47653818,0.018489754,3.7086148,0.029086996,0.031732474,0.033975314,2024-04-06 02:31:00
1.4499685,0.04261779,1.0637268,0.02038248,0.022584168,0.021762729,0.52296644,0.074699245,0.033050265,0.097663745,0.47851494,0.378267,0.036014598,2.162201,0.030554231,1.3956362,0.018844008,0.022839917,0.07169582,0.03946323,0.0442707,0.019687435,0.44660166,0.018344635,3.7900257,0.02508295,0.02408524,0.037258573,2024-04-06 02:32:00
1.4465829,0.04521598,1.099301,0.017567826,0.018948665,0.03428758,0.6004492,0.032822695,0.022189315,0.051118623,0.47256157,0.16798201,0.046631686,1.7771732,0.018026913,1.4426405,0.02190501,0.032065257,0.026579998,0.035874847,0.054325595,0.021536257,0.48223692,0.020794949,3.9301484,0.023451043,0.023004008,0.035311975,2024-04-06 02:33:00
1.421638,0.038704414,1.0770293,0.029208628,0.02265746,0.015469863,0.5408058,0.041518006,0.025372177,0.035585888,0.54368305,0.07193469,0.025264524,1.7383844,0.045204826,1.4854416,0.029956002,0.024367128,0.066830255,0.038718395,0.03911549,0.024841737,0.46175694,0.026897915,3.739507,0.025142752,0.034389965,0.037621472,2024-04-06 02:34:00
1.3833625,0.045322526,0.9247826,0.017764246,0.015552784,0.030216675,0.63359267,0.041847073,0.024885157,0.067396544,0.6307339,0.1410132,0.027300244,1.7408774,0.019683847,1.5127763,0.011770244,0.035985515,0.07921316,0.044827808,0.046289504,0.018442718,0.43971235,0.016143344,3.9293814,0.028865242,0.033390164,0.032495953,2024-04-06 02:35:00
1.3826625,0.036610994,0.7137481,0.02529676,0.017825361,0.0191098,0.5176528,0.04114882,0.020201778,0.077354506,0.4925472,0.24858472,0.043366436,1.7931367,0.025585432,1.4372368,0.020097872,0.024897175,0.064064994,0.03639371,0.052976858,0.019480906,0.6823914,0.020937193,3.597487,0.024938833,0.03138043,0.03268636,2024-04-06 02:36:00
1.3778442,0.045338687,0.5794457,0.025026329,0.02287681,0.02041085,0.63595957,0.04148398,0.025407385,0.06247098,0.53791106,0.33094996,0.043133102,1.7321078,0.016715797,1.4783877,0.0254192,0.015874775,0.06006635,0.04516835,0.04871449,0.032613583,0.4703248,0.022799786,3.6487403,0.033813175,0.034060698,0.0474991,2024-04-06 02:37:00
1.3803114,0.034804206,0.61295104,0.015348062,0.0319147,0.020005746,0.6241455,0.042547636,0.03203075,0.04979716,0.5124252,0.192867,0.069827944,1.7553556,0.016299851,1.4708707,0.035296243,0.030268587,0.06162106,0.03582385,0.050675567,0.022283116,0.428748,0.02199424,3.807177,0.02577637,0.042681683,0.036661223,2024-04-06 02:38:00
1.3894631,0.04358846,0.5128369,0.032405946,0.020459028,0.030037988,0.5480498,0.0452671,0.018360274,0.036600593,0.4429447,0.18245386,0.028724086,1.7836267,0.018612837,1.562194,0.011422253,0.021775795,0.061860673,0.05400104,0.045332275,0.01689084,0.5655489,0.021518856,3.6492634,0.027041454,0.05172055,0.032034088,2024-04-06 02:39:00
1.3815842,0.044197686,0.59031385,0.025449494,0.023215597,0.026542924,0.55371636,0.0465308,0.02415067,0.060869187,0.42113855,0.07740006,0.09016065,1.719577,0.018289326,1.6158153,0.021479052,0.023225669,0.023882559,0.0448823,0.04432068,0.01745205,0.4300377,0.015519462,3.7753263,0.027837312,0.05864908,0.03683302,2024-04-06 02:40:00
1.3814751,0.060216308,0.5168372,0.02332337,0.023874637,0.02064291,0.5747103,0.04047899,0.026295902,0.049125765,0.47721142,0.2761925,0.02837278,2.064701,0.027705334,1.7112801,0.0145665575,0.042513452,0.060613032,0.044840116,0.054608703,0.017952356,0.6126096,0.03773836,3.7397475,0.020653205,0.036411285,0.039273653,2024-04-06 02:41:00
1.3833641,0.08602143,0.6119761,0.015616448,0.02644381,0.028933486,0.51760155,0.028504595,0.01850223,0.049528416,0.43872598,0.06589221,0.022489388,1.6308857,0.024800697,1.8032163,0.021403965,0.02733558,0.056676153,0.049480174,0.053199828,0.021280305,0.42022827,0.02420381,3.8333166,0.025873078,0.04005756,0.031756543,2024-04-06 02:42:00
1.4087219,0.04155699,0.5553777,0.014913463,0.014912628,0.022362383,0.6206604,0.057462584,0.029489303,0.045433376,0.53845364,0.3350106,0.04667391,1.9000237,0.017343113,1.7216461,0.016594866,0.034618683,0.052386694,0.046843812,0.040119603,0.021390533,0.65082514,0.022585744,3.745905,0.022530165,0.043479502,0.045013584,2024-04-06 02:43:00
1.595106,0.032549918,0.5990131,0.016709536,0.019348374,0.029923188,0.602848,0.0539904,0.02544179,0.052074153,0.49692202,0.10634101,0.039383564,1.7134523,0.020979274,1.7257582,0.020054895,0.031693175,0.054593544,0.038972527,0.046351843,0.021149652,0.44026074,0.019895624,3.8603742,0.018265387,0.025392521,0.034738284,2024-04-06 02:44:00
1.3605553,0.047910713,0.60579413,0.022576297,0.02270013,0.024507845,0.5962851,0.057836823,0.018618615,0.042040635,0.4663221,0.1795457,0.040333334,1.7541713,0.029313905,1.7095729,0.020394672,0.03577508,0.055010676,0.044872735,0.03937346,0.019839378,0.422405,0.017560929,3.965323,0.025909973,0.025347682,0.037758604,2024-04-06 02:45:00
1.3563359,0.043399684,0.70234245,0.017492289,0.021378668,0.018114494,0.72788256,0.0499062,0.018253686,0.047763452,0.3571207,0.25693828,0.067464635,1.9842658,0.028861498,1.7225503,0.02854273,0.02667598,0.065455705,0.04508148,0.05303391,0.018502586,0.65973246,0.016499769,3.8498132,0.020735374,0.033917617,0.032511376,2024-04-06 02:46:00
1.3621725,0.045986377,0.7297822,0.01383075,0.02900754,0.021095103,0.5455295,0.13310999,0.025418818,0.09397467,0.08494487,0.2010965,0.082258195,1.768932,0.05529226,1.7297604,0.0117053585,0.0378116,0.05955766,0.04514391,0.04480681,0.015087961,0.47169915,0.02113617,3.8052173,0.023743236,0.03939572,0.04269162,2024-04-06 02:47:00
1.385649,0.044397462,0.7290308,0.036346618,0.018939564,0.019636879,0.60856026,0.043065783,0.018026698,0.05694572,0.046565406,0.14054234,0.05594506,2.046389,0.030714596,1.7181778,0.022214228,0.031878512,0.044678967,0.039749652,0.035897326,0.02225073,0.44082287,0.021769358,3.8473656,0.027462145,0.06481055,0.037284084,2024-04-06 02:48:00
1.3586161,0.060875352,0.77923506,0.024730025,0.02359278,0.022530064,0.6303947,0.06436475,0.021225428,0.05803709,0.045144945,0.09004341,0.0923854,1.7247087,0.028054954,1.7498358,0.018859938,0.034443937,0.05055639,0.04087856,0.04543187,0.020809485,0.41610974,0.02297027,3.933823,0.024949433,0.050960604,0.029705342,2024-04-06 02:49:00
1.3923186,0.03552202,0.8277442,0.20164017,0.02489955,0.053316243,0.53239256,0.030951578,0.018597865,0.056608137,0.0291567,0.3459716,0.032009292,1.787654,0.014947965,1.6295471,0.022350121,0.02948296,0.027534235,0.04225836,0.04881728,0.012027634,0.6620144,0.021053603,3.95431,0.023594145,0.02559789,0.045809183,2024-04-06 02:50:00
1.544503,0.039588705,0.82946795,0.025306154,0.027516197,0.019339139,0.6342777,0.03376543,0.02473867,0.03353013,0.027800914,0.24590021,0.081827685,2.040587,0.018975237,1.6544001,0.032199915,0.021147545,0.057341974,0.04636219,0.037506014,0.016535306,0.6670656,0.018185565,4.2612967,0.027550941,0.036722466,0.02602296,2024-04-06 02:51:00
1.566495,0.05236611,0.84684116,0.036892522,0.02015663,0.025364162,0.5652684,0.04138556,0.022881322,0.050166182,0.043279365,0.24723268,0.08011115,1.7301543,0.019836899,1.7447537,0.02146809,0.03282555,0.055583533,0.04488455,0.048139445,0.025409805,0.4522008,0.019360833,3.9654713,0.030615047,0.06413045,0.03733191,2024-04-06 02:52:00
1.5430006,0.038313564,0.8204472,0.017097797,0.02453571,0.14810093,0.52853024,0.043770086,0.055490624,0.058643784,0.037690803,0.070813924,0.070480905,1.7174921,0.03491374,1.8397688,0.010800007,0.037205677,0.046448205,0.035844292,0.046841346,0.023146665,0.40987504,0.015342133,3.9458852,0.032447938,0.042568255,0.032977067,2024-04-06 02:53:00
1.582187,0.049305905,0.8973804,0.014122957,0.027326804,0.017809479,0.5682041,0.04060391,0.026195424,0.04940899,0.043587048,0.26308092,0.022364506,1.7210197,0.015175236,1.8288726,0.021211639,0.02374476,0.03412127,0.04409277,0.037319746,0.025130419,0.6594705,0.023628874,4.109838,0.027471855,0.0442971,0.034995858,2024-04-06 02:54:00
1.5087699,0.05413661,0.8206119,0.021987516,0.020462343,0.028053679,0.62432563,0.042645827,0.025632223,0.035941802,0.03384908,0.33436018,0.06704859,2.006037,0.025836652,1.8175174,0.022896335,0.031631183,0.056684744,0.044872116,0.035446834,0.030925643,0.7504139,0.020170432,4.1878743,0.024119524,0.033776674,0.035155132,2024-04-06 02:55:00
1.5124611,0.059953228,0.85891515,0.02252406,0.018389309,0.03332782,0.59465575,0.056776132,0.01826418,0.051721174,0.025526898,0.1553166,0.06031633,1.7285517,0.040374607,1.9547725,0.029566092,0.018320492,0.03067457,0.03594902,0.04807932,0.018743237,0.6612451,0.03262248,3.7835367,0.025539327,0.043180093,0.03223571,2024-04-06 02:56:00
1.5111991,0.039747495,0.87107974,0.023372898,0.053085897,0.030140024,0.534628,0.19120164,0.027350675,0.036688946,0.07185371,0.112133764,0.03649483,2.1044915,0.042074308,1.8936396,0.019102504,0.010678687,0.044041634,0.045196712,0.04465135,0.014994583,0.44805166,0.029016305,3.9354215,0.030753007,0.030822817,0.037259907,2024-04-06 02:57:00
1.5098203,0.044739578,0.8315293,0.019527208,0.023911398,0.024305524,0.65961933,0.0459854,0.021193948,0.06061398,0.037542466,0.118395515,0.08826091,1.7543888,0.04132816,1.9058168,0.014310538,0.023808997,0.03771915,0.044789836,0.04799635,0.020175498,0.68766433,0.021894641,4.00581,0.019897426,0.024997935,0.038575508,2024-04-06 02:58:00
1.5415134,0.039041135,0.7773079,0.01817691,0.020809658,0.016178964,0.58043516,0.045347754,0.017556012,0.055356495,0.03358167,0.10854566,0.02297486,2.103396,0.02656559,1.9419339,0.015819605,0.036194097,0.038559735,0.035679445,0.049194846,0.02170562,0.72611266,0.02122564,4.003965,0.019829176,0.025581911,0.034114204,2024-04-06 02:59:00
1.584497,0.06878551,0.7658705,0.017348904,0.015037256,0.023972364,0.537364,0.034840487,0.017790737,0.060564585,0.08978199,0.13114005,0.09324404,2.012715,0.03884264,2.0608864,0.014352273,0.03332285,0.041252453,0.036143158,0.037072025,0.019093545,0.6539123,0.020560956,4.1259427,0.020093806,0.034305077,0.03723094,2024-04-06 03:00:00
1.5814252,0.046006072,0.7644165,0.01803271,0.050550222,0.019478664,0.55412054,0.046111044,0.018133678,0.065678835,0.10826324,0.12025877,0.031336937,2.281211,0.04719773,2.1565797,0.040019907,0.019064434,0.025360173,0.044825602,0.050759118,0.026375124,0.44975019,0.03555127,3.9819558,0.035723224,0.03330651,0.036261477,2024-04-06 03:01:00
1.6063533,0.05676565,0.7777601,0.021727407,0.027478814,0.029745184,0.5163539,0.047230408,0.01769035,0.04948581,0.05923462,0.16038361,0.0461308,1.7719846,0.027003948,2.295005,0.021769643,0.12479313,0.031026313,0.035655156,0.04470385,0.02100468,0.477262,0.016310059,4.046061,0.030753117,0.080543146,0.040544868,2024-04-06 03:02:00
1.574585,0.046872467,0.726307,0.021518668,0.021977628,0.018048164,0.57817274,0.10980482,0.020120682,0.035583176,0.055544503,0.35861462,0.043333344,1.8222001,0.016960682,2.2565014,0.023710813,0.03767653,0.044475254,0.040190462,0.06327126,0.019394863,0.7385044,0.016897863,3.8391066,0.02045128,0.04399206,0.036072742,2024-04-06 03:03:00
1.5707431,0.042798955,0.72618246,0.020987166,0.020830054,0.01899425,0.62303376,0.056167778,0.02517658,0.05701814,0.09902465,0.2724027,0.05918517,2.0608017,0.040968224,2.2770994,0.10029711,0.030775022,0.04650554,0.04479205,0.055950686,0.027798139,0.39494374,0.11493545,3.8239167,0.026622532,0.03311242,0.038292605,2024-04-06 03:04:00
1.6004224,0.060686197,0.7282609,0.027909765,0.036106814,0.028885584,0.5243453,0.04954041,0.04117884,0.059547048,0.12295945,0.12162248,0.032794356,1.7363555,0.03230613,2.2699745,0.017224833,0.025253177,0.042493515,0.041503094,0.03371372,0.017489767,0.6233565,0.016752493,3.9304705,0.023922173,0.033279374,0.045660924,2024-04-06 03:05:00
1.6084085,0.04410905,0.76398754,0.030957676,0.03191938,0.02378081,0.56379485,0.04030367,0.019627899,0.062061265,0.12934788,0.34188074,0.10672604,1.7544029,0.022283746,2.076468,0.026257884,0.020434173,0.04653036,0.042690936,0.04821484,0.021095151,0.5154413,0.029489452,3.8986578,0.024221184,0.036746617,0.04019692,2024-04-06 03:06:00
1.6050164,0.07251446,0.81065625,0.015415494,0.025686752,0.015767425,0.51620054,0.039499495,0.025178235,0.037670933,0.30796483,0.24880087,0.027472515,2.156911,0.031405054,1.8979212,0.013760122,0.034371354,0.033483125,0.045352224,0.04680584,0.021717213,0.46829113,0.021381417,3.9989703,0.030082747,0.024143536,0.03461832,2024-04-06 03:07:00
1.5829734,0.036321405,0.84805375,0.024884403,0.020598842,0.019233696,0.55247205,0.06555842,0.016527157,0.04900954,0.33786747,0.30389744,0.07553668,1.7793208,0.025054637,1.6607472,0.026197597,0.032524664,0.035767492,0.04014764,0.038246486,0.018479886,0.67049706,0.020713292,3.8384204,0.025447799,0.024963321,0.035507347,2024-04-06 03:08:00
1.6257435,0.03852722,0.8784959,0.030622005,0.021900317,0.02524595,0.5376219,0.03512312,0.024539916,0.05845556,0.53535044,0.35641137,0.04303357,2.1496034,0.041971527,1.6740627,0.0188858,0.03661919,0.046338804,0.044868857,0.052257087,0.018688083,0.6093928,0.0204068,3.9790497,0.03840161,0.03300721,0.038628276,2024-04-06 03:09:00
1.5842235,0.043228135,0.8832978,0.02688708,0.030677117,0.01938051,0.5611147,0.040518984,0.038788177,0.080319814,0.5085629,0.3138734,0.029582273,1.7340934,0.041704472,1.7857275,0.023770306,0.02114408,0.03353606,0.03959874,0.04133582,0.022235421,0.60663617,0.019930918,4.069722,0.02633473,0.032756064,0.04387226,2024-04-06 03:10:00
1.5861831,0.024419162,0.85023934,0.018680688,0.01712281,0.028500307,0.5442289,0.032996684,0.04753684,0.06230948,0.48641437,0.11044368,0.024292659,1.7411051,0.03162738,1.9151473,0.02368443,0.0379894,0.04940951,0.049601268,0.04921839,0.021990828,0.41717917,0.024484174,3.76335,0.023906521,0.031401876,0.014714697,2024-04-06 03:11:00
1.5836883,0.032655064,0.96130365,0.02103293,0.02037605,0.02449353,0.49991962,0.041555393,0.020466486,0.048701536,0.5604986,0.26888976,0.0439437,1.791792,0.02351895,1.9175434,0.027321978,0.036426038,0.038463634,0.050056603,0.038950227,0.025328446,0.4265718,0.024267007,3.825992,0.023736533,0.024195872,0.037529115,2024-04-06 03:12:00
1.6064688,0.066179514,0.9457144,0.02228166,0.016416725,0.03483333,0.5748613,0.038857717,0.018592907,0.039321706,0.45473817,0.38489342,0.02520199,1.7429248,0.04981899,1.6161655,0.020992478,0.027163384,0.03718841,0.042643446,0.052132692,0.01946903,0.449093,0.022615006,3.7983887,0.027196914,0.029004462,0.039525792,2024-04-06 03:13:00
1.6107239,0.07920354,0.9497528,0.028514689,0.02726383,0.027348692,0.50341403,0.043895658,0.027740858,0.040501326,0.43490714,0.37079126,0.08836192,1.7617103,0.03157561,1.4059592,0.025937697,0.015578922,0.04790472,0.04483221,0.052865736,0.020064332,0.43094608,0.045426585,4.000699,0.02289143,0.08931367,0.03653457,2024-04-06 03:14:00
1.5831213,0.04541005,0.95009136,0.02433612,0.033585936,0.02207736,0.4951195,0.10954597,0.023968263,0.08521712,0.4433071,0.21570069,0.035331424,2.0753603,0.038125183,1.1995705,0.0072731,0.03975426,0.045882512,0.03599769,0.048073195,0.026628267,0.40102315,0.025166824,3.8152778,0.023080587,0.1134104,0.04595221,2024-04-06 03:15:00
1.5869899,0.044109438,0.9621767,0.017302409,0.020341985,0.018570973,0.5593711,0.04295151,0.034909498,0.050248884,0.3819208,0.15382908,0.060006294,1.7700785,0.029105347,1.325997,0.019870829,0.03183344,0.03439275,0.036487155,0.04560485,0.01947568,0.50099385,0.035273567,4.1201887,0.023117933,0.02492758,0.038365528,2024-04-06 03:16:00
1.587332,0.05865982,0.8711802,0.023512106,0.065783106,0.020037677,0.56546605,0.0435615,0.027791128,0.077272736,0.4809666,0.08336148,0.054262307,1.6437333,0.03141556,1.1677151,0.02196436,0.037752572,0.051035848,0.04739763,0.050621968,0.01293103,0.6892398,0.020715402,3.931594,0.024842605,0.047137924,0.038789436,2024-04-06 03:17:00
1.6479352,0.039352983,0.74337804,0.026000991,0.022720285,0.02217557,0.5098798,0.04813985,0.026137875,0.04978341,0.44865382,0.23664191,0.023147237,1.79033,0.028796764,1.11885,0.015661262,0.039963186,0.04798668,0.036741044,0.04369457,0.013285144,0.44073975,0.021687532,3.890778,0.02245528,0.033499505,0.036103275,2024-04-06 03:18:00
1.5487385,0.046837136,0.77261215,0.019195488,0.032261875,0.015274709,0.51191914,0.052578535,0.026089694,0.051952653,0.3780171,0.29284337,0.06091107,1.7585334,0.032245547,0.8763217,0.024537371,0.021708917,0.03724534,0.044795495,0.043809783,0.017351579,0.586618,0.023651274,3.9178636,0.031474777,0.034158222,0.032334454,2024-04-06 03:19:00
1.5510235,0.039457746,0.73399305,0.018871995,0.014238991,0.020928308,0.500729,0.039786898,0.020407647,0.05546472,0.380339,0.07077896,0.055455435,1.9057031,0.03254602,0.85276043,0.041279435,0.04295001,0.04578382,0.045278307,0.05310913,0.028997077,0.4258844,0.016161991,3.8767009,0.02392734,0.040572457,0.022176601,2024-04-06 03:20:00
1.864586,0.0589709,0.762693,0.022844916,0.022460138,0.023300743,0.49809822,0.12768869,0.01873271,0.034751687,0.42596266,0.3224361,0.041168395,1.7394396,0.040351015,0.8593518,0.021127516,0.0272572,0.04033658,0.04901512,0.04553723,0.020000404,0.42325518,0.017654486,3.8909543,0.03242062,0.033641666,0.025652995,2024-04-06 03:21:00
1.8630892,0.041352637,0.7424302,0.018245034,0.021746924,0.023506988,0.5236553,0.036079135,0.020110285,0.041711073,0.4458694,0.16570163,0.028143324,1.7375022,0.038011618,0.80567783,0.015456291,0.029511368,0.039032847,0.03591144,0.03730943,0.03671027,0.41921383,0.02475897,3.8429794,0.02564475,0.05222555,0.053375658,2024-04-06 03:22:00
1.9099805,0.023593152,0.7682818,0.020398084,0.023916943,0.021765305,0.5191988,0.040763404,0.027176762,0.034297068,0.4665557,0.19086738,0.09077241,1.766256,0.031331096,0.8610518,0.022833493,0.026646398,0.041077524,0.044890076,0.049604513,0.018047396,0.44434574,0.021238236,3.8078604,0.026763465,0.024611106,0.039636467,2024-04-06 03:23:00
1.8613523,0.045870442,0.75391287,0.023003869,0.014706011,0.021727266,0.60921395,0.044067126,0.026578005,0.053616237,0.5009563,0.14527485,0.073599786,1.7310979,0.03211869,0.8617833,0.014120665,0.029459,0.03421072,0.03581738,0.04417928,0.019603482,0.4304609,0.015330298,3.9671404,0.019808548,0.025087308,0.03707182,2024-04-06 03:24:00
1.8950876,0.04462896,0.7291823,0.019430913,0.061093792,0.024011614,0.5654994,0.116427355,0.019548243,0.076230966,0.43623036,0.3032453,0.10669667,2.0979357,0.029238584,0.96163,0.013798483,0.0317392,0.05323448,0.044961955,0.034196664,0.019722588,0.4055974,0.022890959,3.9421062,0.024850246,0.02698557,0.037261184,2024-04-06 03:25:00
1.897962,0.045381777,0.71907324,0.023733791,0.015124512,0.023049869,0.53655964,0.043878317,0.01694787,0.12303314,0.46698648,0.2084292,0.029083814,1.7684679,0.038914293,0.87597156,0.013927118,0.029471356,0.039911427,0.049257845,0.03441462,0.030703325,0.42653427,0.016924951,4.0191536,0.020535996,0.025632085,0.034228567,2024-04-06 03:26:00
1.8615048,0.041771624,0.7854732,0.022456748,0.022214282,0.017375609,0.5602756,0.12413747,0.024037492,0.06195969,0.47135675,0.07349552,0.06295907,1.7136097,0.042939972,1.0277371,0.009751186,0.024878258,0.044122733,0.03595119,0.046139665,0.016697638,0.49721903,0.024025545,4.134247,0.023477463,0.04997879,0.037672233,2024-04-06 03:27:00
1.861592,0.038407605,0.7746428,0.027914153,0.02711598,0.029031437,0.5595433,0.03891815,0.02216651,0.052396085,0.42869338,0.3377431,0.02310694,1.7199376,0.029999679,1.0756316,0.019111045,0.045926012,0.040766675,0.03599142,0.04850731,0.025419844,0.47036523,0.023489496,3.815595,0.029429793,0.027405199,0.032339312,2024-04-06 03:28:00
1.860931,0.045957997,0.81004626,0.025596889,0.024359338,0.026630662,0.5084857,0.06682006,0.025743706,0.06484602,0.57754016,0.3546395,0.054615494,1.7842196,0.037294883,1.0732937,0.0290818,0.017086234,0.030730931,0.049816236,0.03778142,0.022858327,0.43263164,0.013435055,4.147194,0.020722475,0.042517293,0.03571276,2024-04-06 03:29:00
1.8595666,0.041501954,0.81992775,0.02354002,0.025348464,0.021789122,0.619361,0.050148204,0.028761525,0.04446514,0.51019526,0.19933675,0.04353393,1.7547978,0.031136844,1.0668358,0.026342073,0.02099767,0.06862693,0.039907422,0.038347866,0.019616544,0.4448859,0.019529803,3.918837,0.02658317,0.05797182,0.037348136,2024-04-06 03:30:00
1.9735905,0.04362708,0.77856994,0.014663551,0.024293646,0.12961674,0.50324476,0.042821128,0.024640616,0.04217803,0.43383285,0.2588474,0.024804115,1.7588006,0.039086133,1.0573978,0.016916722,0.018943071,0.043124747,0.044969443,0.05086816,0.015079713,0.47932696,0.020220622,3.7197342,0.02604448,0.038395997,0.034418173,2024-04-06 03:31:00
1.9025452,0.041240353,0.90370756,0.018848205,0.03144971,0.036171813,0.46894428,0.04347031,0.021185564,0.09354795,0.59111124,0.09013669,0.062034033,2.1514063,0.046397824,1.0385703,0.020911653,0.030831998,0.038393777,0.05377951,0.034622245,0.029989386,0.45519525,0.02853047,3.7575467,0.02878331,0.039082784,0.03768214,2024-04-06 03:32:00
1.8229358,0.058593772,0.8383362,0.029331522,0.017266622,0.024298351,0.4777819,0.04459048,0.027143626,0.037292026,0.6720008,0.33704183,0.03120486,1.9510318,0.04045553,1.0845404,0.023564313,0.026093533,0.04635457,0.04476875,0.051552854,0.026890965,0.4360603,0.016280437,3.6941376,0.027124552,0.034994256,0.040900417,2024-04-06 03:33:00
1.7890022,0.042327277,0.78171855,0.014562045,0.027395256,0.017166836,0.49286583,0.052969623,0.017359078,0.05804852,0.5569761,0.32391697,0.040013026,1.7448612,0.032308232,1.1052037,0.028925827,0.033827987,0.04530173,0.036446415,0.039497647,0.019023135,0.47242358,0.020701189,3.6112225,0.027774109,0.03671548,0.037242956,2024-04-06 03:34:00
1.7791216,0.05985768,0.8119495,0.016271746,0.025478873,0.025720788,0.5379656,0.07618861,0.021983432,0.14489113,0.58932704,0.28935,0.037548695,2.070228,0.030792642,1.1252139,0.02881138,0.029154977,0.050006997,0.036216024,0.050407656,0.019906646,0.4539115,0.021833975,3.5594096,0.026838101,0.0326119,0.038176432,2024-04-06 03:35:00
1.7794328,0.05250064,0.8359152,0.021400932,0.01644826,0.018512383,0.49834555,0.04177325,0.025538292,0.04816615,0.56417346,0.07550889,0.032248788,1.8244652,0.02820027,1.1761398,0.016829325,0.018629365,0.056533087,0.044897575,0.049662925,0.029711124,0.50410086,0.022265887,3.7408724,0.027002933,0.033009034,0.033874843,2024-04-06 03:36:00
1.777739,0.04491578,0.9073376,0.022308618,0.020143317,0.02531531,0.5422436,0.043739397,0.026817042,0.046835374,0.5912562,0.15085527,0.07999228,1.7353388,0.027277004,1.157075,0.015874567,0.0349092,0.049194824,0.045237627,0.052248303,0.015460299,0.4318117,0.018610142,3.7502139,0.024946455,0.037381373,0.05931656,2024-04-06 03:37:00
1.7780297,0.03453803,0.7619784,0.01715018,0.020652067,0.024461444,0.48412645,0.048161097,0.022198906,0.034971174,0.5638018,0.14062072,0.038352385,1.760438,0.04168432,1.1690849,0.020454748,0.033887245,0.028962102,0.04146402,0.043537866,0.018396495,0.40661618,0.028967371,3.674798,0.037152253,0.03610589,0.035153985,2024-04-06 03:38:00
1.7422967,0.03722633,0.6477551,0.01503099,0.019871082,0.021485157,0.53768826,0.034221526,0.025874952,0.0626525,0.5721578,0.16240163,0.020634733,2.127162,0.01823249,1.1615441,0.01308941,0.03676336,0.04990319,0.035641707,0.043926876,0.016565844,0.49797675,0.016667986,3.6912656,0.021234749,0.04077583,0.034251522,2024-04-06 03:39:00
1.7945956,0.037471462,0.6699245,0.019187523,0.014293429,0.03369685,0.43838918,0.05416012,0.021926753,0.027909392,0.5255573,0.26737198,0.02738192,1.7974962,0.028932352,1.1040716,0.024093917,0.03194315,0.040774368,0.05108775,0.03580044,0.019646058,0.67953235,0.03007298,3.6927109,0.02919443,0.08029997,0.037017383,2024-04-06 03:40:00
1.7498286,0.04021004,0.75451577,0.019792544,0.02181559,0.02048921,0.41929576,0.11197131,0.023286691,0.05154229,0.5520828,0.20487688,0.07402755,1.7398659,0.036487266,1.1705542,0.01532553,0.03875188,0.04885381,0.046593662,0.032619264,0.024413455,0.4772027,0.018722327,3.6597085,0.038796294,0.043532852,0.037281916,2024-04-06 03:41:00
1.7085763,0.02476157,0.8727444,0.029893257,0.025691701,0.021758158,0.55716366,0.044079218,0.036988087,0.04713328,0.42402533,0.27764007,0.02473988,2.0461466,0.02542615,1.2239188,0.021631991,0.026829014,0.06800334,0.03865171,0.047500916,0.028167913,0.79500276,0.030532788,3.6683142,0.023853231,0.038662035,0.03856356,2024-04-06 03:42:00
1.6790287,0.046176773,0.90930265,0.016460208,0.02399473,0.012885175,0.484852,0.048004925,0.02268598,0.058393933,0.46842855,0.25413588,0.1388201,1.7248342,0.030037977,1.280469,0.014600467,0.037768774,0.050761066,0.036148403,0.038019024,0.019705264,0.7124904,0.012519089,3.6757853,0.02296916,0.02470889,0.035222217,2024-04-06 03:43:00
1.698625,0.024226602,0.95725435,0.014572807,0.024869908,0.01769428,0.45008266,0.048635975,0.028564362,0.045853384,0.43314415,0.34609902,0.026928404,2.063933,0.014083407,1.2363569,0.029202085,0.028633112,0.035042737,0.040884566,0.16016595,0.013946127,0.74898857,0.015211425,3.794961,0.026063139,0.030887216,0.032659624,2024-04-06 03:44:00
1.7506987,0.067550555,0.9452653,0.020756979,0.02317984,0.0236143,0.50087065,0.04699483,0.016935138,0.04892653,0.42636645,0.3622,0.10007975,2.106811,0.0305676,1.2354604,0.023213051,0.03377719,0.043618307,0.044910703,0.052484028,0.030630695,0.59879315,0.022556288,3.8105783,0.022833621,0.048990905,0.03466902,2024-04-06 03:45:00
1.7157651,0.045427468,0.92574173,0.035616588,0.026567891,0.019706855,0.45421463,0.037138537,0.018302282,0.088610984,0.61545163,0.19341838,0.052133486,2.124417,0.026302913,1.2324919,0.011666633,0.030812493,0.0785674,0.04497598,0.034669295,0.017940713,0.5288745,0.020866701,3.6896157,0.019621171,0.04268725,0.038331594,2024-04-06 03:46:00
1.7211844,0.024073921,0.9097169,0.019098125,0.022109201,0.021675803,0.4922032,0.05363437,0.018729258,0.098383725,0.57810265,0.18629788,0.02578037,1.7845032,0.014588574,1.3497612,0.013410623,0.03244167,0.08886923,0.040473808,0.047084857,0.022872621,0.7011895,0.015266941,3.7260115,0.024670238,0.057189226,0.033176273,2024-04-06 03:47:00
1.681782,0.037339147,0.9199259,0.018997319,0.023518171,0.024719248,0.4576241,0.13593888,0.02399984,0.0691756,0.4587714,0.088992745,0.045993354,2.1355875,0.016262563,1.3416517,0.008190221,0.036126677,0.08092272,0.036889836,0.049334805,0.019590076,0.5165998,0.032448005,3.7342932,0.02522903,0.033200853,0.04045117,2024-04-06 03:48:00
1.683062,0.04129918,0.96079993,0.019951932,0.05484126,0.0234426,0.5846411,0.107947454,0.025275193,0.058986604,0.4465,0.27984473,0.037159953,1.7441757,0.022253077,1.3536043,0.015990626,0.04008878,0.08080762,0.045962814,0.050686684,0.016031941,0.50999224,0.03382575,3.8163838,0.032582913,0.035084404,0.03547448,2024-04-06 03:49:00
1.7206281,0.11190038,0.96116316,0.017181689,0.024867738,0.12878203,0.44979623,0.04476848,0.014954456,0.0705848,0.4698718,0.078684226,0.023931105,1.7270741,0.020053964,1.3438894,0.012006735,0.025373679,0.066961624,0.03618578,0.05130896,0.0367077,0.7498102,0.0191881,3.8698626,0.018842578,0.036078148,0.025422685,2024-04-06 03:50:00
1.7212301,0.030827079,0.8980381,0.0210004,0.016499361,0.022165474,0.44671413,0.1906283,0.050497904,0.052086074,0.45566016,0.091176204,0.04837048,2.1514199,0.02396425,1.433984,0.010284848,0.027674137,0.076910876,0.045122888,0.04511334,0.02499557,0.7430666,0.019825231,3.7997968,0.055113774,0.052833915,0.035276897,2024-04-06 03:51:00
1.7501861,0.04088928,0.97181225,0.02591045,0.023236554,0.018066073,0.48477575,0.098500356,0.021586454,0.07689042,0.46664217,0.37066978,0.024684453,2.0414362,0.028842483,1.5881934,0.01666091,0.023749748,0.065614596,0.036406737,0.03326402,0.02352804,0.7847614,0.022716053,3.8294916,0.026631445,0.030675301,0.039007183,2024-04-06 03:52:00
1.7202882,0.060655504,0.9788003,0.02257943,0.035921916,0.019770179,0.6679845,0.17624347,0.016603502,0.04648872,0.49082446,0.32775941,0.06778873,1.7420486,0.017907048,1.6096195,0.026540065,0.022876685,0.06735754,0.037104964,0.040859323,0.020859983,0.5221992,0.019908553,3.906198,0.024256278,0.024464265,0.058473483,2024-04-06 03:53:00
1.7208371,0.045847595,0.8347518,0.015427532,0.03672463,0.016938211,0.49653018,0.03633669,0.023298759,0.07860241,0.45635927,0.20762298,0.027600175,2.1111946,0.020504344,1.6827945,0.036583878,0.04098556,0.07784552,0.036316756,0.04987745,0.030713052,0.5103743,0.036428824,3.7593315,0.028047124,0.039712507,0.035652027,2024-04-06 03:54:00
1.7213312,0.046282258,0.72854763,0.018763933,0.02585182,0.02124557,0.42239156,0.060134977,0.019011788,0.055725347,0.45585215,0.18032692,0.049719587,1.7505498,0.016049143,1.882244,0.0153648695,0.016354868,0.048513446,0.053523153,0.047121342,0.022679865,0.65946025,0.033216085,3.798478,0.022491816,0.033601772,0.036581866,2024-04-06 03:55:00
1.8393197,0.04433792,1.0309118,0.02068009,0.027578197,0.47966626,0.5018428,0.055949192,0.018489178,0.07767296,0.5604373,0.21680236,0.029959839,1.9085234,0.034991246,1.8903329,0.014935483,0.029444534,0.056914907,0.04384317,0.051443193,0.024435006,0.71758944,0.022195604,3.9633262,0.027569437,0.033772133,0.03360513,2024-04-06 03:56:00
1.8233067,0.040904842,0.8254877,0.042495713,0.01884379,0.02682502,0.4842445,0.034079235,0.029636601,0.06319458,0.5265009,0.3342775,0.042476032,1.7926934,0.02311345,1.9486947,0.02998378,0.026183417,0.033554357,0.04476001,0.058751065,0.017915133,0.5343658,0.026044102,3.8375392,0.027870288,0.047268584,0.036637902,2024-04-06 03:57:00
1.7622477,0.042904623,0.68259555,0.016760608,0.022059811,0.018821308,0.39646274,0.09257053,0.020113956,0.12503748,0.58866876,0.26254144,0.05177611,1.9947866,0.019374229,1.9462593,0.013871577,0.032667205,0.064065,0.035891857,0.04846638,0.022612821,0.7910986,0.02269306,3.91214,0.019633457,0.03472742,0.038080305,2024-04-06 03:58:00
1.7667265,0.040691826,0.59789723,0.04138683,0.02111921,0.020772152,0.42976844,0.04018932,0.025768364,0.09844443,0.6120627,0.0590689,0.053661674,1.7449694,0.023574637,1.9626514,0.032197,0.030478068,0.05984294,0.045060292,0.046290107,0.03580258,0.5042926,0.018557277,3.8763618,0.02614192,0.033102922,0.037490495,2024-04-06 03:59:00
1.795469,0.038811766,0.6422852,0.022871083,0.03594827,0.025098482,0.4470957,0.04028821,0.048763264,0.05455375,0.6194855,0.34113127,0.033564135,1.707439,0.016698508,1.903849,0.024146216,0.02346404,0.040258747,0.036272626,0.042027537,0.015079551,0.69736254,0.023085777,3.9860828,0.023210369,0.025128258,0.03525372,2024-04-06 04:00:00
1.8012917,0.044534527,0.6521745,0.020797607,0.026272364,0.029181467,0.4707118,0.042976566,0.017322965,0.05940811,0.5644324,0.35232693,0.06069588,1.7644114,0.0130945025,1.7021762,0.013761437,0.035167765,0.039432738,0.04480403,0.041162502,0.018350406,0.73051447,0.021103997,3.895269,0.024147557,0.02435726,0.045136735,2024-04-06 04:01:00
1.7654399,0.04408234,0.6512571,0.020148784,0.022306677,0.022031192,0.4186983,0.07811607,0.02475371,0.06368738,0.5852736,0.33418715,0.03445325,1.7362554,0.031972986,1.4643118,0.018035663,0.023387216,0.050765075,0.044885516,0.04775488,0.019510057,0.5505976,0.023605756,3.9399042,0.027241215,0.03269749,0.03628927,2024-04-06 04:02:00
1.7630265,0.04033907,0.64155143,0.030829148,0.03256815,0.046545345,0.4026615,0.032281384,0.025223976,0.058300078,0.48926288,0.145872,0.08416863,1.7966325,0.016681122,1.375622,0.022352962,0.02951011,0.05062808,0.047284126,0.051931422,0.0335446,0.50285125,0.04377318,3.8703914,0.023501057,0.024975795,0.038310755,2024-04-06 04:03:00
1.8365405,0.0435756,0.706952,0.02724341,0.037033286,0.018603314,0.4138917,0.049702473,0.030982878,0.03758644,0.52652264,0.30035812,0.068309605,2.0744252,0.019625507,1.3865335,0.02156478,0.027820412,0.07114827,0.040800955,0.05853273,0.027139308,0.7927922,0.023011118,4.11317,0.019714287,0.07228625,0.04411423,2024-04-06 04:04:00
1.7866902,0.03632417,0.7296959,0.016570406,0.020450141,0.017991394,0.3887061,0.046431392,0.02288931,0.06030065,0.39756727,0.3136601,0.036442775,1.8091532,0.026314812,1.3551879,0.028630378,0.02749237,0.025342723,0.05150806,0.05932117,0.024193661,0.8515445,0.025308419,4.0545006,0.02501178,0.028254746,0.034120243,2024-04-06 04:05:00
1.7816638,0.0402323,0.7531158,0.020622566,0.028562825,0.020871181,0.39561427,0.16675748,0.025017137,0.06735356,0.04217732,0.38934147,0.08233294,2.140751,0.0190165,1.3222941,0.019405695,0.03592347,0.0491713,0.039993722,0.060442198,0.029830266,0.5141739,0.023421515,4.059872,0.02191439,0.07106605,0.035542935,2024-04-06 04:06:00
1.8373802,0.058801338,0.7229188,0.020404125,0.02165144,0.024831215,0.40940848,0.043186817,0.024785744,0.05538617,0.046002183,0.1146719,0.12130513,1.9377095,0.018074255,1.3216683,0.024761474,0.032405782,0.04972213,0.038902923,0.045647524,0.014785604,0.47043183,0.037739005,3.9421518,0.030262638,0.054808006,0.03689129,2024-04-06 04:07:00
1.8324444,0.032859497,0.74596554,0.019659178,0.025319794,0.018895322,0.41998553,0.043087803,0.016387993,0.056340408,0.030212797,0.29849073,0.03158915,2.0579515,0.01758333,1.3054574,0.020629266,0.014999105,0.050065245,0.040310305,0.03288511,0.029268365,0.7538834,0.029655686,3.999092,0.019035641,0.056991123,0.035414975,2024-04-06 04:08:00
1.7905824,0.04498148,0.72479254,0.018959094,0.035348155,0.021821603,0.42038924,0.07324742,0.02327644,0.044136122,0.04533387,0.20872492,0.082553774,1.7978199,0.02293859,1.3136241,0.007556019,0.027130377,0.05256494,0.045809712,0.04488333,0.022250466,0.71819293,0.0204117,4.1537848,0.02501709,0.04867287,0.025770064,2024-04-06 04:09:00
1.7626522,0.045007575,0.7301343,0.016492462,0.022838078,0.020610746,0.40963566,0.04344252,0.03550507,0.06144244,0.05580913,0.107358314,0.01891587,1.7548956,0.022247834,1.1890875,0.0153441,0.03160892,0.058921523,0.045128122,0.043805808,0.02792596,0.51108694,0.031780858,4.6879396,0.031697348,0.03623259,0.094716586,2024-04-06 04:10:00
1.76298,0.043592364,0.72279686,0.015298921,0.02052118,0.024226744,0.3563956,0.08091444,0.025011115,0.06960261,0.03906371,0.22494625,0.032122757,2.1153793,0.047059514,1.1916012,0.014687935,0.02716792,0.046120513,0.05236278,0.046894386,0.01890908,0.5755228,0.019721612,4.1358237,0.025276514,0.032439858,0.02452493,2024-04-06 04:11:00
1.7631112,0.045018315,0.72218907,0.017425466,0.031472385,0.018796764,0.42033598,0.04773796,0.018546684,0.053313658,0.08513899,0.21740475,0.06407427,2.0700612,0.027335051,1.295225,0.018030262,0.024011597,0.040623322,0.04500069,0.114674486,0.020300403,0.76019365,0.03379951,4.1834154,0.021997845,0.021988347,0.02088735,2024-04-06 04:12:00
1.7621901,0.02449144,0.74721104,0.017876863,0.02629633,0.022471003,0.35570908,0.061136957,0.026397537,0.067154884,0.07418626,0.21996626,0.026426053,1.8003867,0.02642193,1.2865207,0.024702426,0.017786287,0.045643635,0.050444894,0.060607634,0.014959869,0.51111424,0.017863292,4.322867,0.025480349,0.03586878,0.01298253,2024-04-06 04:13:00
1.7578644,0.08729498,0.7489646,0.016855199,0.018508678,0.07496184,0.26004106,0.0345065,0.022528842,0.063205,0.07733547,0.39491412,0.06948549,2.2612004,0.02650038,1.3831073,0.016121654,0.027581431,0.04318479,0.04571198,0.04552666,0.0133674815,0.4977029,0.01668495,4.123878,0.03893387,0.031426635,0.020874145,2024-04-06 04:14:00
1.7638608,0.04815057,0.83727705,0.016668476,0.022068327,0.02391829,0.2532302,0.037909847,0.025507066,0.061215468,0.0687352,0.16480067,0.035924707,1.7506213,0.025148096,1.370062,0.014613312,0.044695154,0.045528594,0.05044679,0.04831452,0.030626653,0.4582174,0.015939428,4.074874,0.024959298,0.03212119,0.03820454,2024-04-06 04:15:00
1.7624545,0.08396627,0.8022959,0.020654982,0.019946154,0.10634479,0.2430508,0.044592097,0.020433677,0.058092453,0.122557,0.08892985,0.024960002,1.7649709,0.03483118,1.4204049,0.03765929,0.022797925,0.03872609,0.036202297,0.05469661,0.010488248,0.7247727,0.04906848,4.022823,0.028808102,0.031775054,0.036160223,2024-04-06 04:16:00
1.7650479,0.046064332,0.86444736,0.01902869,0.020641131,0.024387812,0.24605784,0.09314138,0.02619432,0.065312006,0.16068102,0.246949,0.028650278,1.7341256,0.032983452,1.4142729,0.008964876,0.024617301,0.05068154,0.036400683,0.048757628,0.040873885,0.5170709,0.024423065,4.2249947,0.028042657,0.03296024,0.03574919,2024-04-06 04:17:00
1.7604296,0.05051486,1.0907774,0.018312281,0.01068011,0.03054042,0.350964,0.029329363,0.026266309,0.060039684,0.1613771,0.29117128,0.027185706,1.6670549,0.030423833,1.4949434,0.010386946,0.01621609,0.042093746,0.03592674,0.046326205,0.029774671,0.50473124,0.026669791,4.230375,0.025587842,0.040515997,0.0392275,2024-04-06 04:18:00
1.7894671,0.044307426,1.0951687,0.018499948,0.008060877,0.022687493,0.32356036,0.0895871,0.01715141,0.055355806,0.16175662,0.22482301,0.033723366,1.7655901,0.028948758,1.56212,0.018793168,0.032275993,0.042080052,0.03565157,0.048965886,0.022998918,0.9851523,0.017445056,4.224579,0.020551704,0.024311531,0.037374865,2024-04-06 04:19:00
1.760515,0.042128686,1.1028082,0.02319644,0.021524446,0.025219493,0.28606486,0.0455552,0.020033088,0.06792914,0.20600589,0.17425819,0.055242963,1.7329648,0.030593706,1.5687088,0.014053101,0.01745047,0.048141036,0.035680532,0.044745363,0.01898663,0.7283791,0.017073452,4.404651,0.034851287,0.03270815,0.032611746,2024-04-06 04:20:00
1.762073,0.05005264,1.2344162,0.040147197,0.015493219,0.094024085,0.22425365,0.044920355,0.01483825,0.12517847,0.20580935,0.08950385,0.086220846,1.7369918,0.03518362,1.6317843,0.017042993,0.04556307,0.04634752,0.04557806,0.045433693,0.013392039,0.721995,0.01698807,3.9383097,0.028271612,0.032127175,0.031431057,2024-04-06 04:21:00
1.7941751,0.04371087,1.2522777,0.15601687,0.019027635,0.021045089,0.30677432,0.050993606,0.025637235,0.06378687,0.11335395,0.3586926,0.07828045,1.7471408,0.016503336,1.6333439,0.025070906,0.027133444,0.04039464,0.044928424,0.04628065,0.020441392,0.48414722,0.021599317,3.995488,0.017781768,0.040830724,0.0412856,2024-04-06 04:22:00
1.8009945,0.11026748,1.2505593,0.023658182,0.03072114,0.020720756,0.22615981,0.043275416,0.022535704,0.0533095,0.110142194,0.10240491,0.025982317,1.7416834,0.024747873,1.6318321,0.020351622,0.027379839,0.04784936,0.03633715,0.058687054,0.017632788,0.7645266,0.06277403,3.9149048,0.025003672,0.03803823,0.03506335,2024-04-06 04:23:00
1.8291405,0.0442925,1.244574,0.017957838,0.025104612,0.023096247,0.24348444,0.042904463,0.026234478,0.109893285,0.105558634,0.16119511,0.040305737,1.7549415,0.02983606,1.6618121,0.018325934,0.02227943,0.03450037,0.036105677,0.048203267,0.02003636,0.7517591,0.023016859,3.9862027,0.017907253,0.023252752,0.03559377,2024-04-06 04:24:00
1.8026338,0.052152086,1.3075142,0.029259091,0.01857052,0.019461038,0.22899203,0.04484034,0.026284287,0.060673285,0.09770515,0.1269359,0.05707927,1.6634822,0.029119998,1.7221996,0.019468125,0.030485716,0.05142211,0.03596525,0.06322586,0.021275057,0.53874135,0.023232538,3.9294431,0.022059144,0.0284566,0.03642905,2024-04-06 04:25:00
1.7980987,0.045013897,1.2611623,0.018077554,0.024728298,0.022320064,0.23192137,0.053887285,0.027190818,0.04388118,0.2153475,0.21241446,0.033066783,1.7623434,0.03170774,1.7167377,0.022949489,0.025179181,0.040620618,0.04484848,0.04534122,0.019890124,0.55111414,0.02515486,4.1470146,0.02707088,0.06449321,0.035210993,2024-04-06 04:26:00
1.8001125,0.1487184,1.1996055,0.021368783,0.026630972,0.024353288,0.2626739,0.042998973,0.023927795,0.049709287,0.18234843,0.06803013,0.03976388,2.0920346,0.02301275,1.7147583,0.011815942,0.03300784,0.045953207,0.042986482,0.062376615,0.016417798,0.57639796,0.027098441,4.065396,0.029344196,0.03231707,0.034254592,2024-04-06 04:27:00
1.7652403,0.047276832,1.2362053,0.028590197,0.078374475,0.020738924,0.33138812,0.041270938,0.026036115,0.051759347,0.11728421,0.24503279,0.028178895,1.6411868,0.025315017,1.7103297,0.026354417,0.02152248,0.046402592,0.039724242,0.051306088,0.026558006,0.7628534,0.015502442,4.1289396,0.026135186,0.03279197,0.0386356,2024-04-06 04:28:00
1.8110248,0.04606758,1.2750576,0.13992374,0.029271407,0.022441842,0.22593367,0.037055884,0.020523962,0.052540075,0.07613583,0.16600266,0.042413007,1.7721006,0.026410194,1.7052156,0.030440584,0.028246235,0.052101057,0.036158815,0.05713594,0.028540745,0.7216302,0.022503376,4.1617594,0.024520462,0.023206301,0.039631784,2024-04-06 04:29:00
1.8090603,0.053280078,1.2854556,0.01436342,0.020234039,0.022875357,0.22345558,0.048591346,0.020249888,0.060778864,0.07680543,0.09349818,0.06381465,2.1593108,0.024302276,1.7341273,0.012391709,0.025138976,0.053214937,0.05035455,0.049149845,0.021069326,0.7026823,0.021420913,4.06503,0.028383862,0.07506361,0.031644247,2024-04-06 04:30:00
1.7709094,0.050106112,1.2379214,0.026986782,0.020628035,0.021480447,0.28649807,0.046609603,0.0361894,0.041784406,0.09803117,0.3264142,0.023217907,1.7614889,0.032915678,1.8161478,0.008715596,0.028181786,0.047979906,0.04521574,0.036929544,0.031997327,0.5901243,0.013934371,4.0467906,0.025210202,0.06050861,0.033196248,2024-04-06 04:31:00
1.7749904,0.04692377,1.2406588,0.020272883,0.022467256,0.021526253,0.2300735,0.032063022,0.019679684,0.04058362,0.09870182,0.11296195,0.035827518,1.7362858,0.021921454,1.7981251,0.014751838,0.028100891,0.053652238,0.044832736,0.044244904,0.017114878,0.79358536,0.019758273,3.8709087,0.02648287,0.032576595,0.037016943,2024-04-06 04:32:00
1.7793542,0.075146005,1.2260758,0.026341716,0.031516805,0.030975794,0.23609169,0.044584982,0.019107379,0.05435055,0.10391589,0.06922198,0.04708572,1.6941092,0.014557959,1.7925234,0.018047376,0.03467031,0.05513261,0.044935487,0.045013618,0.019105237,0.69554484,0.019863037,4.053801,0.02414651,0.036926035,0.03945427,2024-04-06 04:33:00
1.7783631,0.0994641,1.2824408,0.014065083,0.026450953,0.0201066,0.22085562,0.05884915,0.018673085,0.051159423,0.09066925,0.18525411,0.06703503,1.7142171,0.021435255,1.7152377,0.021260161,0.027189625,0.054912657,0.036073186,0.056212638,0.016758453,0.619777,0.023867574,4.0078297,0.024367828,0.048103444,0.03773311,2024-04-06 04:34:00
1.8112658,0.09512391,1.3591943,0.018084927,0.012971867,0.023399247,0.25797623,0.036687292,0.021779431,0.10367283,0.09627543,0.13904133,0.029138884,1.9817545,0.016962934,1.7580545,0.008195768,0.032827195,0.05441075,0.04490511,0.048649367,0.029515503,0.52766407,0.019136865,4.0796556,0.029169366,0.0338365,0.051428404,2024-04-06 04:35:00
1.8114643,0.046016198,1.2488524,0.016834553,0.020873925,0.02447446,0.26356238,0.09258642,0.02570193,0.07644342,0.08579505,0.199207,0.031830076,1.8173628,0.030986754,1.8348559,0.016464291,0.033692066,0.052983843,0.036294617,0.049454756,0.020441175,0.6452332,0.01946263,4.5682373,0.022144323,0.031770404,0.034657557,2024-04-06 04:36:00
1.8118776,0.048427038,1.1703249,0.016919425,0.025876714,0.022603404,0.26567563,0.046630535,0.026481098,0.04206767,0.083833456,0.30266884,0.020328395,1.7874666,0.015263743,1.8690217,0.016402952,0.02799717,0.057806723,0.036024675,0.050568413,0.01770885,0.75315964,0.033164147,4.415836,0.01906788,0.02254584,0.04352786,2024-04-06 04:37:00
1.8141447,0.054354265,1.1350207,0.015870636,0.027244756,0.017470961,0.22587891,0.05735298,0.026281977,0.08829829,0.054911483,0.09646103,0.06233973,1.7350007,0.022433832,2.0192742,0.017995901,0.035023306,0.061520837,0.04497042,0.04916438,0.018945588,0.48704195,0.024974756,4.213098,0.024758257,0.0325384,0.037468605,2024-04-06 04:38:00
1.8131475,0.046008397,1.0812273,0.0396256,0.029607529,0.027043264,0.2800064,0.124227256,0.056675926,0.07241806,0.046085317,0.18234211,0.028796196,1.6733679,0.014861471,1.911942,0.02947345,0.041386403,0.063434795,0.044992194,0.04849058,0.028700434,0.5647109,0.025001068,4.3306465,0.022907458,0.033494942,0.041139264,2024-04-06 04:39:00
1.8108137,0.04910243,1.0235143,0.027412022,0.024013177,0.02353972,0.22079179,0.0483398,0.024910167,0.05632565,0.06311149,0.08615611,0.026018746,1.7753845,0.0172123,1.9359382,0.016714767,0.028185664,0.05770382,0.04494542,0.045771565,0.025573848,0.5278903,0.021211507,4.1183543,0.02382,0.02225823,0.043567967,2024-04-06 04:40:00
1.8118616,0.047094394,0.9530993,0.027932426,0.023384137,0.02160539,0.32440352,0.04718381,0.025278464,0.03994311,0.086729825,0.36239085,0.07361622,1.9658651,0.018267253,2.0909784,0.014681051,0.02121259,0.051778715,0.044727627,0.039493717,0.025482379,0.5305858,0.027533645,4.003082,0.029393125,0.025462871,0.034774877,2024-04-06 04:41:00
1.8109825,0.042782128,0.96206737,0.024326138,0.034223486,0.015077578,0.28681326,0.05906506,0.025120076,0.05177967,0.03951067,0.07065635,0.037577335,1.7763335,0.013968105,1.9391446,0.0074824984,0.035665736,0.06906243,0.04557334,0.050407954,0.024139311,0.49188587,0.015198559,3.7084439,0.031127295,0.031736888,0.03484141,2024-04-06 04:42:00
1.8105726,0.04728958,0.97939116,0.020984545,0.01990283,0.017360518,0.2661299,0.043478772,0.026247058,0.052030772,0.089064084,0.20245169,0.08429969,1.7064092,0.034677304,1.9394746,0.023213044,0.028392116,0.053960837,0.05104414,0.03667344,0.022504577,0.7512373,0.025512734,4.119521,0.029569477,0.03025899,0.0346074,2024-04-06 04:43:00
1.8089583,0.045941114,1.027907,0.024999367,0.042244732,0.019911245,0.25467634,0.049070243,0.020305771,0.05895658,0.084334664,0.19041541,0.030964876,1.7580045,0.04075019,1.934934,0.035534695,0.019085035,0.04801361,0.035769086,0.04655995,0.020737989,0.7527793,0.01879232,4.0287094,0.030192658,0.04984822,0.032902453,2024-04-06 04:44:00
1.8165758,0.04553801,1.1609278,0.019952502,0.03816454,0.016967703,0.25256544,0.05636228,0.06821433,0.062616035,0.09984997,0.35362688,0.046875108,1.7350801,0.029241113,1.9350882,0.031679567,0.033267595,0.07278565,0.047157247,0.037467726,0.02635827,0.49397737,0.019842967,4.1900043,0.03596644,0.025901603,0.036192115,2024-04-06 04:45:00
1.8507518,0.050471377,1.1280099,0.02406527,0.02849909,0.029760094,0.24654177,0.13092184,0.015750429,0.11817333,0.09972461,0.22207431,0.06281334,1.7300866,0.026624385,1.859079,0.017668799,0.028052835,0.043197304,0.035832968,0.03839356,0.02380705,0.7284919,0.025689222,4.1919527,0.024520712,0.022577586,0.04542904,2024-04-06 04:46:00
1.8147339,0.0720841,1.1337888,0.19264677,0.016507968,0.024471566,0.24799025,0.04811494,0.5499368,0.0773741,0.100372344,0.09853768,0.03569599,1.7363951,0.029003873,1.7675688,0.015905866,0.034203093,0.04218202,0.04123928,0.03991638,0.019750047,0.72238237,0.029089054,4.2387786,0.026357504,0.037454303,0.032911994,2024-04-06 04:47:00
1.8119241,0.04341735,1.1548584,0.027529703,0.018631233,0.019547159,0.25554496,0.045260884,0.03174999,0.049803317,0.07368108,0.20446956,0.043150105,1.7641301,0.01720499,1.8202416,0.021278735,0.032456663,0.04253491,0.036908075,0.035183854,0.02076228,0.47237808,0.024309129,4.2854214,0.02253064,0.023811322,0.032702107,2024-04-06 04:48:00
1.8569802,0.06765097,1.2027321,0.15901053,0.03357578,0.019795924,0.25069365,0.04776459,0.022099532,0.06669536,0.13408437,0.10682919,0.032185264,1.7356604,0.029987363,1.8664253,0.019757656,0.028326118,0.043607105,0.04591522,0.045263577,0.021370543,0.5259662,0.024172919,4.295717,0.024562864,0.023448223,0.03809003,2024-04-06 04:49:00
1.8535659,0.05064466,1.2406986,0.021793803,0.02392128,0.022300936,0.28612742,0.04578722,0.031653278,0.05619337,0.08839079,0.34873226,0.026344577,1.780336,0.026869364,1.8395303,0.01898051,0.0247346,0.04245033,0.04182106,0.035365857,0.020858223,0.7005607,0.022843365,4.389762,0.022916282,0.019302307,0.036639657,2024-04-06 04:50:00
1.854707,0.048318572,1.2310827,0.017536594,0.023674458,0.024143254,0.25257707,0.03707874,0.019559778,0.039538093,0.048500553,0.32864758,0.10059426,1.8905951,0.024980396,1.8378208,0.0160269,0.020826207,0.027303126,0.035679292,0.038063772,0.021770153,0.7989244,0.031821955,4.1562243,0.029736975,0.033764146,0.038211554,2024-04-06 04:51:00
1.8161237,0.0566284,1.1221735,0.025713388,0.023157844,0.014684528,0.26195106,0.0745115,0.01975749,0.13102181,0.11841469,0.21871355,0.05268968,1.7591039,0.0294957,2.1083298,0.007047964,0.02741982,0.044034414,0.041049767,0.095371746,0.021399437,0.7237962,0.023236714,4.1817117,0.023033746,0.034602553,0.038586114,2024-04-06 04:52:00
1.8131778,0.045636922,1.074888,0.018222133,0.014855867,0.024359403,0.25142378,0.037205014,0.020824548,0.062914826,0.057950266,0.13984317,0.06659153,2.11325,0.03150215,2.114788,0.013798869,0.016650084,0.04185043,0.04608749,0.035726067,0.028318144,0.5600819,0.018257648,4.275716,0.023154441,0.024188327,0.034992404,2024-04-06 04:53:00
1.8428693,0.050046884,0.85731065,0.01836163,0.034022838,0.013164473,0.24179932,0.04966384,0.042747617,0.048229415,0.040178142,0.23236373,0.05158934,1.7816434,0.021687645,2.1846564,0.029544462,0.02327059,0.026275704,0.042616412,0.03687602,0.02377728,0.68384814,0.03330455,4.1710653,0.021344367,0.024389852,0.037635475,2024-04-06 04:54:00
1.8169404,0.07394096,1.1560106,0.03088875,0.025017072,0.017809048,0.15997708,0.10921541,0.01884407,0.08086944,0.15544182,0.09911975,0.058219183,1.6813697,0.14748271,2.4965408,0.026653307,0.015950007,0.053868283,0.044809874,0.04228691,0.023982242,0.77340424,0.014917821,4.332941,0.029426297,0.027386623,0.03790562,2024-04-06 05:39:00
1.8490729,0.050535128,1.185819,0.014339412,0.020804163,0.024319708,0.16230209,0.053476743,0.018667165,0.04604975,0.137435,0.32627273,0.03531801,1.7208548,0.15464029,2.2684274,0.03051497,0.025929164,0.03298223,0.042196948,0.046486873,0.020370806,0.73386127,0.031670906,4.332922,0.024257602,0.07823311,0.037942223,2024-04-06 05:40:00
1.7760785,0.043934025,1.1691484,0.018639088,0.028828552,0.017640771,0.16033213,0.038854726,0.01924061,0.05539059,0.4182281,0.23105712,0.026564028,2.0467057,0.2103353,1.8404135,0.016726086,0.02786231,0.04970747,0.054636933,0.053917233,0.016993439,0.52712286,0.019783499,4.3896856,0.02497485,0.035452295,0.037029866,2024-04-06 05:41:00
1.7847857,0.10166692,1.2020214,0.020672064,0.01670133,0.02289644,0.16123122,0.05309524,0.019093927,0.05901511,0.48014134,0.38432756,0.044295393,2.0466332,0.20002058,1.6477973,0.02368895,0.024107585,0.02787038,0.036441643,0.038142897,0.02145302,0.70100033,0.02415781,4.439446,0.02674007,0.039468504,0.037949048,2024-04-06 05:42:00
1.7853909,0.04596096,1.1802168,0.021143004,0.037836734,0.029255776,0.16265295,0.043541644,0.026878374,0.042951025,0.5245785,0.13919452,0.03602841,1.7180257,0.20747113,1.6399026,0.021323895,0.031225525,0.051435143,0.04489757,0.03597488,0.019029047,0.51813793,0.028051164,4.5646152,0.021306863,0.03375783,0.033540282,2024-04-06 05:43:00
1.8181299,0.069930896,1.1854447,0.022323918,0.037181396,0.022391507,0.16131687,0.06652513,0.02654043,0.04763233,0.5331572,0.32556915,0.025726406,1.603646,0.22139043,1.5641543,0.008671928,0.025156757,0.0642368,0.044888034,0.048445135,0.020635769,0.5012717,0.03310403,4.4336395,0.030118441,0.0487974,0.036213182,2024-04-06 05:44:00
1.8186923,0.047635097,1.195444,0.021919372,0.014555702,0.016605059,0.19997843,0.07795924,0.02560173,0.08452089,0.6003431,0.07277445,0.045585245,1.7036119,0.20301515,1.5338191,0.019907394,0.025925536,0.058809627,0.045222357,0.048284136,0.013981241,0.49871954,0.028513582,4.4448504,0.03091323,0.035111137,0.0337389,2024-04-06 05:45:00
1.8147907,0.056078374,1.1356026,0.048180193,0.02609536,0.025975557,0.15644813,0.05064138,0.020350538,0.05687377,0.5299325,0.1272957,0.02992953,1.7336122,0.19732216,1.6742886,0.015482193,0.034645807,0.044127237,0.045170728,0.048015837,0.033655066,0.76122063,0.014147183,4.239485,0.028497975,0.03405818,0.037119817,2024-04-06 05:46:00
1.8180829,0.04848502,1.1800228,0.017742332,0.03039367,0.023432866,0.16456662,0.04555993,0.026424518,0.13734889,0.6875091,0.14707363,0.08313859,2.0615456,0.20451252,1.5573646,0.015644947,0.032223888,0.048753582,0.044969488,0.044904098,0.010079414,0.5340604,0.023899505,4.2977867,0.022610867,0.056062084,0.035842877,2024-04-06 05:47:00
1.8837652,0.04587509,1.5899484,0.016540037,0.032658506,0.020560307,0.099248886,0.046420954,0.018514952,0.09087394,0.032172196,0.2095058,0.02733134,1.7096199,0.45825425,1.9471716,0.021040255,0.027374242,0.043480523,0.04055824,0.054715313,0.032927465,0.75530916,0.01585014,4.180903,0.027214127,0.08348387,0.021250943,2024-04-06 06:10:00
1.982959,0.048180465,1.5198646,0.03834862,0.0284652,0.030465651,0.044244546,0.040666264,0.04263524,0.057215948,0.035242494,0.34745657,0.10433887,2.0502334,0.8395068,2.1372588,0.027078822,0.023838438,0.044206485,0.03819164,0.044838052,0.021448197,0.5218441,0.032564037,3.9882398,0.036146924,0.023275603,0.037299246,2024-04-06 07:03:00
1.9491948,0.047667183,1.4973221,0.015890691,0.019431805,0.029492825,0.046803374,0.06364678,0.028795926,0.06430018,0.06170526,0.22441152,0.13100305,1.6994318,0.87702274,2.1144643,0.016472615,0.020545224,0.037609335,0.042421695,0.04989796,0.01905,0.7225011,0.015589571,3.8623655,0.033149812,0.032808464,0.039130207,2024-04-06 07:04:00
2.0297287,0.044809267,2.0126493,0.025451554,0.02366659,0.024240596,0.03164228,0.05949297,0.018447142,0.05658287,0.34451637,0.35007852,0.07162713,1.6818985,1.6144739,2.6527114,0.020821279,0.03622642,0.03417198,0.044591524,0.05013534,0.037113998,0.5246245,0.0455517,4.1351967,0.03770472,0.02439681,0.033922642,2024-04-06 08:12:00
2.016201,0.043616354,2.0304446,0.020902792,0.019753112,0.02835781,0.032572784,0.056835853,0.026486913,0.07045982,0.41563576,0.34366828,0.03936254,1.6686298,1.6213537,2.65512,0.015035344,0.015780937,0.030086767,0.035766006,0.043054532,0.019258624,0.49333793,0.014362311,4.02969,0.036076784,0.038136553,0.037087888,2024-04-06 08:13:00
2.1189663,0.04257676,2.4041758,0.023191122,0.015659047,0.020861225,0.018594006,0.13223621,0.027314588,0.06373664,0.03795419,0.27905747,0.026509762,1.767177,1.5969245,2.7383277,0.006276643,0.01692006,0.04105661,0.044887148,0.05041729,0.04338323,0.5246651,0.023868565,4.2510896,0.028412795,0.024531985,0.03605736,2024-04-06 08:28:00
2.2417388,0.05493105,2.11918,0.019052165,0.018897254,0.030440295,0.022089427,0.07741301,0.044949293,0.04632149,0.0415733,0.20123051,0.033127476,1.7047787,1.0144925,2.7553244,0.014279186,0.014786715,0.042265277,0.035859574,0.032258965,0.019081809,0.75367063,0.0282253,4.3492165,0.03048888,0.03172526,0.038539447,2024-04-06 08:43:00
2.24194,0.0380296,2.0740209,0.017367959,0.01702192,0.01921968,0.034028813,0.046587255,0.021775773,0.06282498,0.051671747,0.22795245,0.09141975,1.6904218,1.0095725,2.6124775,0.018623935,0.02248661,0.03419479,0.049628414,0.049278136,0.025628611,0.6890404,0.037615415,4.399102,0.028439933,0.06239348,0.038428955,2024-04-06 08:44:00
2.242896,0.042726215,2.0520558,0.017973574,0.017503668,0.022161104,0.029195333,0.06729215,0.02461441,0.06783736,0.042233415,0.24042179,0.05011489,1.9877485,1.0463483,2.740604,0.037703674,0.026479311,0.039946303,0.03761041,0.04445363,0.028105836,0.46860892,0.019737065,4.348367,0.03196802,0.034480583,0.03498445,2024-04-06 08:45:00
2.2657733,0.042248882,2.1117601,0.015443979,0.020347837,0.022629814,0.036197554,0.15371694,0.020221027,0.08972845,0.047295425,0.20517898,0.037945516,1.6664659,1.053997,2.7217634,0.02819803,0.013926306,0.041680634,0.036321767,0.05275795,0.022025084,0.5844441,0.019714996,4.540678,0.038576297,0.03214193,0.050144333,2024-04-06 08:46:00
2.241971,0.044244938,2.0659547,0.031315904,0.023136275,0.02071044,0.03007795,0.050715674,0.025111398,0.06261304,0.058925454,0.24974547,0.024429379,2.0570607,1.0613269,2.675678,0.0124537675,0.03399301,0.03604653,0.04106437,0.04719741,0.016748574,0.4992496,0.033631444,4.405229,0.032766737,0.030937519,0.044773053,2024-04-06 08:47:00
2.2421982,0.0439339,2.104851,0.018011738,0.024797717,0.026273293,0.025553817,0.052316554,0.027292375,0.048822988,0.05717124,0.1613685,0.029255657,1.698624,1.0865672,2.7267752,0.008650443,0.03547366,0.075633086,0.04497303,0.04265031,0.02104024,0.51781267,0.022153232,4.3910637,0.032802995,0.031096304,0.038967878,2024-04-06 08:48:00
2.2422144,0.05429309,2.0962458,0.014434734,0.01919541,0.018109893,0.027962841,0.1932998,0.028430177,0.19460493,0.10484686,0.08531578,0.055638995,1.5816013,1.0737709,2.641934,0.027077993,0.034073174,0.042991407,0.0469629,0.050681844,0.023521736,0.52027524,0.020554822,4.3740835,0.032655705,0.03424359,0.037765402,2024-04-06 08:49:00
2.3010123,0.046793304,2.1352232,0.018974552,0.013469715,0.02129498,0.029207746,0.045137696,0.017099774,0.043901566,0.095327586,0.20322777,0.085057996,1.6726607,1.0228667,2.6740694,0.008936723,0.02639383,0.036085926,0.046167865,0.036334246,0.020336295,0.5921986,0.016642107,4.4258933,0.042682346,0.024399396,0.035013624,2024-04-06 08:50:00
2.247337,0.087861724,2.1464887,0.025652563,0.018184327,0.020613244,0.030026948,0.08185163,0.023258695,0.03962399,0.14232706,0.3581915,0.026977673,1.6765372,1.0298053,2.739087,0.020794721,0.028741019,0.04496539,0.03623172,0.03562591,0.019940257,0.74960613,0.024158744,4.4228544,0.032141592,0.030442843,0.03250214,2024-04-06 08:51:00
2.268434,0.052059352,2.1245835,0.021439875,0.034595117,0.028756943,0.036647696,0.11040477,0.018607134,0.06398014,0.15248103,0.20150955,0.025076104,1.7147647,1.0872593,2.6675935,0.010587652,0.024833681,0.043249328,0.045150228,0.04420565,0.027701838,0.723465,0.025507953,4.519953,0.02949961,0.03299305,0.03293465,2024-04-06 08:52:00
2.2987843,0.040573526,2.1137156,0.020022117,0.020309057,0.02094041,0.061341073,0.04811032,0.021923568,0.059635483,0.2755517,0.18781476,0.038797628,2.0559428,1.0350503,2.7209167,0.012058256,0.015767692,0.04027301,0.05246673,0.05643277,0.02546741,0.47360957,0.021188369,4.50134,0.03285611,0.03592727,0.037320845,2024-04-06 08:53:00
2.2921922,0.041060675,2.099148,0.017169626,0.017998159,0.024933271,0.021020373,0.07397194,0.023096625,0.1415306,0.14816877,0.11704927,0.029495375,1.7360332,1.0574011,2.685996,0.028899997,0.028661016,0.035814784,0.045887996,0.05292654,0.02972696,0.7555691,0.019779434,4.4197016,0.03176156,0.02587741,0.0370174,2024-04-06 08:54:00
2.3213744,0.06698181,2.0900156,0.020883989,0.022817615,0.01970289,0.017858468,0.196867,0.020296164,0.060757212,0.097201094,0.10279565,0.028184006,2.0455697,1.0525175,2.7387488,0.037086476,0.030640196,0.030795166,0.043765295,0.035251852,0.017779266,0.73046255,0.02796703,4.4554844,0.028521765,0.046807572,0.035678446,2024-04-06 08:55:00
2.2419431,0.0441724,2.145754,0.025624426,0.02061721,0.017297838,0.01579321,0.055646177,0.024146674,0.05817082,0.08768609,0.19565794,0.044183895,1.866159,1.022634,2.7076662,0.018423067,0.027973149,0.022895068,0.04393766,0.03894442,0.03400635,0.5284852,0.024921738,4.4348373,0.039317552,0.028729567,0.034944613,2024-04-06 08:56:00
2.2431533,0.050597936,2.007618,0.016454,0.02514561,0.015168657,0.031209221,0.05967904,0.02670896,0.03508104,0.11539538,0.25919646,0.05523539,1.700785,0.95404273,2.673046,0.023872973,0.026598237,0.04143159,0.035895657,0.043442182,0.018750155,0.54750973,0.02317162,4.474187,0.029599642,0.0315832,0.044423148,2024-04-06 08:57:00
2.249653,0.059782438,2.0195673,0.02339614,0.026871009,0.012559401,0.02553231,0.056486964,0.029609466,0.050816312,0.11359237,0.38885826,0.046952922,2.003343,1.0259715,2.7355337,0.04818992,0.025325801,0.10246059,0.04192135,0.048391737,0.020716842,0.5021872,0.018131454,4.369524,0.03153758,0.07977622,0.03851191,2024-04-06 08:58:00
2.2472193,0.05556201,2.1060448,0.016058495,0.034994416,0.0288892,0.025325423,0.04910981,0.04489642,0.059960213,0.1181269,0.29848903,0.022459334,1.70516,0.99994344,2.6361847,0.023766669,0.02818499,0.035752475,0.04752818,0.049997862,0.021463921,0.77652895,0.020671558,4.6104794,0.03508431,0.054116093,0.015502871,2024-04-06 08:59:00
2.2668626,0.042810924,2.1601288,0.014659767,0.020275643,0.026265804,0.027527444,0.050484553,0.02978957,0.041693926,0.116167285,0.2728719,0.056229293,1.6817847,1.0571157,2.664179,0.028545665,0.017796824,0.08410133,0.036695138,0.048486624,0.02133019,0.63137305,0.02870632,4.542689,0.0300431,0.021314431,0.03766638,2024-04-06 09:00:00
2.292726,0.044578522,2.1539607,0.016413143,0.022845574,0.018533248,0.028040187,0.048346363,0.029844077,0.047337424,0.23648477,0.10155737,0.02960803,1.6923679,1.0112168,2.596499,0.032086954,0.033666953,0.043943305,0.044960286,0.037906837,0.02897793,0.5326163,0.024924085,4.5221267,0.026593173,0.054335598,0.037636124,2024-04-06 09:01:00
2.2439957,0.07502593,2.3159657,0.024254778,0.020161571,0.029960785,0.022564447,0.043971412,0.026781598,0.059699353,0.13014702,0.32933852,0.076836616,1.7006056,0.95925915,2.6486452,0.021991923,0.031476412,0.0345363,0.036272213,0.048777796,0.018340755,0.5192408,0.03026878,4.4986377,0.037147395,0.03061725,0.03900582,2024-04-06 09:02:00
2.2880604,0.043300014,2.2916868,0.015548457,0.023487013,0.021049522,0.027906511,0.051841505,0.02167127,0.062095284,0.16423362,0.19765106,0.024949308,1.7443463,1.0016074,2.6846154,0.013726948,0.029903196,0.03846469,0.045162223,0.04822493,0.023458797,0.7518647,0.024934206,4.458852,0.030284155,0.03338224,0.037649445,2024-04-06 09:03:00
2.2922018,0.04996038,2.2222445,0.028829513,0.042783335,0.025530277,0.051458206,0.08069951,0.02405249,0.025390081,0.11903399,0.198599,0.02426067,1.7015444,0.95117295,2.7696826,0.021011852,0.03655276,0.048547454,0.03992285,0.03277682,0.017291512,0.74177,0.031669956,4.4564123,0.033766884,0.023755029,0.037514485,2024-04-06 09:04:00
2.2880578,0.050658725,2.2031357,0.16684896,0.024657207,0.019572493,0.20532975,0.052501004,0.02939296,0.11445355,0.10332262,0.11348511,0.08196389,1.7174,0.9722975,2.77159,0.038490947,0.037670728,0.047662,0.04513869,0.053934943,0.028744789,0.6228207,0.017603384,4.4058847,0.030375158,0.057316944,0.035224672,2024-04-06 09:05:00
2.3715527,0.04032199,2.2111106,0.01931842,0.022073602,0.020322356,0.027532952,0.052474167,0.021827927,0.074246235,0.076466,0.24013412,0.048549924,1.9456601,1.0123385,2.7523112,0.026794514,0.028643355,0.03756841,0.035802964,0.05280137,0.015952578,0.63586515,0.031412665,4.6265574,0.02681063,0.036783736,0.03583757,2024-04-06 09:06:00
2.3780353,0.05966864,2.1571333,0.17891216,0.025122967,0.018611869,0.03305113,0.046263497,0.030352948,0.05338759,0.032552682,0.07366432,0.05168277,2.0521505,0.9826345,2.7908714,0.009845748,0.035384074,0.04179098,0.044829633,0.048589543,0.028210899,0.47702172,0.0150274355,4.534529,0.034273665,0.032048296,0.038723443,2024-04-06 09:07:00
2.290723,0.046599858,2.2783222,0.027765326,0.016003652,0.024068678,0.0294173,0.048706304,0.019480428,0.06346152,0.03596692,0.30402857,0.115731984,1.7117064,0.9603557,2.8055246,0.012372827,0.028798271,0.029561311,0.03574315,0.049125414,0.018329702,0.8089296,0.026735175,4.5832286,0.031086722,0.029099023,0.037554976,2024-04-06 09:08:00
2.5256333,0.044140846,2.2701309,0.015891163,0.026797332,0.022509024,0.030033411,0.05427519,0.029360658,0.051851608,0.044242855,0.0872654,0.05981943,1.6939565,1.0623691,3.5157833,0.029452868,0.025632134,0.041910436,0.04484538,0.049748387,0.024500273,0.5000216,0.018644,4.4883604,0.03253789,0.037605368,0.03604289,2024-04-06 09:09:00
2.5101967,0.035410646,2.257234,0.016219338,0.020416897,0.026456201,0.028834889,0.057860125,0.02538656,0.048058923,0.039865956,0.095962584,0.060429838,2.0211673,1.0408869,3.4277017,0.026909886,0.03499254,0.04655664,0.045216605,0.046687007,0.031089835,0.45794463,0.018471899,4.7216287,0.030273952,0.034906924,0.022073418,2024-04-06 09:10:00
2.5918176,0.04535513,2.4116304,0.016180318,0.023842031,0.024703257,0.030017927,0.04895306,0.023622088,0.042929757,0.035205815,0.1992344,0.06932234,1.7139496,1.065576,3.5292659,0.022275275,0.01635406,0.09272064,0.035878822,0.047303054,0.09346372,0.57140595,0.01953896,4.782534,0.027374897,0.043128237,0.02291682,2024-04-06 09:11:00
2.586591,0.03828066,2.4671462,0.030451896,0.021490475,0.022572773,0.19328378,0.04033779,0.026206622,0.042041503,0.045307707,0.18726157,0.032841045,1.6758337,1.0913776,3.5032058,0.014742506,0.026966548,0.04093815,0.045157887,0.04745971,0.019644465,0.509136,0.024348844,4.613975,0.03595501,0.03205425,0.051979374,2024-04-06 09:12:00
2.6113677,0.047382865,2.5103707,0.021881355,0.022473063,0.019239932,0.025897745,0.29680058,0.028389309,0.045959055,0.037011,0.3571583,0.09240007,1.7368418,1.1043519,3.5596883,0.016855506,0.01230413,0.03907929,0.04512488,0.049171284,0.02121895,0.47974592,0.020863514,4.5524693,0.030725718,0.022939548,0.011325964,2024-04-06 09:13:00
2.547139,0.042757753,2.4422147,0.01988675,0.024149867,0.02058554,0.03502794,0.05201227,0.019965556,0.06229028,0.028660119,0.13159436,0.05571762,2.0578897,0.99680686,3.6201668,0.0142550785,0.032212555,0.030408116,0.03941218,0.035143014,0.01829244,0.69166255,0.026175935,4.61263,0.035590727,0.045613322,0.03665399,2024-04-06 09:14:00
2.5544417,0.04735281,2.553996,0.019009158,0.029563902,0.027903128,0.03551644,0.052942727,0.023066541,0.068771444,0.03420553,0.3758187,0.09139467,1.6913489,1.0559076,3.6994574,0.020482777,0.03194758,0.050958075,0.03590195,0.03786395,0.022019498,0.60076416,0.034552503,4.7800007,0.025641965,0.04342422,0.037556633,2024-04-06 09:15:00
2.516552,0.045317367,2.5998538,0.018805536,0.025051232,0.017421652,0.02524999,0.0945959,0.021799153,0.04778583,0.03154632,0.37857357,0.07955654,1.693025,1.0113229,3.79662,0.023235403,0.030942634,0.08483045,0.04107648,0.05532379,0.022771409,0.7618492,0.024058593,4.7102146,0.027380597,0.03256265,0.036611903,2024-04-06 09:16:00
2.5765514,0.04218171,2.6925497,0.01633783,0.022038316,0.017522542,0.02391133,0.06341855,0.014698779,0.06407926,0.019213906,0.2065737,0.035494514,2.03044,1.0501509,3.698506,0.022600114,0.023969736,0.07797841,0.04011208,0.0385151,0.022481775,0.5075616,0.015550707,4.6817384,0.047010344,0.025033852,0.036291745,2024-04-06 09:17:00
2.6371515,0.09930448,2.6903954,0.014004133,0.016938949,0.020432085,0.028112495,0.05334447,0.029740049,0.060234223,0.027658302,0.1008642,0.034664933,1.7030979,1.1216702,3.777424,0.023724668,0.02855298,0.044142883,0.043937784,0.038628496,0.019536845,0.49862018,0.0270811,4.7530203,0.046781044,0.019813811,0.030384444,2024-04-06 09:18:00
2.5891566,0.0377203,2.6838982,0.028392335,0.021116816,0.025398502,0.026500225,0.07947226,0.02082461,0.041494314,0.04261499,0.36935028,0.04160484,2.0370803,1.0228153,3.4474692,0.010265168,0.024241457,0.035060283,0.05008957,0.034498703,0.029829795,0.49506757,0.016852988,4.6784263,0.037092716,0.06400153,0.032329343,2024-04-06 09:19:00
2.5981603,0.04187919,2.6936023,0.02094565,0.025228713,0.025160493,0.03206356,0.066008665,0.021802325,0.080321774,0.025456868,0.35681385,0.0656949,1.7077123,1.0132638,3.3294606,0.006459428,0.019662803,0.039168585,0.044888064,0.035690997,0.020817172,0.73173714,0.025237232,4.6807218,0.03324833,0.022709362,0.037604608,2024-04-06 09:20:00
2.5809817,0.044269312,2.7369754,0.02915424,0.026116831,0.022738038,0.043489274,0.06030054,0.03878317,0.06264428,0.050365724,0.31506708,0.06755992,2.0507185,1.0958214,3.1316924,0.03915872,0.0270153,0.061847016,0.061320953,0.036895473,0.036908265,0.68769145,0.027330486,4.612684,0.037303444,0.059449013,0.037962746,2024-04-06 09:21:00
2.4837906,0.06602227,2.7272046,0.03560065,0.02245611,0.02649673,0.03149234,0.05724826,0.028322117,0.046813298,0.04828217,0.40735316,0.051033378,1.6905205,1.1117814,2.7453332,0.010744817,0.032787524,0.03610955,0.035783947,0.04972296,0.023720117,0.6030242,0.01678381,4.636918,0.028456967,0.031683397,0.04026617,2024-04-06 09:22:00
2.5744176,0.032395024,2.7402759,0.016244706,0.022022372,0.025462402,0.025695262,0.06178909,0.022001153,0.06297486,0.037509505,0.3408539,0.07016559,1.6903791,1.1805655,2.4746428,0.010985977,0.027075281,0.038363546,0.04971199,0.078549765,0.024124457,0.5472229,0.01877673,4.6385603,0.023092402,0.025293699,0.033768207,2024-04-06 09:23:00
2.5163305,0.04742176,2.5962205,0.023225794,0.018786382,0.025942959,0.04218204,0.0996292,0.024621056,0.04149101,0.03509122,0.3121451,0.11650448,1.7020795,1.2895931,2.3182867,0.021044172,0.022353552,0.032862697,0.043248095,0.034516875,0.020043032,0.501662,0.016301934,4.756767,0.032965757,0.0522502,0.038088117,2024-04-06 09:24:00
2.4862254,0.041524783,2.396138,0.015480601,0.04290622,0.028457751,0.033544973,0.054270685,0.026749063,0.046319686,0.11093268,0.17235336,0.07751595,1.921511,1.3198467,2.2247412,0.0108338585,0.030545173,0.050144915,0.046591647,0.048321653,0.011739176,0.50517416,0.030820249,4.65139,0.040769827,0.024688123,0.035681374,2024-04-06 09:25:00
2.4495604,0.046728052,2.4409673,0.024296897,0.02122528,0.024774116,0.027536893,0.05929273,0.021168103,0.043719206,0.10804672,0.28199387,0.11109938,2.087277,1.353456,2.3259053,0.010776675,0.026779953,0.053188864,0.035853874,0.044414572,0.018587437,0.5430971,0.020771105,4.699055,0.027242074,0.061321676,0.03588667,2024-04-06 09:26:00
2.415792,0.06186227,2.5501075,0.020157117,0.03459114,0.02619455,0.04259486,0.08416134,0.016931739,0.03199837,0.15022634,0.0959735,0.04098725,2.0716352,1.2934216,2.2191656,0.034937833,0.020877281,0.054674204,0.047611404,0.055867884,0.014833543,0.5323728,0.017885793,4.67096,0.020629121,0.032305673,0.036578152,2024-04-06 09:27:00
2.4826298,0.043761615,2.6042142,0.013484987,0.022286203,0.020516412,0.026382366,0.06525458,0.014304978,0.05754097,0.2362386,0.16382016,0.038430892,1.7060089,1.2245649,2.2363176,0.01729494,0.024890862,0.05287846,0.042265706,0.06258474,0.035479147,0.61922723,0.019596761,4.7660413,0.027079912,0.06006505,0.051218186,2024-04-06 09:28:00
2.447777,0.06836268,2.60636,0.02212765,0.023605078,0.021172704,0.031055287,0.09608102,0.019432846,0.054760423,0.3272259,0.11657133,0.11044735,1.7329249,1.045123,2.3982263,0.0074581997,0.025003862,0.04711803,0.036439203,0.03791241,0.01696277,0.529205,0.021952938,4.716624,0.032189265,0.024475625,0.03888109,2024-04-06 09:29:00
2.5144928,0.040138256,2.7213125,0.022027826,0.031124834,0.020820854,0.028916681,0.08283521,0.03834185,0.050458528,0.28042993,0.3025652,0.08015004,1.7070582,1.0551876,2.460837,0.022062575,0.027004225,0.07496673,0.056634758,0.049307704,0.03049896,0.9484234,0.023360599,4.913102,0.033140928,0.023303773,0.038840786,2024-04-06 09:30:00
2.4619896,0.06515357,2.6187882,0.027933637,0.021442436,0.023592401,0.014101595,0.06249376,0.021775736,0.06274994,0.36639655,0.07294396,0.041936696,1.6901447,0.9718607,2.4435942,0.03561597,0.025547009,0.032860454,0.049230777,0.04485421,0.019360736,0.66175526,0.026125712,4.8736362,0.0325014,0.031878214,0.04408402,2024-04-06 09:31:00
2.4924679,0.08807531,2.608392,0.02800404,0.024481915,0.03163633,0.0227054,0.099083185,0.024504486,0.051767185,0.47751954,0.07131826,0.0272842,1.7151494,0.9914928,2.4314065,0.010903429,0.031672496,0.05213461,0.043998532,0.04352137,0.027938344,0.60811615,0.009442695,4.80764,0.026322972,0.024710057,0.04436045,2024-04-06 09:32:00
2.4972603,0.062447984,2.6737537,0.021582391,0.020260077,0.029545542,0.027125113,0.11168747,0.021207811,0.04086031,0.5350984,0.101030484,0.040901676,1.9398885,0.99192464,2.5194933,0.008590023,0.02632724,0.038833156,0.035481546,0.035221573,0.029352361,0.6952856,0.038871136,4.873373,0.03009669,0.032770284,0.038018204,2024-04-06 09:33:00
2.4973881,0.03272139,2.6859467,0.02394964,0.020273931,0.020696267,0.031046104,0.050110966,0.027131304,0.046526644,0.3591008,0.07504751,0.02647267,1.7138808,0.95243114,2.330537,0.008438964,0.023152001,0.015216996,0.035978872,0.04518424,0.018706491,0.5430103,0.030049333,5.041793,0.030877411,0.034993015,0.03715719,2024-04-06 09:34:00
2.6129813,0.042682763,2.7302668,0.019355593,0.023898557,0.018182706,0.024258247,0.14807145,0.027447741,0.043844514,0.09555987,0.2154846,0.022104394,2.0436869,0.95047766,2.3438017,0.02504393,0.020492215,0.036064822,0.035899468,0.043883715,0.02207065,0.5274874,0.019224027,4.9066806,0.03170676,0.03387379,0.03780918,2024-04-06 09:35:00
2.4588406,0.04808588,2.7028847,0.021554595,0.115458295,0.02395749,0.041489746,0.08438311,0.02821649,0.057734985,0.098748274,0.07560677,0.056993004,1.7070693,0.9085311,2.3059626,0.024078803,0.021176262,0.045299683,0.036132313,0.045409366,0.038741473,0.5109193,0.021194,4.865822,0.031139642,0.037064467,0.038522188,2024-04-06 09:36:00
2.461214,0.0390053,2.7172558,0.02496541,0.016184404,0.022133803,0.03232452,0.060821556,0.029423308,0.058640692,0.09389316,0.30352676,0.018211385,1.7283268,0.9948111,2.4422956,0.02399822,0.026308594,0.03704467,0.037249565,0.04825699,0.016047906,0.71591544,0.018587466,4.926905,0.030877575,0.033318546,0.035506465,2024-04-06 09:37:00
2.4667826,0.05074801,2.6375275,0.025569998,0.03412841,0.08001993,0.024341531,0.042848233,0.030507566,0.09504964,0.042162973,0.2597993,0.0426506,1.7235906,0.95751655,2.388367,0.024660394,0.025847413,0.039127946,0.036210816,0.043409627,0.03669364,0.46122757,0.024643905,4.879387,0.03864002,0.027667634,0.037563138,2024-04-06 09:38:00
2.5429533,0.06663144,2.6377113,0.0261003,0.013549712,0.025451958,0.02733084,0.07805774,0.028573694,0.066895165,0.05253131,0.35960436,0.030401284,1.9739422,0.9778009,2.3588781,0.03440618,0.022148192,0.04045453,0.044799566,0.047967296,0.025978899,0.6562583,0.019186348,4.688381,0.035919067,0.0416553,0.038756277,2024-04-06 09:39:00
2.4672372,0.08545823,2.7477236,0.020585956,0.01956534,0.020264389,0.01726128,0.04948144,0.024085006,0.068067975,0.044156708,0.13610375,0.083164975,2.2614787,1.008036,2.5281813,0.020212362,0.021446453,0.02769227,0.036220197,0.037477463,0.0221708,0.58339465,0.020655679,4.9727144,0.041774422,0.03345672,0.035615508,2024-04-06 09:40:00
2.4623075,0.046443943,2.7237713,0.022500798,0.020126067,0.025632808,0.027631974,0.077870294,0.028370522,0.071683355,0.036169205,0.3231587,0.028260699,1.710546,0.9075566,2.4809065,0.01698577,0.019274438,0.048446935,0.045015212,0.046651784,0.022325736,0.53753835,0.018685305,4.94849,0.04813876,0.0295109,0.043721706,2024-04-06 09:41:00
2.4324596,0.049243428,2.730415,0.015637351,0.020352831,0.03163525,0.030505143,0.050964247,0.027463485,0.06430991,0.038679164,0.2598701,0.02894505,1.8276533,0.95758045,2.4772623,0.04453508,0.028094348,0.046043403,0.037125006,0.052129947,0.019652471,0.74348056,0.015231859,4.993462,0.042608567,0.03469408,0.038122125,2024-04-06 09:42:00
2.4268687,0.048883315,2.6391664,0.014454153,0.019348064,0.025478857,0.028586546,0.053506605,0.064316064,0.049862154,0.034397513,0.24235076,0.06275947,1.754244,0.9531822,2.466015,0.039152827,0.032576036,0.04364831,0.056561325,0.03407078,0.027689409,0.55594176,0.013698893,5.0627594,0.040680148,0.03175154,0.02522841,2024-04-06 09:43:00
2.4235423,0.044265255,2.7571864,0.027764224,0.024054084,0.021431455,0.02812618,0.07044058,0.018908203,0.06048563,0.041282807,0.27749178,0.027313452,1.7020332,0.9647445,2.538937,0.017735517,0.033932045,0.036738392,0.038306795,0.037357878,0.021800824,0.75613,0.019106228,5.0137143,0.03169531,0.025555743,0.021281824,2024-04-06 09:44:00
2.5809484,0.046209656,2.7867107,0.023380855,0.0187372,0.016882809,0.031243915,0.17702419,0.028620299,0.1528239,0.041091166,0.26395142,0.09252835,1.7414545,0.9633842,2.5846567,0.023714954,0.018060507,0.04758892,0.036351796,0.047468763,0.019769358,0.8777841,0.022670276,4.8468704,0.03433142,0.023203662,0.024013579,2024-04-06 09:45:00
2.4305692,0.04908238,2.7228122,0.016545763,0.024467748,0.022756359,0.023024436,0.073217414,0.030015577,0.08451982,0.036165725,0.236644,0.053513587,1.7232574,0.94521755,2.5107393,0.018176379,0.021572856,0.04077819,0.04730856,0.034211766,0.026407817,0.5807233,0.020987134,4.6400056,0.044409893,0.03186507,0.03850103,2024-04-06 09:46:00
2.4311433,0.049207095,2.7016733,0.017556546,0.023593493,0.020347768,0.035486463,0.052859187,0.017312579,0.049075134,0.036679845,0.124652535,0.08670673,2.0924337,0.9974621,2.575057,0.00939222,0.02674811,0.03718191,0.03636834,0.043606818,0.023682836,0.5421623,0.023061225,4.5982294,0.03358324,0.03295626,0.047086302,2024-04-06 09:47:00
2.4310706,0.060515825,2.7181613,0.01815618,0.017411493,0.020977903,0.03344128,0.059888333,0.028404625,0.06709821,0.03836493,0.15392452,0.13026021,1.7229528,0.9701182,2.4900005,0.022399046,0.027555631,0.046868462,0.04515781,0.05142881,0.03142176,0.7269253,0.020464852,4.5250187,0.05246196,0.03321588,0.03638082,2024-04-06 09:48:00
2.4269118,0.054020062,2.6450822,0.021904867,0.025617234,0.026792107,0.023375098,0.06689494,0.028490666,0.08663977,0.04582634,0.09731354,0.024214474,1.9251784,0.97734785,2.5357997,0.014700637,0.02908247,0.061433442,0.045072507,0.04338114,0.02917456,0.81349087,0.01516147,4.4840546,0.0448284,0.09084981,0.044226818,2024-04-06 09:49:00
2.5044103,0.0839632,2.6298015,0.029291708,0.024271782,0.023958046,0.03504502,0.1380405,0.029768392,0.11141206,0.036203675,0.07253374,0.03350527,1.7200094,1.0143939,2.648192,0.01794244,0.029511567,0.04629408,0.045060333,0.044219527,0.036999147,0.59525824,0.021372726,4.6160398,0.050550766,0.03412656,0.046815433,2024-04-06 09:50:00
2.4277945,0.035545256,2.6637444,0.020874282,0.016975116,0.022476055,0.027641663,0.05342905,0.02051825,0.07225449,0.044659823,0.16818497,0.025207592,1.8467196,0.89832324,2.632943,0.038805444,0.023428299,0.047167804,0.044836592,0.040809248,0.02524994,0.7388553,0.015369522,4.766872,0.045495786,0.03106751,0.041187033,2024-04-06 09:51:00
2.4291048,0.05008581,2.5881913,0.031504642,0.01830656,0.025177421,0.028519884,0.04781379,0.030211858,0.060497932,0.036974117,0.32920554,0.062029734,1.736112,0.95442295,2.6684306,0.01712077,0.034870967,0.037869446,0.0448497,0.043767374,0.01804553,0.62429523,0.017030576,4.666852,0.02498863,0.032971524,0.03585556,2024-04-06 09:52:00
2.4347491,0.047911827,2.6428318,0.1044591,0.020075623,0.021827588,0.03329145,0.053503938,0.02199588,0.051065274,0.038736433,0.14816713,0.044382993,1.6769345,1.0129523,2.7756207,0.012349433,0.026260268,0.040702656,0.036288995,0.05976448,0.050602745,0.6089415,0.024728337,4.7625175,0.025565198,0.02235869,0.044461485,2024-04-06 09:53:00
2.425281,0.045742795,2.5623353,0.023869518,0.01773234,0.019433672,0.023105366,0.056474417,0.025328869,0.09103824,0.058116317,0.25293988,0.05204305,1.6886525,1.0860773,2.819698,0.021323644,0.03785367,0.042569675,0.03841758,0.04864528,0.037882555,0.8500462,0.030567344,4.7145815,0.033552874,0.031942327,0.03673026,2024-04-06 09:54:00
2.4287643,0.065576084,2.537649,0.018280385,0.041505378,0.02600024,0.18018822,0.054946475,0.019331627,0.049187005,0.065552756,0.15400785,0.095122464,1.7448955,1.073656,2.9608505,0.011143071,0.035090454,0.0192245,0.045166213,0.050859667,0.0168709,0.8001079,0.024692005,4.659902,0.040606465,0.024005126,0.032793637,2024-04-06 09:55:00
2.4527621,0.04002852,2.7049873,0.029958563,0.021248015,0.028405398,0.028931908,0.07055206,0.022130609,0.040649846,0.08542327,0.36403736,0.022544751,2.0516717,1.112523,3.0562923,0.014731948,0.029057356,0.04504444,0.05320413,0.033257697,0.020980673,0.7714861,0.020671353,4.635877,0.06076639,0.033902302,0.036098264,2024-04-06 09:56:00
2.3908482,0.04580907,2.630575,0.017660866,0.021195792,0.026100993,0.017648598,0.15920444,0.02912494,0.059876315,0.063547365,0.14873938,0.026651474,2.0850024,1.0858601,2.8269541,0.0055346503,0.015178374,0.036768403,0.044884246,0.05072028,0.0212167,0.58206785,0.05438751,4.730975,0.0378976,0.035163667,0.039395448,2024-04-06 09:57:00
2.3895864,0.043037698,2.732054,0.01646017,0.025820348,0.016082138,0.027287006,0.044818997,0.029027672,0.039154645,0.0686503,0.22017469,0.06540511,1.799277,1.0595716,2.8252282,0.052499667,0.025452219,0.04181873,0.040593363,0.035278697,0.024612224,0.7022226,0.021962587,4.8244815,0.041022565,0.032592557,0.036217414,2024-04-06 09:58:00
2.393351,0.043263506,2.715325,0.022022983,0.026220098,0.020126654,0.029961199,0.054892145,0.027331583,0.056875043,0.06789485,0.09268885,0.035189576,1.9952265,1.064503,2.8206027,0.009238426,0.029502455,0.0391148,0.04483995,0.049092185,0.035631254,0.6021837,0.023263317,4.669519,0.035031017,0.03657118,0.03740025,2024-04-06 09:59:00
2.3853917,0.09540715,2.5752268,0.017657107,0.023824621,0.024933854,0.030155981,0.05348388,0.028941017,0.056346424,0.06813152,0.27880856,0.043003634,1.8516705,1.1305422,2.8332112,0.018264143,0.01950012,0.037852295,0.03559136,0.046106692,0.020948758,0.62049633,0.029297184,4.5803413,0.028693639,0.026851913,0.040548652,2024-04-06 10:00:00
2.4252594,0.060994286,2.5497003,0.028053975,0.019427564,0.016117694,0.029718833,0.056224655,0.016503893,0.055059552,0.078843616,0.14610524,0.08769464,1.8465753,1.0994767,3.35905,0.022841107,0.022887629,0.04082911,0.039009877,0.051623415,0.016370077,0.680315,0.037662152,4.521263,0.06239997,0.022656221,0.040396407,2024-04-06 10:01:00
2.3524957,0.04075953,2.4744227,0.016686752,0.027895031,0.020397909,0.06593163,0.049475316,0.031528417,0.13648154,0.043077204,0.10883161,0.02385441,1.814228,1.1326082,3.428155,0.029210327,0.022980059,0.043025345,0.044904053,0.04888531,0.09986288,0.65788645,0.020932151,4.596642,0.036688067,0.034566652,0.035067942,2024-04-06 10:02:00
2.4122307,0.048538253,2.6182647,0.019614406,0.02271444,0.029756298,0.022238865,0.052833542,0.029970381,0.06112609,0.043527614,0.36725605,0.02904888,1.951831,1.0786765,3.4404564,0.028727883,0.027746277,0.03713288,0.043575894,0.05748617,0.021170529,0.6376136,0.026300518,4.6020393,0.043407775,0.032141384,0.032625135,2024-04-06 10:03:00
2.4734468,0.048983894,2.7507951,0.02128029,0.027283939,0.024374085,0.027165713,0.052287575,0.025532005,0.05327731,0.03565669,0.36781514,0.07877313,1.7283068,1.0744978,3.4445791,0.027470438,0.03040557,0.033106536,0.04509096,0.056455206,0.030266006,0.61397123,0.021337442,4.5491962,0.041429844,0.028328167,0.037855316,2024-04-06 10:04:00
2.477916,0.06931203,2.709006,0.019705135,0.026640052,0.025245577,0.029158473,0.105066724,0.022368995,0.06271707,0.033974584,0.21145657,0.08852818,2.0831857,1.145906,3.4392,0.011087156,0.02141144,0.043294523,0.04490622,0.04432873,0.024873517,0.6438477,0.044296894,4.523973,0.03629455,0.03744541,0.0423358,2024-04-06 10:05:00
2.4857762,0.043362215,2.7200983,0.024485514,0.023338448,0.022482848,0.017834168,0.060273346,0.02672652,0.052749865,0.04709296,0.26691678,0.0425183,2.2370434,1.0777591,3.2762036,0.013041844,0.026427204,0.044363163,0.04852287,0.041983213,0.019788826,0.62074995,0.0271889,4.559809,0.031861775,0.030470163,0.03930771,2024-04-06 10:06:00
2.415098,0.050083302,2.7161276,0.017861221,0.035796467,0.028185096,0.025317622,0.05793057,0.02916239,0.07491813,0.029142337,0.28930107,0.04867948,1.9549673,1.124674,3.3233907,0.015867213,0.019221622,0.040103517,0.03626276,0.043362588,0.021018304,0.60765415,0.016634556,4.4829755,0.044374175,0.030341802,0.03201952,2024-04-06 10:07:00
2.4126835,0.044002328,2.4976547,0.024024004,0.029611474,0.02434701,0.034217108,0.045665268,0.029501159,0.071945205,0.04333993,0.21377234,0.04229546,1.9520884,1.1376318,3.1848671,0.043416444,0.028850572,0.041857444,0.045163956,0.04591591,0.028818035,0.6311219,0.028931461,4.548005,0.03547551,0.032415092,0.039701063,2024-04-06 10:08:00
2.4131591,0.06310902,2.6155155,0.02109778,0.026314676,0.023102006,0.02016409,0.049945105,0.029964382,0.0595017,0.048868597,0.103310436,0.02679457,1.834038,1.1760381,3.1828263,0.015224899,0.025948724,0.029705744,0.046365097,0.046492882,0.015039682,0.6136392,0.020338243,4.708567,0.040444735,0.03099357,0.032687493,2024-04-06 10:09:00
2.4125319,0.04639874,2.668722,0.018462174,0.024803303,0.020799117,0.028787311,0.06958797,0.022335777,0.061101414,0.042925008,0.24263062,0.06850423,1.9315646,1.1548212,3.1685286,0.020720107,0.012948567,0.031613458,0.036430947,0.052864797,0.021856487,0.9160182,0.017249374,4.721646,0.06221915,0.029572176,0.03892423,2024-04-06 10:10:00
2.4084604,0.043212745,2.5909925,0.02008055,0.021952935,0.019805588,0.018807579,0.1179074,0.029798172,0.043465193,0.03508866,0.26875997,0.043619547,1.955768,1.0671402,3.0986924,0.016067468,0.02636614,0.04062559,0.044855274,0.04327893,0.021299796,0.6011614,0.019422574,4.821382,0.030249752,0.031811755,0.038994014,2024-04-06 10:11:00
2.4096148,0.04133962,2.61086,0.020124981,0.022626517,0.023758678,0.021772217,0.08940141,0.028764043,0.051429294,0.03557302,0.2536833,0.040482763,2.309018,1.1324071,3.0632312,0.03225665,0.020115199,0.043180425,0.044895783,0.04648203,0.027027816,0.6774079,0.02118629,4.748152,0.041822962,0.030676313,0.036669295,2024-04-06 10:12:00
2.484315,0.039819684,2.625264,0.020192789,0.02850719,0.025553463,0.030447902,0.053384062,0.029045394,0.054642234,0.050628982,0.33041963,0.0861223,1.9119636,1.068915,3.0574849,0.014415064,0.023331663,0.044855088,0.044819254,0.04408437,0.02004848,0.8848393,0.02140595,4.5704393,0.036192786,0.033001456,0.038186476,2024-04-06 10:13:00
2.457613,0.04752922,2.5751948,0.018162446,0.01836025,0.020110713,0.026413152,0.16099758,0.026406838,0.046606593,0.043360878,0.30444816,0.06750468,1.9396187,1.0948839,3.2403145,0.03158563,0.025003536,0.040355053,0.040496983,0.05528582,0.037036296,0.874219,0.0237215,4.5311027,0.04589812,0.032406677,0.035498187,2024-04-06 10:14:00
2.4485066,0.040998675,2.5131783,0.1181447,0.039514344,0.019806668,0.028375247,0.046832528,0.02287091,0.08812089,0.03690077,0.31529295,0.021367174,2.1566005,1.0978951,3.3288329,0.02137002,0.018897833,0.04469078,0.04893119,0.047436867,0.016679158,0.6475028,0.04328759,4.626956,0.038365643,0.041734114,0.036357652,2024-04-06 10:15:00
2.4576583,0.046989746,2.6515303,0.0152853755,0.02293971,0.018663235,0.021340279,0.05579328,0.028027011,0.063799515,0.0727861,0.3403833,0.07937985,2.1703947,1.1317769,3.520958,0.01951347,0.027124286,0.06671646,0.037141852,0.0539224,0.019900275,0.7553027,0.019247701,4.7516828,0.054284442,0.03276731,0.03844859,2024-04-06 10:16:00
2.5089276,0.04906265,2.569359,0.012326747,0.021433458,0.019097602,0.024722837,0.047799896,0.029208794,0.060709067,0.11396125,0.24416482,0.041148715,2.3640091,1.049006,3.0852158,0.018807305,0.028746795,0.031169187,0.04018571,0.043396704,0.021595672,0.5171143,0.020137774,4.6427593,0.0352867,0.024311934,0.0349911,2024-04-06 10:17:00
2.5058064,0.048437245,2.6114712,0.01749378,0.026551904,0.01614158,0.02696134,0.05336471,0.028258473,0.039366033,0.11700326,0.30530787,0.037383344,2.0319533,1.1309632,2.9455507,0.024421241,0.028233038,0.11481022,0.04494313,0.046729937,0.022730026,0.46658984,0.017910523,4.701944,0.03625814,0.03764213,0.03686703,2024-04-06 10:18:00
2.4509318,0.050021414,2.8318856,0.022934621,0.02395808,0.05659971,0.0207796,0.050707743,0.019895123,0.06060882,0.11733675,0.18546174,0.0262735,2.0104623,1.0632669,3.0118237,0.020844601,0.024207355,0.035211664,0.036128197,0.04577238,0.019190462,0.53895473,0.020753466,4.8028603,0.027720794,0.033615373,0.022209259,2024-04-06 10:19:00
2.4755638,0.0392241,2.5188258,0.014817613,0.015449806,0.023754336,0.028419146,0.13713999,0.026837159,0.07741383,0.1167545,0.19973926,0.04497641,2.0503323,1.1040182,2.9374876,0.04025268,0.036501613,0.03968631,0.045795936,0.04609518,0.029208722,0.56877756,0.022519058,4.628285,0.030310037,0.029427562,0.031751856,2024-04-06 10:20:00
2.4479284,0.04013691,2.7981753,0.025630856,0.022062529,0.024616692,0.017623324,0.22469251,0.028487282,0.053565543,0.10773114,0.28291762,0.026004247,2.2975798,1.1210014,2.975391,0.027044626,0.019465182,0.04371,0.044958416,0.04898287,0.026289705,0.6889145,0.018674625,4.683826,0.03475554,0.033912394,0.03761306,2024-04-06 10:21:00
2.4480577,0.045831967,2.639778,0.015679074,0.029757274,0.057464667,0.033283323,0.044444073,0.028643608,0.06156365,0.11513338,0.26527363,0.0385354,2.3537192,1.0967398,3.1000085,0.024395188,0.01839982,0.032169715,0.045014888,0.05057464,0.03107646,0.7955896,0.023316843,4.617072,0.037853543,0.038142327,0.039602578,2024-04-06 10:22:00
2.4190042,0.046583645,2.6081817,0.017975533,0.028056033,0.015483191,0.021947924,0.06526895,0.026429918,0.049753428,0.055311967,0.25246692,0.05985501,2.3087385,1.136349,3.0891266,0.012610208,0.026558446,0.042604,0.040355872,0.06260971,0.018774739,0.90764743,0.027779385,4.7418675,0.035906125,0.055700015,0.03661637,2024-04-06 10:23:00
2.4144125,0.043459248,2.6143935,0.025230184,0.01816118,0.02076077,0.022331523,0.03876409,0.029484404,0.05181709,0.03410969,0.07987664,0.03487125,2.3154948,1.1826118,3.0659494,0.013319403,0.030417662,0.050274648,0.045020252,0.04317735,0.025022801,0.6011875,0.019762358,4.6649895,0.027043007,0.031104859,0.0371661,2024-04-06 10:24:00
2.4193556,0.06588706,2.4076312,0.015351041,0.025895935,0.020647224,0.023705803,0.052502424,0.02903113,0.057979576,0.030387634,0.16864944,0.041735075,2.684244,1.177037,2.9380448,0.023010364,0.020760862,0.039044935,0.040897362,0.04958509,0.027140114,0.5429235,0.019444143,4.6248975,0.03739208,0.032978322,0.031495504,2024-04-06 10:25:00
2.3511262,0.050437905,2.3995721,0.02745166,0.028723923,0.02263146,0.025226913,0.053279325,0.016623167,0.056378555,0.039140627,0.294724,0.097524226,2.6854475,1.0914365,2.6572034,0.019293547,0.017797459,0.054287218,0.036174536,0.050203033,0.017967531,0.6605321,0.015702764,4.936117,0.03578318,0.023647422,0.039728306,2024-04-06 10:26:00
2.3441694,0.055760957,2.3658907,0.022951199,0.01831556,0.0238546,0.019484336,0.060993362,0.027575051,0.063836895,0.029829254,0.07535348,0.06390712,2.3654191,1.1078854,2.5521474,0.016381374,0.021844544,0.042679954,0.04643604,0.04417737,0.017598871,0.54815936,0.020198947,4.825307,0.045384143,0.032874998,0.03540082,2024-04-06 10:27:00
2.349488,0.042167142,2.3597655,0.037791148,0.019819757,0.020237384,0.025130913,0.11913648,0.02790625,0.048401188,0.043233898,0.24665026,0.04239962,2.5045347,1.1072892,2.5383673,0.031466674,0.025255766,0.04927331,0.044794593,0.047747873,0.027812922,0.56858855,0.2742496,4.984536,0.04374764,0.041662913,0.037496574,2024-04-06 10:28:00
2.34501,0.03481054,2.3373837,0.024738029,0.016576055,0.023684222,0.027075835,0.050229374,0.0196188,0.08520211,0.04907794,0.28235778,0.06024778,2.3332255,1.0829718,2.4434924,0.015153357,0.037420195,0.03185185,0.044904657,0.048896503,0.022393432,0.83945864,0.9284603,4.866958,0.03936106,0.06391238,0.035120524,2024-04-06 10:29:00
2.3581696,0.048900228,2.3548172,0.019347169,0.02216991,0.0275555,0.21910752,0.07547722,0.029122418,0.13674033,0.04258685,0.24791858,0.036500923,2.2760131,1.1289127,2.3514047,0.030913942,0.031303,0.043772124,0.036136903,0.05242594,0.034986366,0.6440807,0.01884308,4.9333816,0.0402423,0.024939612,0.05197969,2024-04-06 10:30:00
2.3614948,0.04856214,2.3271832,0.023310525,0.041282076,0.014566034,0.021456422,0.17067686,0.027748082,0.060756307,0.03432279,0.31895486,0.046617467,2.6546962,1.1107875,2.3978195,0.023808159,0.028972393,0.042282965,0.04562719,0.050048687,0.033426333,0.60883117,0.035983596,4.750631,0.05725034,0.033034716,0.03640605,2024-04-06 10:31:00
2.3608859,0.047867693,2.369663,0.0141897565,0.015498178,0.019988209,0.0207517,0.07161488,0.028995952,0.125744,0.046098717,0.16459388,0.1017786,2.6763918,1.1443405,2.4266198,0.010499276,0.025779491,0.050928403,0.04156025,0.04633177,0.019110665,0.56194705,0.0129493065,4.8180633,0.038778406,0.03850673,0.04026083,2024-04-06 10:32:00
2.3531508,0.047228474,2.3593915,0.019491749,0.023243994,0.032703374,0.040497582,0.06559592,0.026415242,0.044822067,0.08258328,0.13514848,0.026289375,2.328285,1.1589625,2.6885722,0.0074218926,0.026304502,0.04549851,0.045283914,0.045415413,0.03609234,0.8097386,0.02165011,4.9621987,0.035728373,0.03828278,0.034122046,2024-04-06 10:33:00
2.3561022,0.091655284,2.4382923,0.014447212,0.018682713,0.019816257,0.025544984,0.11271094,0.028988909,0.04608105,0.12552698,0.14979441,0.030710435,2.283772,1.0379249,2.6945894,0.023029003,0.026866857,0.046386957,0.045018878,0.047249097,0.02100654,0.60445994,0.027683968,4.8579235,0.03127577,0.03341406,0.038271226,2024-04-06 10:34:00
2.3570313,0.046707276,2.4003835,0.013570869,0.02078249,0.025266133,0.033464942,0.10791851,0.018236188,0.044527307,0.13893326,0.09891303,0.03131934,2.3237972,0.9816298,2.7084234,0.023990067,0.024617167,0.044765916,0.05134777,0.037841477,0.03626866,1.1523879,0.019954529,5.013498,0.041703388,0.044321615,0.035930492,2024-04-06 10:35:00
2.4157255,0.052643597,2.5278075,0.01817744,0.027120503,0.020424817,0.02121492,0.08932753,0.028638858,0.08066413,0.113273,0.25698206,0.038465243,2.6807241,1.0234321,2.6774127,0.025412496,0.021417174,0.03482313,0.03899643,0.14576471,0.00836195,0.6171696,0.02171393,5.0779014,0.045684416,0.0477737,0.035578214,2024-04-06 10:36:00
2.360768,0.06232827,2.5443203,0.021661688,0.026103936,0.020481162,0.02461292,0.057319175,0.026298344,0.049412668,0.10160501,0.29389393,0.08819349,2.328424,1.0805913,2.7022638,0.02053003,0.020919088,0.038967412,0.045150626,0.043927196,0.017677724,0.7815666,0.030581856,5.031572,0.033009984,0.03173439,0.03415737,2024-04-06 10:37:00
2.3557308,0.095245086,2.4937925,0.033494137,0.023365697,0.019875444,0.024330482,0.046006314,0.028271483,0.04980042,0.095697075,0.20589988,0.03836811,2.3305392,1.0393476,2.7362278,0.012550232,0.033273123,0.050129928,0.04490809,0.045180365,0.026324771,0.5648434,0.016887108,4.9740124,0.04215309,0.029160947,0.03332018,2024-04-06 10:38:00
2.4374688,0.0417595,2.5653498,0.019375484,0.026929952,0.021749854,0.029577894,0.058459815,0.048814498,0.078147635,0.2067629,0.19394873,0.100395314,2.65604,0.9654674,2.8438413,0.015002113,0.024389619,0.040837944,0.036238477,0.05560133,0.02010476,0.8244755,0.031251036,5.0706964,0.023005402,0.023447433,0.036576103,2024-04-06 10:39:00
2.3213294,0.13569821,2.6228814,0.029853504,0.024285376,0.050023723,0.025527779,0.08652915,0.028127931,0.077293865,0.24785616,0.19901156,0.029665671,2.4005363,0.9662016,2.9453135,0.021707106,0.024348903,0.0660307,0.04137957,0.050500695,0.036991637,0.5639188,0.027452542,5.107886,0.036168613,0.041457012,0.038359936,2024-04-06 10:40:00
2.4057088,0.03959868,2.5661204,0.025826935,0.025965057,0.031339824,0.037246585,0.0875864,0.02733664,0.07521334,0.16572663,0.24101725,0.027531147,2.3537183,1.0226113,2.8179862,0.018084712,0.02431325,0.04128407,0.04489646,0.0481879,0.03859226,0.84152085,0.02420615,5.089031,0.03420571,0.031636514,0.035795614,2024-04-06 10:41:00
2.3234909,0.048298996,2.5792928,0.01443689,0.021582961,0.01931515,0.020763371,0.04571367,0.029181063,0.04835444,0.22324651,0.27960387,0.038838975,2.6477182,1.0280846,2.8085427,0.02070672,0.018459748,0.027290773,0.03568363,0.04403445,0.09410161,0.58446723,0.018655807,4.8041444,0.029171778,0.045936946,0.038543694,2024-04-06 10:42:00
2.31906,0.06674663,2.6575234,0.017965807,0.0223163,0.023544589,0.029105425,0.0735625,0.020404292,0.13088812,0.29065418,0.3269778,0.034476537,2.3847728,0.9704718,2.9434218,0.017204275,0.03143768,0.04416147,0.05042518,0.045104347,0.01608935,0.8442218,0.03893917,4.8688574,0.02761883,0.033775598,0.040661056,2024-04-06 10:43:00
2.3213387,0.048151147,2.6452305,0.012747226,0.018290674,0.025158826,0.025507366,0.078699306,0.02743345,0.08114126,0.45757842,0.34311953,0.07214488,2.372615,1.0248307,2.9085755,0.015258703,0.020649754,0.03768187,0.0447851,0.04783487,0.016291603,0.5755525,0.026421107,5.051351,0.030228214,0.033783875,0.03750233,2024-04-06 10:44:00
2.3194394,0.05129401,2.6246169,0.017823886,0.013772488,0.02971153,0.03196537,0.057795573,0.026530351,0.046020355,0.45385003,0.23269099,0.040459435,2.3399599,1.0163509,2.9101987,0.005898117,0.02594703,0.043610916,0.044856414,0.032551154,0.010096664,0.8247129,0.019596161,4.973974,0.03762781,0.04789241,0.04566613,2024-04-06 10:45:00
2.4004798,0.06598738,2.60282,0.024780586,0.028437622,0.02492229,0.033439334,0.048793472,0.029849183,0.059088573,0.37997118,0.10041633,0.08722164,2.311636,1.0184675,2.7078207,0.03727736,0.020155739,0.05492892,0.044807862,0.04351276,0.020755867,0.76877815,0.017884934,4.965618,0.043786045,0.034313343,0.037032124,2024-04-06 10:46:00
2.3204296,0.048493426,2.6759586,0.02901403,0.021018034,0.04569418,0.031152971,0.054775055,0.013656969,0.060168944,0.37991118,0.35002747,0.077549435,2.350982,1.0223259,2.7524006,0.026033109,0.03199583,0.043691043,0.040625192,0.034353264,0.03243611,0.5527987,0.028231636,4.657981,0.026005922,0.024303768,0.037360426,2024-04-06 10:47:00
2.3792298,0.130657,2.6742861,0.015167488,0.034173224,0.022529257,0.031693235,0.0717962,0.029437805,0.048018914,0.45071706,0.22743648,0.03147217,2.4645116,1.007089,2.5227273,0.0111914305,0.017268524,0.044817936,0.03621295,0.042114027,0.021213207,0.56756604,0.050940827,4.300465,0.028746493,0.02345639,0.045528606,2024-04-06 10:48:00
2.6471927,0.04662144,2.7371469,0.027256217,0.023382014,0.015676325,0.020692868,0.046893634,0.02135706,0.0809405,0.51653206,0.20239322,0.06937733,2.6564708,1.0496792,2.2995129,0.025143608,0.023876589,0.041432384,0.035708014,0.054282703,0.01933739,0.8538608,0.028238915,4.293893,0.03671652,0.050062932,0.035897233,2024-04-06 10:49:00
2.5081923,0.047787365,2.7200048,0.02203102,0.02899727,0.02737296,0.024852509,0.07051205,0.027991472,0.055360995,0.5374735,0.30554357,0.022195242,2.3375652,1.096139,2.2774289,0.0125237,0.013611068,0.07469502,0.040560283,0.044368178,0.021344721,0.6025724,0.02258124,4.1985416,0.046252403,0.031889323,0.035973687,2024-04-06 10:50:00
2.5036662,0.049397822,2.6900406,0.01756843,0.0184097,0.024970658,0.038606845,0.059431624,0.028250374,0.102479614,0.46230745,0.11307713,0.05693083,2.349053,1.0849259,2.2886457,0.013075971,0.030279778,0.04564822,0.046251677,0.04254123,0.035077747,0.5654799,0.023803616,4.042594,0.041741624,0.038639683,0.037918724,2024-04-06 10:51:00
2.5809126,0.062177144,2.7175984,0.1623924,0.018473493,0.024738593,0.019800654,0.05663701,0.026045969,0.03886947,0.45125553,0.24473065,0.06020212,2.3072953,1.0789082,2.453781,0.011963709,0.025510605,0.04681431,0.045384742,0.043668523,0.01734892,0.57500696,0.019975118,4.0654254,0.03206335,0.022730906,0.032799788,2024-04-06 10:52:00
2.547215,0.09296021,2.718143,0.0158739,0.026742147,0.021435749,0.02810431,0.057761002,0.023519004,0.051869992,0.37095344,0.1670434,0.014864642,2.3593578,1.0927389,2.31115,0.018394489,0.018384088,0.048154827,0.0449217,0.04297964,0.01964386,0.6078736,0.018128667,4.0841546,0.038043596,0.032307196,0.04449803,2024-04-06 10:53:00
2.5551968,0.039453372,2.7631667,0.019846713,0.02347832,0.021751955,0.024213398,0.059964582,0.033253934,0.039356448,0.40891418,0.22954847,0.12345734,2.4119225,1.0443494,2.3753717,0.028465025,0.027694108,0.0762583,0.036340456,0.05108332,0.018470073,0.9194335,0.023652693,4.2306724,0.047837898,0.041720897,0.037219618,2024-04-06 10:54:00
2.554673,0.045678407,2.7847905,0.022600187,0.030570475,0.026104938,0.020561669,0.050945316,0.019665467,0.062704064,0.38202384,0.31541178,0.033637922,2.370778,1.0375767,2.2914956,0.019330295,0.024721343,0.06059842,0.03598833,0.042750128,0.019101301,0.7921972,0.021981072,4.14741,0.054179,0.029734608,0.03475997,2024-04-06 10:55:00
2.6142411,0.047942698,2.7700894,0.017309258,0.023454646,0.02628501,0.032633923,0.04984924,0.023754174,0.048993405,0.3729644,0.403665,0.025796816,2.3520591,1.1121974,2.3914933,0.025114566,0.02527647,0.08597013,0.048082087,0.037375536,0.032038767,0.7310844,0.024946373,4.3566933,0.049311996,0.023768594,0.04621608,2024-04-06 10:56:00
2.5853674,0.045681197,2.7683816,0.025884772,0.027099261,0.0278738,0.02446939,0.053636886,0.026253438,0.05968145,0.115335874,0.31297266,0.06528792,2.6643317,1.0862085,2.3572493,0.025313558,0.016074462,0.111507274,0.036417402,0.050488055,0.02042382,0.57523054,0.024117172,4.3425536,0.04886116,0.038634803,0.036427595,2024-04-06 10:57:00
2.5495293,0.035402317,2.6781416,0.036549803,0.016717201,0.02027029,0.018754655,0.0719285,0.019662676,0.08046757,0.10272016,0.26140046,0.027364796,2.4282334,1.1018902,2.489667,0.04133264,0.024042077,0.045973826,0.042220596,0.03622384,0.02173213,0.7606722,0.021700066,4.2180114,0.051074073,0.065762274,0.03697063,2024-04-06 10:58:00
2.6022553,0.038844332,2.7955587,0.019421315,0.025413929,0.037072033,0.021609815,0.056430373,0.014031785,0.04724541,0.05213872,0.26897165,0.039911624,2.6997666,1.1271324,2.3907974,0.019734973,0.02771065,0.068837225,0.03707922,0.03667463,0.017077696,0.596973,0.016564015,4.311383,0.039881207,0.023380265,0.03444648,2024-04-06 10:59:00
2.6253226,0.0406068,2.7199492,0.018401718,0.03234879,0.016922317,0.03297221,0.055102978,0.017342702,0.06053368,0.024589088,0.15604465,0.11743565,2.659029,1.1258746,2.5055013,0.0085881045,0.023146566,0.066083945,0.03569557,0.035205852,0.022580061,0.63935035,0.02797258,4.333883,0.050462496,0.038210977,0.04708537,2024-04-06 11:00:00
2.6058838,0.051168405,2.8237348,0.02131865,0.03145533,0.03875326,0.02664799,0.055524886,0.025228163,0.04677019,0.06729489,0.2627092,0.03920009,2.3142207,1.1747746,2.5265498,0.009807599,0.030825796,0.03371644,0.04672179,0.052861292,0.018710176,0.834424,0.032458063,4.4028764,0.044710036,0.037564162,0.030856626,2024-04-06 11:01:00
2.6724546,0.048846763,2.9270415,0.02375862,0.02100305,0.025845591,0.029813824,0.060813274,0.048924234,0.055809513,0.076964,0.39098257,0.053214535,2.3155537,1.1271342,2.6029735,0.017849023,0.027112434,0.044438448,0.04699744,0.040610556,0.019397454,0.7374938,0.02719977,4.3308873,0.02365967,0.020305254,0.03259125,2024-04-06 11:02:00
2.61334,0.045875106,2.8699245,0.025564134,0.036541477,0.018844917,0.026007267,0.17422597,0.019755924,0.09261044,0.12018917,0.3570937,0.022066306,2.6736984,1.1573434,2.6913724,0.030202473,0.02430812,0.051040825,0.03595963,0.045852643,0.029473798,0.8217286,0.024030676,4.2781224,0.040730562,0.081980735,0.022438198,2024-04-06 11:03:00
2.614697,0.039050587,2.9400108,0.01774536,0.024571413,0.02511539,0.02241527,0.054456577,0.037383325,0.044246826,0.090502135,0.10308051,0.041914687,2.699414,1.1541066,2.776746,0.025137441,0.023401473,0.039791632,0.043852042,0.035025325,0.027539328,0.5779989,0.027746769,4.4497232,0.047262102,0.0319294,0.022763371,2024-04-06 11:04:00
2.6422637,0.040382285,3.383317,0.016708016,0.022635654,0.01690583,0.02953275,0.054544803,0.02385979,0.10252497,0.06493261,0.26005283,0.073366895,2.3193514,1.1160754,2.8246796,0.015477368,0.021076161,0.04092589,0.036634084,0.03668588,0.020338217,0.54747146,0.021339837,4.375145,0.04473448,0.02327825,0.014805516,2024-04-06 11:05:00
2.5819166,0.04425358,3.1455686,0.03433548,0.06317892,0.01958917,0.024374664,0.048067987,0.026447034,0.05567235,0.09112889,0.22942477,0.022916704,2.308334,1.1572106,2.7568042,0.016727274,0.02327327,0.043537278,0.04491982,0.08554012,0.02950959,0.77784896,0.025718115,4.4824653,0.040808506,0.033310305,0.02239335,2024-04-06 11:06:00
2.6196902,0.04708626,3.0114238,0.027008899,0.023773257,0.031341087,0.040258497,0.053616963,0.024697326,0.054840278,0.099598914,0.15967058,0.040519975,2.8804154,1.1530012,2.6041079,0.040507987,0.020797536,0.0401943,0.036280233,0.0429253,0.100691095,0.5591435,0.027695393,4.408102,0.022746773,0.030325204,0.017609145,2024-04-06 11:07:00
2.6915834,0.06561899,2.9925065,0.018389113,0.014131958,0.021275438,0.024431687,0.07156727,0.027124306,0.056730386,0.09134578,0.07134057,0.1007848,2.7148254,1.1691434,2.6713536,0.03181797,0.037655402,0.046161685,0.041271087,0.045055736,0.03008353,0.56945276,0.021242525,4.2168036,0.03935107,0.041161485,0.040442992,2024-04-06 11:08:00
2.616071,0.08833286,3.0274582,0.018367624,0.02052485,0.019827886,0.020194953,0.0561185,0.034617234,0.061036125,0.091738604,0.35319895,0.03858224,2.5084133,1.1388401,2.7111049,0.022380183,0.023063084,0.046211652,0.04424767,0.045456894,0.017930944,0.5679699,0.01719055,4.3007154,0.04188938,0.02286866,0.04157188,2024-04-06 11:09:00
2.6195798,0.06816344,2.9073486,0.015511267,0.017412359,0.013652985,0.023422264,0.076137766,0.036526863,0.052580185,0.10927933,0.07255622,0.12266249,2.5715184,1.1972574,2.7341373,0.026344113,0.029108902,0.04174495,0.03578264,0.044930324,0.022786045,0.6306351,0.03397974,4.246762,0.033969466,0.03065758,0.03837856,2024-04-06 11:10:00
2.6995804,0.07113461,2.9844673,0.18351677,0.020374281,0.019115275,0.019965077,0.06773976,0.024212355,0.06050019,0.07434919,0.18774036,0.06882001,2.6488614,1.2625737,3.0683296,0.026298292,0.026904788,0.055441078,0.0392261,0.036006454,0.02972192,0.87562436,0.022462834,4.178733,0.035778895,0.032483477,0.04110556,2024-04-06 11:11:00
2.5871189,0.04641304,2.861249,0.017725855,0.037872933,0.027773976,0.024567826,0.11622853,0.035158567,0.09368399,0.12008125,0.18764076,0.046749365,2.3814867,1.326859,3.023002,0.027016506,0.036931895,0.041940376,0.04509015,0.044809707,0.03800642,0.573853,0.03312418,4.12369,0.03888407,0.03153753,0.03319026,2024-04-06 11:12:00
2.6196456,0.05146708,2.9375098,0.020074166,0.01932708,0.026178172,0.025731629,0.12236502,0.027569648,0.056731142,0.08186796,0.33032787,0.018823,2.3252475,1.3058338,3.3062901,0.030068107,0.020344492,0.043560274,0.042301115,0.046023294,0.024178512,0.8337943,0.026074078,4.198865,0.029978095,0.023874113,0.037188746,2024-04-06 11:13:00
2.5875049,0.09990437,2.94127,0.026559396,0.023054427,0.021716481,0.03358482,0.049708214,0.028606543,0.05816826,0.08845883,0.16905683,0.050877944,2.3252196,1.2575071,3.466172,0.017054176,0.03204878,0.03602517,0.043052696,0.04412221,0.020832906,0.64512485,0.021187373,4.1982217,0.037701547,0.022419076,0.044089,2024-04-06 11:14:00
2.5869074,0.049245287,2.9820812,0.017028773,0.023548188,0.02404487,0.018145403,0.036094934,0.021544809,0.058333773,0.054006953,0.37473446,0.069882125,2.6589744,1.2891275,3.501013,0.018706307,0.024144432,0.033338267,0.04322232,0.0334162,0.025145138,0.83531696,0.023791734,4.3086433,0.04806998,0.07345144,0.03742612,2024-04-06 11:15:00
2.5818927,0.053152572,3.0910788,0.012744267,0.023319338,0.02033377,0.031490307,0.05024114,0.030464672,0.05153566,0.023131792,0.2877517,0.06597682,2.362163,1.2331135,3.5045204,0.01537394,0.023229893,0.03184146,0.04492508,0.047655385,0.012450568,0.619091,0.021888098,4.3264885,0.036650646,0.031387266,0.036604136,2024-04-06 11:16:00
2.592071,0.04810622,3.2314146,0.02077292,0.02237204,0.020564396,0.023474758,0.11306614,0.021764686,0.06211278,0.04905146,0.32004502,0.03833517,2.3555684,1.244715,3.4731102,0.062400505,0.026417023,0.03057531,0.039206497,0.04024293,0.021146603,0.6608855,0.01922093,4.4847703,0.06283564,0.024096958,0.036724586,2024-04-06 11:17:00
2.5819843,0.047276672,3.2429523,0.020261012,0.02121967,0.027273549,0.026543241,0.0510279,0.01933072,0.041223403,0.04238563,0.07032055,0.02747076,2.307606,1.306635,3.4027975,0.011131174,0.015684541,0.040937982,0.048288997,0.047976743,0.016586345,0.6040264,0.023776626,4.5288734,0.09003323,0.033452682,0.0353103,2024-04-06 11:18:00
2.5863717,0.07154249,3.2437677,0.015439461,0.021404618,0.02131187,0.025475673,0.066115975,0.018073214,0.05621972,0.043686256,0.22566898,0.04952666,2.620725,1.3126941,3.368878,0.0075213886,0.026234455,0.036650382,0.03625522,0.036772415,0.037301656,0.6089865,0.02212105,4.453728,0.06487839,0.109869204,0.037519507,2024-04-06 11:19:00
2.587325,0.056219034,3.2591105,0.019124681,0.025891118,0.0254839,0.030047508,0.1750051,0.039104432,0.047936082,0.03433266,0.30020553,0.10704445,2.7467754,1.2340177,3.362146,0.02138956,0.023872307,0.037290722,0.044899575,0.05085831,0.029620945,0.59421885,0.023017973,4.571836,0.06273679,0.023316583,0.035689566,2024-04-06 11:20:00
2.6460166,0.046786737,3.4212515,0.019040082,0.027781116,0.027340343,0.024735425,0.056137137,0.025283298,0.039327316,0.06313988,0.24517848,0.04980464,2.3410437,1.2728885,3.2475173,0.024961714,0.03655035,0.038254317,0.036114752,0.037449837,0.018037807,0.85104644,0.032967385,4.434752,0.08534228,0.02167889,0.03769461,2024-04-06 11:21:00
2.560186,0.09397432,3.2094,0.021049578,0.025022006,0.06748115,0.019889725,0.11506378,0.04021704,0.0684679,0.08410975,0.2828318,0.09010366,2.30858,1.2421377,2.943834,0.0102021145,0.03702305,0.04016236,0.044963762,0.047791608,0.013195259,0.7951368,0.021648582,4.4019475,0.09390351,0.0904689,0.047489557,2024-04-06 11:22:00
2.6187038,0.04900143,3.338526,0.022338301,0.02648035,0.013224704,0.027475951,0.10160276,0.015434076,0.056289453,0.033875875,0.21214841,0.06910264,2.6603014,1.2731348,2.910332,0.025928857,0.02497266,0.0464021,0.035848573,0.061132185,0.01978877,0.6095787,0.019757027,4.6550555,0.09854155,0.023965243,0.035560053,2024-04-06 11:23:00
2.5506566,0.046844322,3.2446105,0.01896427,0.027856775,0.023006372,0.027488343,0.054026205,0.050561212,0.059483085,0.11792375,0.36562705,0.0485712,2.3768885,1.190983,2.8748515,0.018883226,0.018564241,0.045865543,0.04485827,0.054118913,0.018156646,0.6416772,0.019387977,4.4860587,0.059816137,0.04665462,0.04471725,2024-04-06 11:24:00
2.5541089,0.048649907,3.2452962,0.01621025,0.020208705,0.020487789,0.023901967,0.05040674,0.02279203,0.07749807,0.1701082,0.116307266,0.10548874,2.5877051,1.202555,2.939692,0.022867728,0.027318379,0.044046517,0.036099534,0.051498745,0.01799942,0.6430185,0.017678272,4.574833,0.093330346,0.024049764,0.038962945,2024-04-06 11:25:00
2.575652,0.10314747,3.3417668,0.02261701,0.023589112,0.019896539,0.03019157,0.19593482,0.026868472,0.044090718,0.16110615,0.31884244,0.025771642,2.5033908,1.2057493,2.789259,0.021407787,0.02022976,0.037160046,0.04596706,0.04330797,0.023402903,0.54170126,0.024472285,4.5382786,0.1157321,0.027239852,0.040932607,2024-04-06 11:26:00
2.5135534,0.055560563,3.2426448,0.02462731,0.020773264,0.022859806,0.023689954,0.052110665,0.06121555,0.081224605,0.2710845,0.22942883,0.13070059,2.5650277,1.28258,2.803429,0.022395767,0.030317562,0.04471323,0.04586748,0.042038094,0.01673832,0.77270514,0.02671219,4.5731792,0.06391645,0.022114256,0.038497508,2024-04-06 11:27:00
2.439249,0.07234909,3.2776327,0.15633342,0.022137087,0.018945761,0.023377724,0.18245679,0.016715357,0.10140489,0.037826348,0.2420208,0.022109188,2.6914945,1.1852918,2.6999347,0.037150055,0.024867902,0.044196896,0.04808338,0.047113564,0.022626568,0.8799155,0.018730372,4.572712,0.08829107,0.030884137,0.036216505,2024-04-06 11:28:00
2.4933455,0.044982083,3.2392163,0.02116222,0.021010974,0.026044078,0.026294285,0.12542363,0.017977526,0.050970018,0.046114985,0.4107788,0.028109118,2.3675942,1.1515629,2.7030113,0.01817495,0.026184505,0.04078342,0.036065266,0.034881804,0.022285275,0.6548058,0.022527257,4.507561,0.05708466,0.024359724,0.048137162,2024-04-06 11:29:00
2.484406,0.07770578,3.2299628,0.023499584,0.018345902,0.03138731,0.17520757,0.05150374,0.023159742,0.04370357,0.041182958,0.113102406,0.047029883,2.6919339,1.160446,2.6836617,0.010207298,0.02750872,0.022891061,0.044945903,0.043851156,0.0113950595,0.5698242,0.0111882845,4.380573,0.1018449,0.03374299,0.03671696,2024-04-06 11:30:00
1.9979104,0.055188797,3.3105443,0.01697837,0.020758316,0.016016865,0.05369016,0.08024518,0.027974369,0.05492514,0.042869937,0.2908943,0.017340299,2.3518188,1.1529367,2.685106,0.0061060595,0.026565453,0.041183032,0.044923294,0.057134338,0.020672841,0.561495,0.020728063,4.562181,0.09185086,0.031997837,0.038411733,2024-04-06 11:31:00
1.9641565,0.13884547,3.2783854,0.021212593,0.021388073,0.02353242,0.026229318,0.14857523,0.028014785,0.124913424,0.04485024,0.23798986,0.01989066,2.3346846,1.1675481,2.568963,0.014600425,0.03540636,0.046682335,0.05459883,0.044294547,0.019178275,0.56586945,0.021023806,4.699972,0.058852445,0.046867542,0.04256907,2024-04-06 11:32:00
1.9640844,0.056455515,3.3567326,0.020735182,0.01923332,0.01936391,0.029002303,0.062125318,0.039107345,0.053878926,0.048756335,0.28185165,0.023506055,2.6268141,1.1293187,2.5264826,0.025805833,0.023691831,0.042698935,0.04483343,0.04170514,0.01838407,0.56149083,0.02222506,5.0585866,0.06255669,0.032602746,0.03676024,2024-04-06 11:33:00
1.9183179,0.054487024,3.2605495,0.02186076,0.025553944,0.02057229,0.032050047,0.05104146,0.028788297,0.054791316,0.040438104,0.16221897,0.04417441,2.326677,1.0363548,2.5371346,0.030002423,0.022171788,0.043809727,0.0447844,0.05472142,0.021581143,0.84469885,0.02176491,4.9565363,0.076398134,0.035571408,0.037802543,2024-04-06 11:34:00
1.920082,0.10939282,3.2270918,0.01998506,0.025439367,0.032690793,0.032750003,0.13450605,0.028361322,0.07199503,0.046122257,0.22869474,0.033526648,2.6863189,1.0456367,2.5272658,0.008745222,0.030074153,0.047439046,0.047221877,0.068908066,0.017733082,0.5414636,0.023019232,4.552353,0.12190226,0.037065502,0.035938695,2024-04-06 11:35:00
2.0259042,0.047001343,3.369953,0.02219741,0.029595962,0.017060477,0.02908639,0.055043217,0.021476597,0.036055245,0.035541885,0.36666268,0.03603897,2.3522656,1.1174917,2.583337,0.022217792,0.025543423,0.06414729,0.036624894,0.0636021,0.02503996,0.62985206,0.02979555,4.6064954,0.11893896,0.036299516,0.036182974,2024-04-06 11:36:00
1.9948844,0.074282445,3.2141645,0.073447905,0.01985709,0.026720483,0.025036436,0.044456184,0.018129267,0.052121103,0.053617936,0.39748043,0.05853559,2.3575642,1.1622219,2.6527486,0.019175833,0.023156239,0.03813817,0.04626781,0.048340827,0.022268796,0.78385246,0.020415612,4.382072,0.16295755,0.08576922,0.038185094,2024-04-06 11:37:00
1.978607,0.055417195,3.1110752,0.027449433,0.026565494,0.02718131,0.025346437,0.07041653,0.028855262,0.064977385,0.052735653,0.09626688,0.051879272,2.3664885,1.1027995,2.754582,0.020626405,0.027857104,0.057770614,0.046147224,0.035375293,0.020123035,0.9646308,0.01696391,4.4643583,0.15150581,0.036255393,0.0343366,2024-04-06 11:38:00
1.9747579,0.13866894,3.223541,0.021970578,0.027938586,0.023628106,0.038330212,0.05399516,0.028622532,0.044400778,0.042921223,0.07432372,0.025830314,2.4329224,1.0819799,2.6545823,0.028808106,0.028290035,0.046359,0.044896953,0.041555934,0.018950434,0.5585704,0.031467423,4.466497,0.1463325,0.031650715,0.038096055,2024-04-06 11:39:00
2.022597,0.05013461,3.3280337,0.028149487,0.015408632,0.025190147,0.025499813,0.05522446,0.020920627,0.06469851,0.029425794,0.26397374,0.047953777,2.3552775,1.0451943,2.813549,0.017031008,0.027636303,0.045069657,0.06766319,0.048009746,0.033364486,0.758086,0.031602245,4.6125846,0.2290537,0.031933278,0.036249973,2024-04-06 11:40:00
1.9843378,0.049537044,3.3327696,0.023751367,0.01913145,0.020893434,0.031118426,0.05607791,0.023934968,0.06723449,0.041360907,0.29645237,0.06098805,2.388328,1.1355414,2.7752316,0.028241456,0.028650666,0.04614312,0.06545234,0.03589771,0.028302705,0.8597013,0.021642333,4.756952,0.17337099,0.03181673,0.034413382,2024-04-06 11:41:00
1.9774947,0.054672964,3.2531247,0.045432217,0.021344714,0.021987895,0.02327178,0.088820264,0.028308636,0.041455604,0.02130216,0.117802285,0.090430155,2.6491587,1.0425507,2.812272,0.02188756,0.028459609,0.03839912,0.051140167,0.05179613,0.022555854,0.62231874,0.022546079,4.799555,0.14758067,0.020717777,0.046373535,2024-04-06 11:42:00
1.976461,0.04652082,3.2265968,0.021366565,0.024748953,0.029869337,0.032384466,0.04390091,0.02868664,0.07154021,0.033164546,0.27659,0.031855505,2.3653486,1.1273717,2.8782861,0.010233218,0.030972172,0.040173437,0.045440983,0.046749055,0.036383055,0.5772068,0.019283105,4.7785606,0.13848852,0.032776576,0.037878416,2024-04-06 11:43:00
1.9768678,0.047066305,3.2405353,0.023256399,0.02191333,0.023916654,0.032361764,0.06061652,0.027235575,0.06371574,0.022931917,0.080248274,0.050245848,2.3531644,1.2205794,2.9036586,0.030069726,0.026849983,0.03637346,0.036909394,0.040967062,0.019162027,0.5862828,0.01857468,4.7713757,0.1520962,0.032387137,0.035426546,2024-04-06 11:44:00
2.0527694,0.05938816,3.273791,0.15455152,0.02835612,0.021063343,0.6606969,0.086528175,0.02502179,0.05329261,0.033905722,0.13154969,0.06285174,2.3462021,1.1791842,2.8875837,0.011254553,0.029015373,0.040251732,0.04498223,0.04228675,0.15141103,0.57027435,0.021504462,4.889358,0.15168986,0.07095303,0.03633318,2024-04-06 11:45:00
2.0003493,0.05393867,3.2571375,0.023251561,0.012971878,0.0211515,0.024471914,0.06219638,0.020395365,0.10040305,0.039296042,0.2741193,0.1542918,2.690947,1.1771137,3.0058246,0.020343656,0.026348662,0.027929965,0.044813257,0.04397377,0.013971668,0.5652691,0.019700075,4.6452355,0.14121358,0.02547918,0.03692553,2024-04-06 11:46:00
1.9805821,0.053841423,3.3404224,0.11314734,0.031955343,0.020143293,0.025474317,0.051257975,0.02125456,0.07995337,0.040831763,0.08435168,0.10066888,2.3465972,1.2429659,3.090937,0.022085663,0.022859784,0.036430083,0.039847016,0.041838553,0.061095323,0.5513226,0.019817974,4.6454577,0.14439869,0.03525184,0.03728593,2024-04-06 11:47:00
2.0007515,0.050780512,3.3165948,0.017371155,0.017912155,0.02119505,0.028186219,0.12925504,0.021682028,0.054759562,0.05868906,0.24339917,0.10337666,2.69384,1.2473996,3.0031,0.015483037,0.028063258,0.050221626,0.035642132,0.032255713,0.021595472,0.64328665,0.03744984,4.528936,0.1356412,0.017700525,0.037739605,2024-04-06 11:48:00
1.9751542,0.05016708,3.212745,0.022634106,0.023650287,0.018997768,0.030679142,0.06769261,0.023549901,0.06354724,0.01619776,0.14608464,0.036962394,2.330643,1.2652138,3.1199994,0.017060196,0.026545063,0.038446732,0.040611584,0.035005603,0.16451463,0.8609395,0.025943233,4.5423913,0.14430845,0.031711705,0.03512244,2024-04-06 11:49:00
1.9805859,0.05241012,3.3581238,0.021182947,0.030410657,0.019833755,0.027832588,0.06015604,0.016466333,0.048070207,0.039270755,0.29710317,0.030245438,2.406356,1.2766776,3.1780863,0.017822973,0.02516523,0.044840794,0.039507423,0.059995446,0.023240758,0.84997314,0.052668985,4.630343,0.12287278,0.052987304,0.036114287,2024-04-06 11:50:00
1.9417038,0.048186935,3.3297741,0.02396082,0.017733557,0.017267562,0.17913724,0.09612636,0.019819345,0.049598143,0.051166493,0.37859535,0.029079042,2.3782303,1.2515876,3.1151423,0.03192846,0.022020364,0.03261427,0.0357011,0.033383038,0.01797887,0.7682768,0.025311448,4.5218315,0.112807505,0.03245116,0.036403444,2024-04-06 11:51:00
1.9707919,0.054027822,3.3134987,0.14179654,0.03637818,0.019142266,0.035322666,0.06506434,0.027656175,0.03783152,0.07135086,0.18858173,0.013535502,2.3612933,1.2488531,3.0903928,0.025250208,0.027835496,0.037243806,0.036536735,0.04971871,0.01863338,0.85322106,0.023536514,4.5504737,0.13427202,0.02675438,0.03923942,2024-04-06 11:52:00
1.9437199,0.13020529,3.1378946,0.022333924,0.020970646,0.026847085,0.033217482,0.056384213,0.028322998,0.047989137,0.05857465,0.37561122,0.039777216,2.3300197,1.2719203,3.2584536,0.029168552,0.03467584,0.03633381,0.04517513,0.043274485,0.04226925,0.66724944,0.029496599,4.485063,0.1561237,0.032803748,0.046073597,2024-04-06 11:53:00
1.9416544,0.04592852,3.189054,0.018575106,0.016712537,0.0258603,0.063059814,0.055357747,0.028365882,0.053778723,0.077151515,0.26666093,0.06217913,2.676696,1.3589057,3.384499,0.02507733,0.025065966,0.03892554,0.044825003,0.049960162,0.01921139,0.5514113,0.028186291,4.4600797,0.16739829,0.032448746,0.038199533,2024-04-06 11:54:00
1.9737864,0.07183995,3.2747042,0.019808384,0.02687444,0.02875586,0.034189265,0.15693532,0.015044795,0.0638804,0.03533895,0.38636097,0.060903393,2.6658142,1.2646139,3.3855014,0.014815709,0.0272989,0.036543336,0.067780495,0.033973455,0.020500753,0.5888821,0.022366792,4.505669,0.17974448,0.045931477,0.037241973,2024-04-06 11:55:00
1.9783599,0.048978876,3.3768015,0.016630083,0.027892934,0.019909604,0.03474121,0.056320067,0.044805735,0.059769113,0.047676653,0.10857448,0.030586183,2.3294199,1.3021364,3.9412708,0.024838664,0.032159444,0.042648196,0.04581447,0.057296988,0.02085081,0.79971904,0.022667916,4.5993285,0.14548443,0.023045545,0.033059787,2024-04-06 11:56:00
1.9782431,0.05142588,3.2228146,0.018858824,0.034779206,0.024483114,0.03702289,0.08628892,0.029120905,0.058892198,0.033502053,0.13535285,0.08358812,2.7085788,1.283278,3.775699,0.022594275,0.019346524,0.036187835,0.04839055,0.048238225,0.012732309,0.87630403,0.029452147,4.586473,0.15197538,0.032133657,0.03611163,2024-04-06 11:57:00
2.010159,0.055365313,3.3481479,0.021380708,0.023381786,0.016608374,0.03963321,0.17182331,0.027272815,0.04611285,0.03488186,0.2680298,0.07704234,2.3503418,1.306347,4.010406,0.03193701,0.027481377,0.038508438,0.041580383,0.035029642,0.018302139,0.6128362,0.07119866,4.798424,0.21586674,0.033054613,0.03524645,2024-04-06 11:58:00
2.0600722,0.113279276,3.326436,0.017657198,0.026796507,0.02575462,0.039139602,0.061283052,0.02792585,0.056098387,0.036188465,0.30200878,0.033720978,2.35416,1.2697939,3.833052,0.05077221,0.023843138,0.030650984,0.045934986,0.041393775,0.018574195,0.54869103,0.025228482,4.6763496,0.16667522,0.022810388,0.028524933,2024-04-06 11:59:00
2.021481,0.052637983,3.3283148,0.018736036,0.0236788,0.025284002,0.035382893,0.054256346,0.02702405,0.056436308,0.020484809,0.32337856,0.037672434,2.7270172,1.316009,4.0019045,0.017135205,0.026942577,0.023035727,0.04482139,0.046134107,0.021992669,0.73300767,0.028954096,4.6855907,0.2269184,0.032968424,0.038813177,2024-04-06 12:00:00
2.090441,0.046560347,3.250536,0.02098643,0.030406384,0.021942131,0.034459736,0.059025265,0.027392667,0.047073346,0.038428247,0.30460054,0.058964904,2.319972,1.1922429,3.6608016,0.025900677,0.03262038,0.04820484,0.041700773,0.056620166,0.02169103,0.8920333,0.022696491,4.8035603,0.16395181,0.026161414,0.045131486,2024-04-06 12:01:00
2.017129,0.05247011,3.2306511,0.015111063,0.030011749,0.017153168,0.037235834,0.17978604,0.026763389,0.08467055,0.041556396,0.31967255,0.12450248,2.6851168,1.062941,3.7093635,0.013138358,0.028671255,0.03929338,0.03596095,0.0478061,0.018856991,0.6257095,0.032480333,4.7004123,0.19395907,0.023756774,0.038199082,2024-04-06 12:02:00
2.0235069,0.044309445,3.2185004,0.021119088,0.028191231,0.038175363,0.047671184,0.054846443,0.018558362,0.064823434,0.029148282,0.18344638,0.031260464,2.7101793,0.9691267,3.6176481,0.012559474,0.033929702,0.043323882,0.04484593,0.03187394,0.024720456,0.60417897,0.01775473,4.6571155,0.2119098,0.039853916,0.040483724,2024-04-06 12:03:00
2.063295,0.03988124,3.3095272,0.046267565,0.016354706,0.02207193,0.03932227,0.06067874,0.016741844,0.05647584,0.03229039,0.34395075,0.038797867,2.3328805,0.96543205,3.6614494,0.022058476,0.03145449,0.033697348,0.04531803,0.03469094,0.018756077,0.81140506,0.021638947,4.738496,0.14741896,0.021693945,0.033045214,2024-04-06 12:04:00
2.0612178,0.053824548,3.3416154,0.12334384,0.02122826,0.019522363,0.0340739,0.17567874,0.028746182,0.05800524,0.035098866,0.34222695,0.06409537,2.3195822,1.0403856,3.5742729,0.023552816,0.028503833,0.04603211,0.039241277,0.042841285,0.01864052,0.8389446,0.018729966,4.697058,0.15957302,0.023427699,0.04630443,2024-04-06 12:05:00
2.0704446,0.06834398,3.3537896,0.034508236,0.027981708,0.016725415,0.03096734,0.09660405,0.037150476,0.038128734,0.037734672,0.33264968,0.029990505,2.3627717,1.0164152,3.6477485,0.017884996,0.02810137,0.043356717,0.036529914,0.058835782,0.021719169,0.79683137,0.027407173,4.7165303,0.16474938,0.024113882,0.03832599,2024-04-06 12:06:00
2.06204,0.05102921,3.261933,0.015965976,0.03439392,0.018554227,0.029419497,0.08534916,0.034086566,0.030547138,0.05991819,0.26826784,0.03499577,2.3969178,1.0763396,3.6877015,0.016233632,0.027769499,0.049312517,0.04021198,0.045986965,0.022042373,0.76924056,0.02283665,4.82835,0.13933417,0.030935422,0.03803067,2024-04-06 12:07:00
2.0644405,0.046619307,3.2563353,0.017664205,0.017010067,0.023499161,0.027632495,0.14638793,0.020916263,0.10456584,0.094293274,0.2222277,0.04946653,2.255229,1.1981057,3.3605428,0.028006844,0.029190412,0.034240417,0.04473648,0.038806267,0.023216354,0.699414,0.029749613,4.897451,0.2698841,0.024307761,0.118156694,2024-04-06 12:08:00
2.0236068,0.047756933,3.167855,0.021012546,0.01931073,0.025633398,0.024649737,0.06003521,0.02876465,0.06464378,0.16441533,0.09393836,0.032803487,2.427105,1.1725518,3.3925042,0.024990695,0.032242365,0.047533285,0.044819284,0.048771814,0.048487168,0.9243898,0.023841264,4.721754,0.27182,0.031898994,0.033359803,2024-04-06 12:09:00
2.025651,0.047159184,3.3836286,0.019261342,0.021317145,0.023679744,0.02480195,0.055294607,0.03467018,0.03854135,0.2936517,0.3761857,0.02328817,2.3702197,1.2214335,3.4208748,0.01741469,0.028911352,0.044384755,0.04481215,0.044922855,0.019537466,0.7321959,0.018606883,4.730301,0.25341713,0.031702086,0.025211135,2024-04-06 12:10:00
2.0206168,0.04577063,3.2622533,0.018721102,0.024946403,0.0200933,0.021244936,0.14550442,0.02381302,0.04461737,0.2749145,0.3294691,0.054480754,2.3382964,1.2145857,3.3900378,0.015583455,0.031162757,0.05557565,0.04351009,0.047877394,0.018597249,0.719271,0.02898709,4.6785073,0.30606982,0.028687783,0.03487718,2024-04-06 12:11:00
2.0215118,0.04448324,3.2594051,0.018612865,0.014077474,0.06989537,0.017261064,0.06342268,0.043544125,0.05299417,0.32189095,0.3901505,0.09992509,2.6915348,1.2217884,3.434096,0.01927681,0.031104265,0.031979207,0.036118455,0.039834596,0.015727634,1.0171399,0.026441427,4.5903645,0.31278124,0.03143069,0.03603265,2024-04-06 12:12:00
2.020093,0.04353686,3.294565,0.01914921,0.030539826,0.029841673,0.03108686,0.090829425,0.02926939,0.044039372,0.3127513,0.14777979,0.02156906,2.3972363,1.2692667,3.4043863,0.023247007,0.02725174,0.048637934,0.035952207,0.040561624,0.028856017,0.5759905,0.01750427,4.745787,0.18953963,0.032373294,0.034370717,2024-04-06 12:13:00
2.0480285,0.044140276,3.302625,0.04506671,0.022547267,0.020706989,0.024328254,0.12407223,0.025741378,0.03957993,0.29272172,0.11077168,0.0686016,2.3600097,1.2668675,3.317645,0.014838844,0.03170968,0.040979702,0.04723796,0.041229416,0.020117277,0.596458,0.030410882,4.7577734,0.22930858,0.028571725,0.056670513,2024-04-06 12:14:00
2.0726361,0.04441421,3.2725885,0.019567706,0.025686467,0.019585187,0.027663793,0.0885549,0.022275336,0.03893382,0.27453285,0.3870068,0.09201246,2.4006622,1.2316989,3.270264,0.02119069,0.026103763,0.059628293,0.035801,0.032537673,0.022088284,0.705047,0.028081646,4.75471,0.24340431,0.021121597,0.034946233,2024-04-06 12:15:00
2.0206625,0.073706314,3.153017,0.020517763,0.019680647,0.022449275,0.022007396,0.059572507,0.01956554,0.044546485,0.34173128,0.13475996,0.03472351,2.4035294,1.1882915,3.3185256,0.010175065,0.029156389,0.04536192,0.045010198,0.03320909,0.02400917,0.6540792,0.032686546,4.703012,0.25263003,0.0332308,0.033978958,2024-04-06 12:16:00
2.0623608,0.04555104,3.264621,0.016992535,0.0251085,0.020547887,0.031047303,0.163654,0.025149152,0.039246477,0.3250275,0.29332507,0.05107057,2.6535928,1.2636275,3.4284737,0.02655051,0.042191364,0.040980693,0.0404151,0.049273457,0.028132174,0.7959261,0.017992476,4.8044524,0.22827788,0.023252755,0.03410639,2024-04-06 12:17:00
2.0778992,0.08032317,3.2437484,0.018880617,0.018913405,0.024199769,0.029009447,0.059939995,0.02474499,0.060067996,0.28185365,0.20683117,0.10603636,2.3289108,1.2961942,3.455484,0.024029562,0.02962511,0.03638529,0.04641032,0.037157092,0.02040094,0.86588514,0.0263166,4.9117026,0.27832818,0.024614627,0.01632619,2024-04-06 12:18:00
2.0258791,0.05079644,3.370737,0.014327743,0.02979936,0.01676146,0.028119693,0.053717043,0.019007863,0.06493031,0.27001342,0.12265647,0.06918772,2.3476255,1.2636963,3.4387572,0.024363298,0.034105435,0.043357387,0.03626976,0.03154834,0.028023155,0.62304854,0.02836628,4.9541554,0.26775727,0.027663456,0.046126265,2024-04-06 12:19:00
1.9859996,0.04022501,3.2757354,0.021621196,0.02567131,0.014984753,0.028802624,0.11221589,0.029219419,0.053253673,0.41617715,0.27424413,0.02494381,2.3376832,1.3616779,3.4271545,0.019073347,0.029090079,0.04014714,0.035962276,0.041810233,0.029196385,0.60322386,0.021918228,4.6330557,0.27780014,0.034402795,0.037653744,2024-04-06 12:20:00
1.9921073,0.046108186,3.2461402,0.014492066,0.017762505,0.021735435,0.20373222,0.047667935,0.029704489,0.056672372,0.36150664,0.13146272,0.15008819,2.6958342,1.3816946,3.2757406,0.011843745,0.030473365,0.052819375,0.045900192,0.042067125,0.018573176,0.58563167,0.07601804,4.49359,0.33658928,0.03099137,0.03745094,2024-04-06 12:21:00
2.030946,0.06864784,3.2356198,0.0148259215,0.043942377,0.024205301,0.029465504,0.068241425,0.02895406,0.11745175,0.27880466,0.18621503,0.036382895,2.3460753,1.3125364,3.2723036,0.007345697,0.024210034,0.046325378,0.044978578,0.04730851,0.030056072,0.67983496,0.021788917,4.6406918,0.30097732,0.041063152,0.04289639,2024-04-06 12:22:00
1.9530857,0.04490262,3.1962817,0.013759532,0.023194522,0.024120519,0.02640147,0.11135007,0.0317983,0.058818486,0.34667,0.10346448,0.07884306,2.3799727,1.321779,3.463061,0.012939874,0.02486646,0.03693468,0.040791612,0.04940437,0.020421151,0.5999213,0.020981126,4.5969195,0.3872582,0.038079623,0.03612807,2024-04-06 12:23:00
1.9493934,0.045905832,3.1282947,0.030220583,0.029366964,0.029885093,0.026530184,0.06681213,0.028244385,0.08343912,0.42610508,0.30617675,0.042548142,2.7055485,1.3181353,3.266435,0.02216984,0.030408239,0.07099104,0.04607543,0.038151722,0.014349833,0.617017,0.017037481,4.821882,0.32976514,0.032453243,0.036597196,2024-04-06 12:24:00
1.91486,0.046888843,3.1215553,0.022913301,0.023803307,0.022840803,0.027703278,0.07282667,0.016130203,0.0647062,0.34753785,0.16289797,0.040229276,2.6850603,1.2869354,3.4922824,0.01598641,0.027430724,0.04678886,0.038732614,0.052708,0.021229293,0.9133785,0.045842588,4.8980923,0.3005289,0.03339598,0.036277134,2024-04-06 12:25:00
1.9149749,0.04864739,3.1523976,0.02052012,0.025107192,0.027839137,0.053534977,0.05174442,0.023571985,0.07336743,0.3061293,0.3682195,0.09377691,2.5688767,1.3496342,3.410791,0.008564344,0.022467013,0.048001844,0.044991694,0.047574934,0.015446437,0.6416058,0.018790422,4.9658933,0.3049869,0.032351848,0.030918216,2024-04-06 12:26:00
1.920647,0.047779337,3.103862,0.021497361,0.021069461,0.024408,0.18918917,0.20866245,0.02791346,0.05136665,0.27889863,0.25472823,0.060034435,2.3656442,1.3586379,3.4407952,0.019595664,0.018237298,0.0335393,0.049638793,0.043892074,0.018092662,0.5740303,0.03085301,4.8154573,0.28942028,0.033212963,0.036535036,2024-04-06 12:27:00
1.9178983,0.09698381,3.0124063,0.01672157,0.019447476,0.016995715,0.02655079,0.1145214,0.02153732,0.08927486,0.44372523,0.10449934,0.048698265,2.6583693,1.3496488,3.4322777,0.0126569215,0.03439839,0.05023354,0.044838216,0.042946007,0.03088409,0.8743926,0.018761767,4.974266,0.3140086,0.03179366,0.05044932,2024-04-06 12:28:00
1.9188048,0.05071614,3.0573568,0.017947404,0.021167168,0.026141917,0.023815837,0.081531696,0.020946836,0.052824955,0.28701267,0.24640001,0.06313345,2.3256266,1.351323,3.5283558,0.037005827,0.022806084,0.03859467,0.03588146,0.03036084,0.019790601,0.60734946,0.020586187,4.8705754,0.38517094,0.036919974,0.039103866,2024-04-06 12:29:00
1.9950411,0.04620391,3.050294,0.018373126,0.0209141,0.02069952,0.03293165,0.07967592,0.030028157,0.053131856,0.29826173,0.12241394,0.10113325,2.34082,1.3431493,3.547116,0.027822774,0.031446982,0.042120963,0.045321915,0.041972257,0.023710342,0.6389314,0.018893663,5.0450583,0.3297879,0.03303443,0.03612581,2024-04-06 12:30:00
1.9802758,0.070600525,3.2248416,0.021238117,0.026696293,0.021776471,0.030244606,0.070898995,0.018819105,0.052019536,0.29706123,0.303788,0.035164822,2.3736954,1.3371888,3.6065538,0.02310654,0.027761383,0.101576544,0.03655346,0.0320481,0.02067752,0.8593627,0.014876672,5.0285196,0.3249967,0.023877421,0.038057175,2024-04-06 12:31:00
1.9682587,0.04277535,3.2164283,0.017761346,0.020981891,0.02311143,0.04062669,0.055856515,0.027724324,0.068340674,0.2459681,0.2636224,0.051020514,2.634553,1.3751677,3.7098129,0.011371409,0.028547581,0.029389514,0.044905666,0.041851785,0.028723862,0.77687955,0.020813035,5.1100063,0.39405674,0.022478022,0.039455134,2024-04-06 12:32:00
1.9675741,0.047326222,3.2950635,0.023484578,0.016961168,0.027243529,0.027518144,0.076178886,0.02037498,0.035291545,0.24677353,0.35121357,0.04284223,2.3452291,1.3482604,3.5528476,0.02064482,0.0277489,0.04064408,0.04077565,0.033097763,0.01548937,0.6304349,0.021481954,4.96022,0.31020418,0.023004726,0.035690594,2024-04-06 12:33:00
1.9226342,0.045526266,3.3586984,0.01955683,0.02339378,0.021627383,0.028523032,0.05630686,0.01502607,0.071726084,0.4240818,0.2838493,0.06669604,2.3290544,1.4215553,3.546294,0.0218136,0.03164725,0.04626821,0.04083637,0.043706104,0.020222781,0.7619988,0.023336714,5.028589,0.38859302,0.034240916,0.03589641,2024-04-06 12:34:00
1.9249506,0.050348945,3.292955,0.016912064,0.024141539,0.025026588,0.030432481,0.0873436,0.028821306,0.07040844,0.38076484,0.19448283,0.10167308,2.310408,1.3527831,3.5572329,0.02634128,0.03293024,0.037386585,0.035874646,0.043711845,0.022349935,0.58066916,0.017849207,4.982862,0.29110506,0.035743672,0.038449798,2024-04-06 12:35:00
1.9234351,0.082020484,3.2669754,0.023765048,0.023994891,0.018395206,0.03057191,0.20875616,0.029160313,0.048909202,0.3705693,0.1518835,0.025491463,2.7022555,1.37335,3.5109293,0.010322915,0.029078035,0.041012775,0.04489547,0.04485559,0.022333369,0.5795339,0.018794961,4.966024,0.29413545,0.03271344,0.039980073,2024-04-06 12:36:00
1.951905,0.063984126,3.3055649,0.029201085,0.019862594,0.0269466,0.0261899,0.09716622,0.053599745,0.052646942,0.37566912,0.32921052,0.04820561,2.6559849,1.390473,3.6429675,0.02047612,0.02693644,0.029319504,0.064540006,0.031379633,0.02229882,0.59296227,0.019899534,4.9467354,0.35158896,0.034563016,0.03763982,2024-04-06 12:37:00
1.961487,0.053778358,3.3078368,0.01992095,0.020236524,0.023762347,0.024586238,0.16468467,0.028178712,0.07114483,0.25073415,0.3563513,0.11015708,2.296632,1.297676,3.6175158,0.015184181,0.025303043,0.029772626,0.046277244,0.040595923,0.042082578,0.65776074,0.028817512,5.182994,0.38680747,0.03196661,0.09273268,2024-04-06 12:38:00
1.9611126,0.06089513,3.2374256,0.022125676,0.020085583,0.020816874,0.027694361,0.07602463,0.024905488,0.12359697,0.16772376,0.31782877,0.055937264,2.5620353,1.3183764,3.4664896,0.0389016,0.035007223,0.049337108,0.04505563,0.041203342,0.02877175,0.6053545,0.023378856,5.011494,0.4631238,0.01985464,0.03842184,2024-04-06 12:39:00
1.9629649,0.046108752,3.2670057,0.01771151,0.022719149,0.017674621,0.029580021,0.0627446,0.021299876,0.09096826,0.11946399,0.28787625,0.08627817,2.3646817,1.2236952,3.4862494,0.009021112,0.029997528,0.036558818,0.04364079,0.036610343,0.021672051,0.8609143,0.020470398,5.17175,0.43026122,0.08661285,0.052421086,2024-04-06 12:40:00
2.0065947,0.038689278,3.331737,0.02059788,0.016794432,0.029734142,0.029470276,0.05057362,0.027330583,0.05125979,0.14240219,0.21661991,0.02984605,2.3078125,1.2489585,3.5577946,0.017470872,0.022499992,0.050741274,0.0447861,0.043658163,0.028392145,0.5859104,0.025598194,5.170863,0.34942523,0.046291504,0.049934417,2024-04-06 12:41:00
1.9836578,0.04423841,3.342272,0.020072652,0.024257688,0.022202093,0.0865904,0.06383227,0.016925089,0.064221896,0.14044237,0.3652209,0.034500252,2.3180325,1.2920213,3.5293877,0.015811812,0.025692852,0.03669935,0.037695657,0.03186545,0.021767197,1.1625336,0.024387185,5.0282416,0.3287546,0.04231424,0.03756959,2024-04-06 12:42:00
1.9592745,0.041457802,3.2119539,0.026611215,0.030050624,0.021158317,0.02158443,0.06370327,0.018262029,0.09073148,0.1295493,0.40707383,0.104289435,2.458665,1.2326094,3.2933686,0.032543447,0.02613199,0.043036543,0.035865564,0.034069914,0.019019745,0.6268575,0.019949256,5.15875,0.4189759,0.040000595,0.035355803,2024-04-06 12:43:00
1.9567964,0.045116838,3.2756867,0.12810126,0.027047016,0.033622336,0.025369888,0.059292506,0.022585463,0.05176156,0.0825888,0.17235518,0.037410196,2.3199303,1.2428651,3.6699212,0.017275792,0.021047441,0.043444376,0.04551488,0.04888348,0.028503986,0.7661751,0.034035843,5.1121087,0.42342067,0.02201533,0.03319498,2024-04-06 12:44:00
1.9662167,0.052728843,3.2420974,0.01904888,0.020748662,0.053967927,0.03408919,0.15148503,0.019418005,0.054864943,0.04330941,0.3146122,0.04973173,2.573513,1.2621104,3.6463807,0.027782334,0.025487846,0.041930337,0.035947528,0.047129326,0.02054916,0.85065925,0.018063396,5.1446023,0.3789139,0.045865964,0.038782895,2024-04-06 12:45:00
1.9614937,0.07771262,3.308551,0.11368276,0.030083176,0.030417126,0.024604375,0.063618235,0.03780633,0.047782566,0.07427364,0.08724213,0.045138065,2.31972,1.3257526,3.5990915,0.016640479,0.020862522,0.04887012,0.05024432,0.044075187,0.019928865,0.6241673,0.020392526,5.1806955,0.37985703,0.032500323,0.037040662,2024-04-06 12:46:00
1.9607104,0.053445134,3.223804,0.030344673,0.025548339,0.021776095,0.028173821,0.09446699,0.019500364,0.049928006,0.041969296,0.2590521,0.022577917,2.3060098,1.3094443,3.732965,0.018343728,0.02574557,0.0414485,0.050148316,0.033306144,0.15036523,0.9155831,0.015027985,5.120911,0.48087507,0.041990723,0.038205907,2024-04-06 12:47:00
1.9615102,0.050985888,3.3472805,0.021212043,0.022759488,0.030807786,0.027019715,0.1945015,0.069239795,0.041774947,0.01807583,0.24000728,0.078886054,2.3197913,1.3225827,3.7156477,0.018502666,0.021942569,0.04884714,0.06579584,0.041871592,0.02390813,0.82876027,0.031067494,5.1625843,0.36529717,0.054192215,0.037119847,2024-04-06 12:48:00
1.9620663,0.04453236,3.1257896,0.01978095,0.03558092,0.025864493,0.034483008,0.068663396,0.034384325,0.06608116,0.046578564,0.17826904,0.06876628,2.3349435,1.4084194,3.6930926,0.020350259,0.032026578,0.038209513,0.045097765,0.034101244,0.017993452,0.6281057,0.03316364,5.1609607,0.5023963,0.03198436,0.039031282,2024-04-06 12:49:00
1.9616069,0.05859803,3.0868042,0.03096347,0.025852595,0.019512765,0.016849263,0.06867432,0.027813192,0.08764939,0.046207853,0.07129603,0.08095207,2.3460553,1.3919157,3.6393428,0.052966256,0.035917047,0.022997053,0.045116585,0.039837606,0.030906599,0.5984746,0.028987147,5.034438,0.5241655,0.032068,0.038479675,2024-04-06 12:50:00
1.9654489,0.048223875,3.0993938,0.021616029,0.020759543,0.017588882,0.032147933,0.1573209,0.024888473,0.05903427,0.04582989,0.25032264,0.0212422,2.6492565,1.2797747,3.7239506,0.013172314,0.028015042,0.036227364,0.035720166,0.04141711,0.015941098,0.58181417,0.0626904,5.1736193,0.55434746,0.032554917,0.036816247,2024-04-06 12:51:00
1.9608434,0.039958186,3.2564445,0.03147693,0.023999061,0.024219202,0.016256845,0.055385597,0.015694406,0.045829665,0.04234511,0.40989587,0.048407283,2.624638,1.2390282,3.6045575,0.019796256,0.026760228,0.037742216,0.036247153,0.04308629,0.014390446,0.81750995,0.019628352,5.065693,0.46438488,0.031834945,0.031036135,2024-04-06 12:52:00
2.0089796,0.07507338,3.8339725,0.02187512,0.01911496,0.054023076,0.028957918,0.065874726,0.018782713,0.049725696,0.02983475,0.2518388,0.04364788,2.3557217,1.2535365,3.6087322,0.039618503,0.0313209,0.025322163,0.044885833,0.04188421,0.027939174,0.67510104,0.019387899,5.1822324,0.5043844,0.048669606,0.040749654,2024-04-06 12:53:00
1.9692053,0.047270067,3.6151273,0.0186879,0.008553436,0.021927927,0.01981603,0.17080975,0.027709605,0.13015957,0.04842223,0.23859178,0.020806748,2.3825796,1.2318306,3.6496553,0.017500313,0.03188343,0.04478316,0.037458237,0.04300583,0.029061185,0.59838414,0.01626166,5.1176143,0.44897252,0.033141024,0.033262655,2024-04-06 12:54:00
1.9643878,0.04243024,3.5664983,0.11272562,0.031926885,0.019694297,0.014765724,0.059765454,0.10900762,0.069970295,0.036744867,0.16750103,0.053086195,2.3792746,1.2492349,3.6340446,0.021107383,0.027293809,0.035628073,0.036043122,0.04491655,0.010178506,0.6460915,0.019690137,4.6186676,0.5008351,0.02381781,0.044934727,2024-04-06 12:55:00
2.027728,0.05194746,3.5792336,0.015448014,0.024103666,0.026471835,0.1611068,0.07855177,0.026854344,0.054033134,0.0550286,0.33040974,0.022827132,2.6349843,1.2159433,3.793993,0.014509602,0.02177526,0.042030502,0.0363871,0.04438471,0.012867913,0.6717382,0.03814051,4.4102592,0.5553173,0.03563008,0.036628548,2024-04-06 12:56:00
1.9622186,0.048685342,3.61856,0.019612418,0.018405482,0.054969717,0.018322768,0.12685087,0.028266154,0.0633692,0.037399817,0.26518443,0.03349759,2.715476,1.2542564,3.710721,0.01943112,0.029282166,0.09405524,0.041131664,0.046980772,0.019848289,0.6513655,0.018914934,4.6503463,0.50446475,0.03642473,0.035366867,2024-04-06 12:57:00
1.9627409,0.046749227,3.583654,0.020057384,0.023264607,0.032583166,0.029914057,0.063170865,0.030205587,0.09136688,0.03837839,0.3026945,0.02420489,2.6739042,1.2929909,3.6881902,0.021263126,0.032674618,0.036586605,0.03557481,0.04221891,0.017872624,0.58554786,0.009153381,4.352652,0.4256064,0.031974457,0.03746706,2024-04-06 12:58:00
1.9659824,0.07635335,3.8420181,0.025516007,0.0219263,0.018473715,0.029056417,0.061388288,0.022972826,0.12112728,0.04517291,0.17028853,0.039128028,2.3255825,1.2898364,3.754109,0.024578078,0.036046572,0.07044528,0.049404666,0.048789613,0.038601067,0.67450136,0.020477973,4.5575557,0.50046784,0.032555606,0.040000543,2024-04-06 12:59:00
1.9719415,0.05226749,3.7807846,0.019210575,0.020350736,0.025164487,0.04999486,0.06714997,0.03015466,0.051553525,0.03950281,0.3006029,0.06916125,2.32407,1.2720473,3.6546028,0.01422651,0.023260772,0.023088697,0.045853227,0.047370505,0.020657914,0.59759545,0.02804983,4.682755,0.43484306,0.040263657,0.037407964,2024-04-06 13:00:00
2.0104175,0.04450668,3.8067162,0.017359639,0.027155725,0.027595516,0.024059048,0.05547936,0.029132914,0.067266494,0.04241276,0.25622603,0.076429196,2.3946803,1.3752636,3.8996553,0.01645824,0.024155052,0.038430255,0.037685126,0.041785594,0.033348303,0.63186824,0.018090844,4.8666487,0.53789127,0.024087053,0.037451707,2024-04-06 13:01:00
1.99218,0.04167217,3.8155968,0.14438075,0.023310091,0.024540141,0.02353995,0.094927,0.028605437,0.08066155,0.016149253,0.33102733,0.027641904,2.3672838,1.2657382,3.596941,0.02561213,0.027970964,0.041136775,0.039521642,0.040642258,0.019635856,0.6407683,0.023880947,4.8681374,0.4590655,0.022516571,0.035436712,2024-04-06 13:02:00
1.9273169,0.06635008,3.7436862,0.019844709,0.023866674,0.01945871,0.03428448,0.052346453,0.031532876,0.060477465,0.047482356,0.1565927,0.07438071,2.2297053,1.2679255,3.5696666,0.016939742,0.026570417,0.045209527,0.03551861,0.04321359,0.01875576,0.781898,0.029806146,4.7983813,0.513366,0.032942735,0.03301816,2024-04-06 13:03:00
2.0074487,0.07807944,3.6713142,0.016074147,0.035103247,0.019596793,0.032099202,0.115611166,0.02821866,0.085157715,0.044391844,0.26413625,0.030555267,2.689151,1.1476947,3.531445,0.017298376,0.035971213,0.034993313,0.044925448,0.04154351,0.0231467,0.6919367,0.030440181,4.865083,0.5555686,0.032095857,0.04483246,2024-04-06 13:04:00
1.9269259,0.04158832,3.788794,0.024000516,0.021866562,0.021974718,0.02999158,0.06654924,0.01952551,0.10358313,0.04384094,0.13864237,0.017263455,2.337181,1.098285,3.681392,0.023485629,0.028466832,0.038651556,0.042391475,0.042615827,0.021249171,0.59313047,0.016959447,4.938395,0.55153435,0.034427226,0.04711756,2024-04-06 13:05:00
1.9285002,0.044972003,3.6752975,0.019333862,0.019226817,0.020827603,0.04917183,0.064436,0.02631843,0.086930305,0.048725322,0.16542369,0.03331453,2.673908,1.1285094,3.5349848,0.016623348,0.029808236,0.048098557,0.036579765,0.041724946,0.05367597,0.6235396,0.03185687,4.834522,0.48180515,0.03387592,0.03759831,2024-04-06 13:06:00
1.9279493,0.044332054,3.6997032,0.021969832,0.03149832,0.03102094,0.023325276,0.06902383,0.02714208,0.053025093,0.045675512,0.32694462,0.041848015,2.3284504,1.1698283,3.490099,0.04660399,0.02493689,0.034380656,0.044791505,0.04567107,0.041723464,0.66288126,0.03136712,4.9075365,0.4862666,0.031162806,0.040774506,2024-04-06 13:07:00
1.9326689,0.048900716,3.7641575,0.014686086,0.019866083,0.042384986,0.025236195,0.07299736,0.017404651,0.07160571,0.042570937,0.27758232,0.04067221,2.3516698,1.2113935,3.6329355,0.0146895135,0.026914636,0.06281283,0.040693827,0.063587405,0.025381258,0.6466545,0.02177952,4.9593015,0.46687594,0.09612902,0.04023675,2024-04-06 13:08:00
1.927625,0.03938444,3.693728,0.018322373,0.028589863,0.019317022,0.016277485,0.05507515,0.02866428,0.07070739,0.06433734,0.20218217,0.055371847,2.566222,1.1325932,3.6356554,0.028180275,0.027819501,0.056904495,0.045136273,0.04285128,0.018592881,0.77689344,0.020609824,4.753668,0.52379745,0.03512078,0.033034395,2024-04-06 13:09:00
2.368177,0.11866315,3.8081357,0.028961994,0.013711001,0.028028412,0.021162609,0.063873224,0.027695034,0.0947559,0.054024123,0.17046249,0.013096907,2.3475342,1.2340728,3.5466387,0.020100273,0.029835893,0.04628442,0.03615762,0.04272045,0.021337507,0.7317566,0.032399572,4.602974,0.5955273,0.05788085,0.033623394,2024-04-06 13:10:00
2.237361,0.041171193,3.8152237,0.017087342,0.026106346,0.018397177,0.02189038,0.054940462,0.016838964,0.057592038,0.05383573,0.24913576,0.05747408,2.364129,1.2517085,3.6473668,0.026906922,0.030262481,0.081347495,0.040593877,0.051397447,0.02387533,0.6181334,0.0474943,4.4436784,0.60374707,0.031112803,0.036381625,2024-04-06 13:11:00
2.2336102,0.053899936,3.691251,0.018485203,0.02954439,0.027997896,0.032161426,0.14841288,0.02266893,0.053295985,0.036774524,0.13374215,0.04983342,2.6657944,1.2587309,3.645445,0.023726285,0.028028162,0.043378804,0.043326393,0.03185254,0.014077683,0.8816333,0.011306172,4.388919,0.5760096,0.03217466,0.03830151,2024-04-06 13:12:00
2.2837875,0.046032075,3.7650435,0.027339688,0.021278195,0.019154847,0.025819207,0.07139466,0.025942495,0.069051534,0.047425527,0.14035444,0.104436174,2.3941839,1.3343121,3.2854621,0.027382677,0.031056384,0.029587038,0.045310322,0.051309954,0.022551304,0.742095,0.02942839,4.605459,0.564384,0.023931894,0.014533754,2024-04-06 13:13:00
2.2335482,0.04000863,3.7478216,0.04314466,0.032213878,0.019150808,0.023586743,0.060651973,0.022912249,0.13228896,0.055976436,0.27310532,0.06193827,2.3844776,1.2642084,3.1450179,0.025009662,0.03217897,0.03104211,0.040698566,0.04390884,0.01950659,0.86328125,0.024306383,4.4007564,0.60035706,0.031457264,0.020349171,2024-04-06 13:14:00
2.2393625,0.101972885,3.6679335,0.030372316,0.019087354,0.022707414,0.028505048,0.069510065,0.028887281,0.070448644,0.04571643,0.32487163,0.10524524,2.3778164,1.3330189,3.2028573,0.017612346,0.025370054,0.042759024,0.04492812,0.043486774,0.018527271,0.6430514,0.034247637,4.428565,0.64908326,0.021944059,0.027530191,2024-04-06 13:15:00
2.2345104,0.05090807,3.7491853,0.025146063,0.031521283,0.015694914,0.024313074,0.076930605,0.021058502,0.058774646,0.05784664,0.3692601,0.0396491,2.3456466,1.1993182,3.170238,0.030305093,0.046131056,0.08626373,0.04564033,0.033523567,0.024246665,0.9027626,0.033220235,4.541878,0.66536856,0.035219777,0.026901478,2024-04-06 13:16:00
2.2564347,0.05156863,3.6450455,0.018204054,0.033376563,0.020045824,0.02834919,0.1676487,0.027471121,0.0538879,0.045184344,0.34094584,0.018454019,2.345861,1.1319988,2.9765909,0.024216251,0.028209139,0.038122408,0.036021397,0.0420535,0.01967391,0.63813925,0.021100972,4.447732,0.6395848,0.024766503,0.039880905,2024-04-06 13:17:00
2.3213766,0.06766159,3.5616772,0.12374557,0.0299351,0.029323123,0.027120057,0.07902337,0.028564092,0.047526438,0.03245199,0.29717374,0.016410047,2.3501503,1.1549666,3.1142485,0.0189538,0.03444762,0.04682745,0.044810288,0.041603863,0.034035515,0.6851171,0.03157138,4.4710183,0.6301926,0.031219112,0.050199598,2024-04-06 13:18:00
2.204772,0.042613808,3.6122062,0.014597308,0.018814038,0.022735884,0.03563724,0.07133877,0.024318919,0.118448816,0.03923178,0.40054232,0.022238182,2.3506281,1.1118598,3.1704185,0.012654966,0.024408171,0.045284443,0.04542291,0.044860903,0.040753983,0.64131147,0.023481138,4.533845,0.65468794,0.038791593,0.033655573,2024-04-06 13:19:00
2.2290294,0.042872794,3.6363983,0.013919889,0.012343874,0.019871224,0.026990404,0.096809596,0.016843066,0.057168074,0.040144738,0.13378355,0.06414826,2.3296957,1.1670852,3.247281,0.020398188,0.02668442,0.040586315,0.040688183,0.036094956,0.019974848,0.68840736,0.016931877,4.644825,0.6707966,0.031092709,0.03638756,2024-04-06 13:20:00
2.200882,0.10178441,3.626431,0.016695092,0.04000545,0.019050471,0.031350426,0.059052464,0.035403684,0.039209254,0.03776425,0.19413671,0.05231942,2.6859627,1.185499,3.1252687,0.019243205,0.028180264,0.041362993,0.03816918,0.042890523,0.020960208,0.6556368,0.028626138,4.487931,0.75313306,0.033338133,0.04169497,2024-04-06 13:21:00
2.2018175,0.04395227,3.7695336,0.018151538,0.019115679,0.029436894,0.020578543,0.09343314,0.028700115,0.12673417,0.04636514,0.28886294,0.026538346,2.3313305,1.2266401,3.129205,0.018629353,0.03031279,0.046029378,0.040303845,0.04620629,0.031420026,0.56127584,0.027810534,4.4729495,0.7635556,0.04078776,0.033378698,2024-04-06 13:22:00
2.166632,0.041292343,3.6509383,0.01916083,0.017279971,0.017650133,0.16589364,0.057356887,0.027603598,0.056817405,0.043084443,0.32510692,0.043507118,2.3485942,1.219815,3.2562404,0.0255314,0.025772223,0.036490444,0.048097767,0.049409993,0.019815905,0.87003326,0.026785955,4.620453,0.78156626,0.035535697,0.03594042,2024-04-06 13:23:00
2.177727,0.05228936,3.7848563,0.022153882,0.01858192,0.028526982,0.02184481,0.13329794,0.030003484,0.05843104,0.046143703,0.28933325,0.03929718,2.3478272,1.1491851,3.2938979,0.025394902,0.027933465,0.037908446,0.03904695,0.045544364,0.019092835,0.63657135,0.02101141,4.62346,0.8459083,0.08162126,0.03944451,2024-04-06 13:24:00
2.0351586,0.05158559,3.8557384,0.017488545,0.029973838,0.028932387,0.08606974,0.06921083,0.024378914,0.094265565,0.02718413,0.15464939,0.06753225,2.2973669,1.1982001,3.3403723,0.026594039,0.029708536,0.05574531,0.062430575,0.037300088,0.021385161,0.68863326,0.05094969,4.6101775,0.80509794,0.023186209,0.040011875,2024-04-06 13:25:00
2.055914,0.044688977,3.7956498,0.01324621,0.03733729,0.06046277,0.037452422,0.06825647,0.025920976,0.06447163,0.030998828,0.26716244,0.06559729,2.3136656,1.1974452,3.516057,0.025387617,0.028918918,0.08187096,0.046792958,0.04120152,0.021997204,0.87979114,0.019070564,4.6645613,0.79115796,0.026370328,0.04843069,2024-04-06 13:26:00
2.0397246,0.05126908,3.7912838,0.026409246,0.027188355,0.020689404,0.032216404,0.065823525,0.039556675,0.049801555,0.08048217,0.33350423,0.05673016,2.3809428,1.1848825,3.5082872,0.023921475,0.033234473,0.077057526,0.04029601,0.034416202,0.028537724,0.87500644,0.049364932,4.6674266,0.75707066,0.025077568,0.039978184,2024-04-06 13:27:00
1.9964404,0.051228616,3.6253211,0.02007698,0.017533045,0.025047494,0.042118605,0.3046468,0.028517218,0.13319415,0.030260341,0.08483819,0.13176148,2.63547,1.203183,3.3210309,0.02154171,0.039964143,0.040007047,0.051184658,0.044541933,0.017702404,0.64583707,0.021812115,4.4765224,0.80455315,0.032657288,0.037531804,2024-04-06 13:28:00
1.9964335,0.04765564,3.7249527,0.029850604,0.033821933,0.028287558,0.024556026,0.11856325,0.023064913,0.07041187,0.04065331,0.31537104,0.044788737,2.3379707,1.2312524,3.2630663,0.021382058,0.036964417,0.027621364,0.04530696,0.041708518,0.048851896,0.88185155,0.026548272,4.565284,0.7333031,0.030389199,0.038268577,2024-04-06 13:29:00
1.9995418,0.07058895,3.7809517,0.017079799,0.019270223,0.025908843,0.031090528,0.090857476,0.018122861,0.08834665,0.017266624,0.34231523,0.090142235,2.639037,1.1749022,3.3331034,0.021009656,0.032565054,0.03932295,0.041993614,0.03138604,0.022466792,0.85198855,0.023011649,4.6001835,0.78898567,0.041719615,0.03518132,2024-04-06 13:30:00
1.9968574,0.047037978,3.7152224,0.026392953,0.024309663,0.0216693,0.013934694,0.11915526,0.028003087,0.11044081,0.029735079,0.22347908,0.08553742,2.3485801,1.2322667,3.160343,0.018306036,0.028673599,0.04370917,0.04483871,0.04392417,0.010115795,0.63151306,0.026406633,4.4833922,0.7026798,0.030413542,0.039716322,2024-04-06 13:31:00
1.9831488,0.04854066,3.355907,0.03430359,0.021683862,0.024351088,0.023435105,0.086550295,0.020011673,0.06864446,0.025121272,0.34921747,0.108039066,2.5337155,1.2215955,3.206327,0.013068005,0.020141179,0.057875857,0.044942565,0.040261317,0.020544328,0.6049035,0.026185066,4.5549417,0.6917353,0.035416536,0.039417945,2024-04-06 13:32:00
1.9665425,0.045438237,3.4450235,0.054353327,0.025512185,0.046497766,0.0429772,0.07227798,0.027756419,0.055021074,0.03095177,0.30851364,0.07086911,2.3218,1.1592664,3.0976367,0.016025808,0.024823384,0.050319135,0.04343923,0.039479665,0.025700448,0.5776866,0.011286272,4.6409774,0.7210169,0.023439828,0.03341742,2024-04-06 13:33:00
1.9604262,0.046213944,3.3625636,0.02390356,0.020229615,0.022596443,0.03213697,0.08974568,0.021512011,0.050944608,0.029666517,0.37174872,0.05821839,2.3017294,1.1632553,3.151607,0.028425174,0.02111126,0.036475506,0.050294295,0.043574024,0.017680345,0.64533377,0.03704407,4.532672,0.70761424,0.026170313,0.034725294,2024-04-06 13:34:00
1.9619154,0.053895406,3.309986,0.017805653,0.030183593,0.026265414,0.023328952,0.19122538,0.0295969,0.060366165,0.047026787,0.12093268,0.094423495,2.639583,1.166874,3.2994754,0.0140982205,0.024515225,0.04595278,0.044811085,0.04704441,0.020293953,0.5823955,0.023077626,4.7232323,0.72441655,0.032635245,0.01713524,2024-04-06 13:35:00
1.963665,0.043640908,3.3162558,0.024788689,0.019060498,0.026899673,0.02730599,0.111372724,0.027440783,0.060098987,0.03967203,0.27298334,0.024194533,2.6494575,1.1993583,3.2793882,0.02167363,0.026370293,0.048502486,0.035553906,0.042319424,0.018079123,0.570526,0.01655549,4.525262,0.75929475,0.039855737,0.043039165,2024-04-06 13:36:00
2.0062523,0.05055963,3.3599832,0.02247623,0.025346918,0.023181878,0.028022585,0.07001943,0.030501904,0.052130427,0.04094837,0.22996563,0.058946468,2.6422362,1.2811825,3.3539824,0.022349846,0.029487347,0.043566644,0.036229916,0.04557023,0.04345594,0.60685897,0.020002503,4.6542087,0.751139,0.03138167,0.039869554,2024-04-06 13:37:00
2.0043054,0.046321094,3.4058087,0.024662543,0.027402345,0.02628754,0.021780495,0.19285576,0.025953062,0.11161282,0.041848168,0.3029575,0.0887051,2.6900625,1.2005684,3.07932,0.015773237,0.030796656,0.048130486,0.044870615,0.04137386,0.010359071,0.6036673,0.011958633,4.6384573,0.78179914,0.033091556,0.03837168,2024-04-06 13:38:00
2.0060875,0.098353155,3.4006767,0.026616095,0.035846256,0.08547113,0.021394894,0.07256827,0.02801843,0.053962044,0.042238146,0.2886209,0.019874722,2.351866,1.2184908,2.9541225,0.013522085,0.028822992,0.037045784,0.044833165,0.04382995,0.017680075,0.54960304,0.022198092,4.8020053,0.7353547,0.035337925,0.033153437,2024-04-06 13:39:00
2.0257232,0.06558439,3.4970546,0.017099557,0.02755704,0.025875237,0.02493502,0.075679645,0.017352337,0.04782137,0.039541118,0.28671008,0.031955905,2.3024728,1.2461907,2.8230355,0.021744307,0.030686509,0.025419738,0.04570939,0.048018344,0.055646796,0.9010988,0.01837369,4.750731,0.749205,0.032382872,0.03522707,2024-04-06 13:40:00
2.045475,0.03973967,3.4544804,0.018393353,0.020180859,0.010873591,0.036452275,0.16384058,0.022267856,0.044734538,0.03687551,0.25294027,0.028756976,2.4255,1.2263486,2.895471,0.023488522,0.02760955,0.057782583,0.04166653,0.05133025,0.02027746,1.0794566,0.014300543,4.880058,0.73214,0.022609727,0.03551244,2024-04-06 13:41:00
2.052907,0.0522004,3.6038911,0.026375692,0.023121852,0.06420618,0.028863398,0.07472119,0.018262848,0.048679885,0.04217905,0.4051328,0.06826122,2.3337758,1.2716528,2.8180215,0.02773598,0.023228474,0.09547713,0.039787345,0.051708274,0.017975109,0.69082415,0.034436006,4.7197285,0.710768,0.024001775,0.0390263,2024-04-06 13:42:00
2.054067,0.047293596,3.5433109,0.016649365,0.022380417,0.017737573,0.023747213,0.07151993,0.04455452,0.10537554,0.05341989,0.36878175,0.026482595,2.7181356,1.228969,3.0336344,0.025300752,0.032521233,0.053955987,0.05381407,0.030236766,0.030480603,0.70656556,0.046598773,4.681458,0.8479754,0.049495433,0.036842827,2024-04-06 13:43:00
2.0030823,0.040452406,3.3819928,0.018488036,0.023017734,0.02284786,0.037301082,0.09139716,0.077321924,0.06999852,0.035982013,0.14935873,0.076498516,2.6487856,1.2367779,2.9257114,0.01951689,0.0315048,0.049491566,0.060294807,0.040933847,0.019485706,0.5983073,0.021330208,4.4901595,0.81057984,0.023321163,0.03634382,2024-04-06 13:44:00
2.053071,0.050189782,3.4401093,0.023202414,0.023191597,0.018842736,0.0309359,0.16875297,0.034890316,0.051471367,0.02197944,0.3610865,0.057449773,2.320392,1.1380994,2.9123485,0.013510165,0.031052198,0.044549156,0.03583337,0.04516407,0.020718604,0.61855716,0.027932642,4.7908044,0.7922491,0.052332852,0.039373983,2024-04-06 13:45:00
2.0032494,0.055382792,3.5110347,0.017166978,0.023396827,0.024676705,0.06680586,0.057446066,0.0056963274,0.047515735,0.038003482,0.26117125,0.088958934,2.3487384,1.2152536,2.9701307,0.024685528,0.029879479,0.05496036,0.04392761,0.035686024,0.022426339,0.6872475,0.02181771,4.8360577,0.7726317,0.028156834,0.03655559,2024-04-06 13:46:00
2.0485137,0.048272766,3.5838144,0.019904897,0.022780169,0.040177736,0.029217012,0.060248043,0.01736086,0.03777632,0.035391983,0.38222668,0.06535223,2.637833,1.1621481,2.951637,0.027143553,0.026085397,0.04811009,0.03637912,0.03711987,0.021862524,0.85736686,0.019869221,4.909348,0.77896893,0.024399132,0.036375817,2024-04-06 13:47:00
2.0104337,0.09032669,3.4227986,0.017661951,0.031127887,0.016057678,0.03200757,0.2204114,0.02226765,0.059218314,0.043065056,0.21928032,0.03039302,2.3613517,1.2400646,3.015757,0.007670398,0.032696236,0.040823366,0.038493942,0.20346503,0.032727193,0.61316544,0.013383161,4.7099147,0.7866128,0.036906045,0.037569366,2024-04-06 13:48:00
2.0484602,0.05192661,3.4563494,0.017979398,0.019088155,0.021925544,0.016958324,0.16856432,0.018298524,0.059854288,0.019895552,0.23919934,0.10053039,2.622928,1.2003658,2.907404,0.012544087,0.021188466,0.03723096,0.040864978,0.029541058,0.023178255,0.83183074,0.02000482,4.811692,0.7772667,0.024809163,0.04903623,2024-04-06 13:49:00
1.9988456,0.048354916,3.460423,0.027397256,0.035856172,0.014574005,0.024782768,0.07628341,0.02965082,0.0705278,0.042914093,0.114997454,0.10889248,2.6371012,1.2226449,2.898934,0.012659595,0.031416565,0.044399664,0.045783013,0.04181437,0.014925445,0.5667921,0.018785523,4.694315,0.79712385,0.019530354,0.0337439,2024-04-06 13:50:00
2.0030677,0.06361753,3.5803716,0.016914824,0.021222135,0.02842301,0.027139926,0.0694489,0.020594917,0.057295885,0.045905903,0.33394969,0.023611264,2.30345,1.1164738,2.8760433,0.03000451,0.025147347,0.03800558,0.044981487,0.0369782,0.021010274,0.6517424,0.020008994,4.9773183,0.8057174,0.02471021,0.03236694,2024-04-06 13:51:00
2.0114846,0.049258012,3.5742133,0.017528266,0.022270795,0.023804156,0.031497102,0.20409234,0.029925622,0.04435963,0.04907944,0.29760656,0.031411503,2.386692,1.1675873,2.8649693,0.022963347,0.026357058,0.046906773,0.04508805,0.04531546,0.025686316,0.68233585,0.033862937,4.6209865,0.77405256,0.023870433,0.03816992,2024-04-06 13:52:00
2.0872266,0.049371775,3.5525699,0.024581017,0.024737867,0.018944457,0.017941115,0.16063158,0.023546891,0.049595036,0.014799265,0.24542858,0.12135021,2.358417,1.2443459,2.7914724,0.024813615,0.033837207,0.042588837,0.03605671,0.03187003,0.018169956,0.6275213,0.03571386,4.7221594,0.7923661,0.023641068,0.025415905,2024-04-06 13:53:00
2.0195565,0.069151774,3.3115716,0.013858955,0.027051749,0.028913941,0.021903148,0.07777593,0.028983489,0.06386119,0.080213055,0.29663494,0.02829408,2.7063134,1.2236952,2.763063,0.011909121,0.025094291,0.04749242,0.045052085,0.043220866,0.033515718,0.6246989,0.018163575,4.6005044,0.8515548,0.03279296,0.037083026,2024-04-06 13:54:00
2.0243084,0.047281742,3.2337852,0.01871505,0.0250045,0.019525724,0.03040336,0.065930225,0.024515169,0.06712123,0.077309124,0.13925797,0.036901716,2.5632885,1.2375878,2.8720138,0.016218944,0.026991766,0.043957118,0.036207784,0.04108154,0.01942735,0.6641402,0.020266863,4.720718,0.8522772,0.03255,0.03999915,2024-04-06 13:55:00
2.1079805,0.06593238,3.248874,0.018522382,0.024463944,0.017063605,0.032371644,0.15857764,0.056210402,0.048721135,0.07736667,0.15061912,0.038933992,2.2618694,1.1472528,2.804904,0.013132643,0.029979473,0.0308999,0.04525987,0.05799926,0.019771872,0.6828116,0.020598073,4.7933536,0.8650596,0.032805007,0.04334052,2024-04-06 13:56:00
2.0980134,0.050198074,3.1910706,0.020679003,0.023335319,0.02160396,0.03086749,0.17254081,0.019513188,0.048871946,0.034600478,0.33326346,0.08865986,2.2889519,1.1425104,2.8460488,0.02890268,0.031812053,0.049553975,0.0361409,0.055994112,0.017848069,0.92124385,0.014870001,4.7313366,0.8605026,0.03062322,0.040099133,2024-04-06 13:57:00
2.0247178,0.04565155,3.297562,0.017416267,0.02207266,0.032444037,0.03558947,0.05812813,0.024102623,0.0583711,0.03163488,0.18293257,0.034192238,2.625233,1.0864865,2.8840063,0.035435397,0.028949987,0.045545045,0.04741822,0.033502784,0.019776488,0.84055954,0.022669578,4.957845,0.88345903,0.033315413,0.036963854,2024-04-06 13:58:00
2.087985,0.04854841,3.4178534,0.015331056,0.030529417,0.025677577,0.028041456,0.06964922,0.03789976,0.048111383,0.049162332,0.403267,0.035022195,2.1787665,1.1126434,2.9146268,0.02129415,0.028088586,0.033854317,0.046554074,0.028457524,0.02135293,0.8858327,0.021903282,4.963653,0.85599655,0.023806863,0.03806254,2024-04-06 13:59:00
2.0381532,0.049421657,3.44384,0.18826851,0.024610408,0.013936754,0.030202966,0.07020782,0.023379834,0.05576497,0.026400823,0.32897988,0.1384673,2.251674,1.1471968,3.1319306,0.019764876,0.028936503,0.08421505,0.053237658,0.049430393,0.020443028,1.1395805,0.022829697,4.648161,0.8894764,0.035305806,0.03744178,2024-04-06 14:00:00
2.0608258,0.04843242,3.408372,0.02906957,0.02581138,0.019048585,0.023699706,0.057886876,0.029542306,0.056495257,0.022354115,0.31012475,0.08016087,2.2847412,1.0780679,3.1769834,0.023493746,0.029090853,0.033484336,0.046934407,0.03891535,0.022717295,0.6160405,0.020982828,4.8229923,0.87378883,0.023372829,0.04921807,2024-04-06 14:01:00
2.0953522,0.101364285,3.3199937,0.020835746,0.019722903,0.025449676,0.076115265,0.064363666,0.029415568,0.07195944,0.048830874,0.39745638,0.09901302,2.4517121,1.1612567,3.0172193,0.020337522,0.029995024,0.028870985,0.04484565,0.039334733,0.016113935,0.8745857,0.03180928,4.7794313,0.8450671,0.1332175,0.043810274,2024-04-06 14:02:00
2.0828125,0.13374692,3.3251905,0.023115031,0.025205687,0.02602162,0.016041266,0.12078047,0.033319805,0.06476324,0.034201395,0.17547469,0.027272128,2.6448224,1.1176552,3.1261945,0.021321483,0.027473105,0.045225337,0.045175746,0.041075207,0.03152581,0.6127022,0.01859976,4.8890624,0.8899893,0.0384686,0.052822392,2024-04-06 14:03:00
2.0808783,0.052196514,3.355253,0.015007626,0.020050816,0.018081337,0.19610423,0.10005065,0.04051956,0.09099357,0.042310644,0.39432016,0.05113208,2.5765955,1.0817909,3.1300938,0.011672678,0.03106875,0.048138004,0.044897933,0.034965657,0.036107864,0.7770553,0.023405235,4.8336434,0.85653305,0.024597844,0.039353285,2024-04-06 14:04:00
2.0865026,0.048691433,3.422111,0.024573276,0.026119774,0.025712876,0.023753487,0.06413246,0.031550195,0.0651803,0.056932125,0.21006942,0.1968872,2.6343915,1.2901685,3.130083,0.016852621,0.025020758,0.07798885,0.043493096,0.0407697,0.017415795,0.81449056,0.026941776,4.939085,0.88860434,0.023081811,0.04277244,2024-04-06 14:05:00
2.0823328,0.13708669,3.4098442,0.018211903,0.02951674,0.026381623,0.032306597,0.05883937,0.08555952,0.040183514,0.042459726,0.20983528,0.03824022,2.5949788,1.2363017,3.1124153,0.01668824,0.03201261,0.061163772,0.045076042,0.03946668,0.023692835,0.67018616,0.024668349,4.7543993,0.85147226,0.023697304,0.03588704,2024-04-06 14:06:00
2.0945716,0.09334622,3.4829383,0.027209418,0.030814976,0.020055115,0.03768117,0.06130932,0.02028841,0.04440141,0.07391057,0.2278235,0.122643836,2.287747,1.2788684,3.1546016,0.0206399,0.029680109,0.032598242,0.054047063,0.033195987,0.020042373,0.8237759,0.02120784,4.644679,0.92236954,0.022197258,0.04227367,2024-04-06 14:07:00
2.0798438,0.049895827,3.4084265,0.022406187,0.06781989,0.024523625,0.023529386,0.08866082,0.026878363,0.049659815,0.03484495,0.11804611,0.02311476,2.6561556,1.2527767,3.1643841,0.020626007,0.031998686,0.0481211,0.051260974,0.039136246,0.02006907,0.6323498,0.01711997,4.5370827,0.86228055,0.03885927,0.0473065,2024-04-06 14:08:00
2.1586869,0.07661803,3.6721616,0.024746442,0.017063089,0.023690239,0.037814315,0.0732255,0.027462864,0.09162593,0.07670578,0.07532954,0.070739225,2.307837,1.2625077,3.2162406,0.047913894,0.03244637,0.039930068,0.04509883,0.045650482,0.018819809,0.61827916,0.03613657,4.8036313,0.86364114,0.031907182,0.031050116,2024-04-06 14:09:00
2.081425,0.043064773,3.538288,0.019516228,0.018489014,0.01740663,0.031235993,0.2578154,0.02950376,0.042922992,0.0594911,0.17553236,0.050422598,2.36441,1.338037,3.8399801,0.025439305,0.032218307,0.039149128,0.044801965,0.042893708,0.011527243,0.5899673,0.015179931,4.7712054,0.8046544,0.030661413,0.03655172,2024-04-06 14:10:00
2.0812926,0.052587554,3.586516,0.015047992,0.024227966,0.02003434,0.028636232,0.0777115,0.028769163,0.045573164,0.07627729,0.19738974,0.043584857,2.2664785,1.3801385,3.7453458,0.030838849,0.033254884,0.03983954,0.04522082,0.057144813,0.02195602,0.6302947,0.01562496,4.7152977,0.8319694,0.03272612,0.040122405,2024-04-06 14:11:00
2.0838034,0.053208098,3.652937,0.033484716,0.030696327,0.048409387,0.02445707,0.09194491,0.028844493,0.06272764,0.047098998,0.34326378,0.027702702,2.621014,1.4005384,3.8809814,0.0155574065,0.035124484,0.042513885,0.045197748,0.06377242,0.016450914,0.7808307,0.01867662,4.5869684,0.8523193,0.031183032,0.039477915,2024-04-06 14:12:00
2.0796704,0.054551978,3.824182,0.020024689,0.016690109,0.02208387,0.029827964,0.07446162,0.029603532,0.07057038,0.11576808,0.17728847,0.045320515,2.6718345,1.4494265,3.9694345,0.051119465,0.031859674,0.041495968,0.044862736,0.052908912,0.02492507,0.6136405,0.017777348,4.6879296,0.7966963,0.03547266,0.038675178,2024-04-06 14:13:00
2.0829568,0.052883405,3.47928,0.023521949,0.01742291,0.5244384,0.024568468,0.07621306,0.02882418,0.06363564,0.09502723,0.10013607,0.027284605,2.6184232,1.4748653,3.8887084,0.04748797,0.036762964,0.042711385,0.044791665,0.056511052,0.03137399,0.6383135,0.10571746,4.658397,0.82911545,0.038448498,0.03925468,2024-04-06 14:14:00
2.0870821,0.052536078,3.5669467,0.021346677,0.022098448,0.08350676,0.17277524,0.08323692,0.028021868,0.06874327,0.11226221,0.16042171,0.028801179,2.2753959,1.6044594,3.8255956,0.020799939,0.02948504,0.041795492,0.035884436,0.042227253,0.020073352,0.67931587,0.022677524,4.404483,0.86322206,0.02043762,0.044414956,2024-04-06 14:15:00
2.0938401,0.046399333,3.4929094,0.014903741,0.022756018,0.028522223,0.035512764,0.13371272,0.028431667,0.051685054,0.08808873,0.20031404,0.027029153,2.3783395,1.6372288,3.8110473,0.012436863,0.025358351,0.04980503,0.044903606,0.04054892,0.020326419,0.8448636,0.022994062,4.2287416,0.8687496,0.03944795,0.049346358,2024-04-06 14:16:00
2.0843875,0.04835714,3.4190056,0.019152597,0.015639462,0.027676834,0.026466992,0.13109757,0.029071897,0.067914866,0.087086625,0.16774394,0.023711137,2.2123435,1.5672358,3.8357239,0.021592619,0.03237708,0.047546715,0.039264616,0.042191297,0.011977747,0.59300506,0.017730173,4.149701,0.90608,0.042949785,0.03895103,2024-04-06 14:17:00
2.1015356,0.071749315,3.4671266,0.18600589,0.018527035,0.020407725,0.022887163,0.08783832,0.029144948,0.055447396,0.08885363,0.29248267,0.004784099,2.2244284,1.5977106,3.6274745,0.015198627,0.026596135,0.041210752,0.051308893,0.044023026,0.02862638,0.84945434,0.03734916,4.102728,0.9064962,0.09076901,0.03521103,2024-04-06 14:18:00
2.081574,0.052733436,3.4230316,0.024982795,0.024965445,0.01651099,0.032999612,0.07951027,0.02862937,0.11495503,0.070645556,0.15747672,0.12981172,2.59979,1.7027581,3.5224366,0.010509157,0.030850234,0.044189483,0.036160577,0.041122638,0.11501643,0.7911407,0.019520324,4.090226,0.9110383,0.024437692,0.036883842,2024-04-06 14:19:00
2.1700094,0.06331038,3.5486932,0.03355832,0.020251896,0.037437174,0.019517042,0.1394703,0.012335801,0.043225117,0.03961689,0.3703718,0.088131785,2.253466,1.6746017,3.5552807,0.03280869,0.02303947,0.036282312,0.035665523,0.040135805,0.021648701,0.7696899,0.014741467,4.1334095,0.94100386,0.024124602,0.03523348,2024-04-06 14:20:00
2.1378467,0.0675882,3.6022398,0.021036893,0.029703034,0.028057246,0.013910985,0.06818335,0.028877974,0.05515303,0.02712732,0.3241322,0.062568486,2.5448766,1.7120073,3.5850303,0.024078835,0.02694553,0.055758283,0.044856686,0.050939754,0.017520545,0.62474453,0.013370089,4.213631,0.9189237,0.033199526,0.043978665,2024-04-06 14:21:00
2.09829,0.04733657,3.4491696,0.021040868,0.037121687,0.024191963,0.023327338,0.13271807,0.035952073,0.068316214,0.042741165,0.2383179,0.032593932,2.249241,1.8102151,3.3910656,0.023177573,0.024409406,0.040734448,0.03610517,0.044289473,0.018148286,0.5861921,0.015102295,4.024326,0.9328876,0.03187486,0.03894434,2024-04-06 14:22:00
2.0628893,0.05066113,3.5404553,0.024922712,0.027766047,0.02679357,0.017595932,0.08961699,0.02532527,0.041391313,0.04409698,0.13268532,0.024616202,2.2033598,1.685649,3.3709009,0.019853104,0.02774155,0.03792537,0.036014564,0.040027637,0.022102881,0.5873655,0.030222302,4.0785246,0.9262783,0.032396227,0.03408012,2024-04-06 14:23:00
2.0627403,0.045886323,3.699288,0.021951713,0.02398858,0.027079681,0.021692004,0.06970595,0.02565647,0.054278806,0.0405917,0.3003867,0.14393759,2.2651138,1.7044092,3.377667,0.020256039,0.028284948,0.059893258,0.047639187,0.045089204,0.022781678,0.61191404,0.025324335,4.1196356,0.93428415,0.023107082,0.03662821,2024-04-06 14:24:00
2.0922854,0.08003166,3.61555,0.018127542,0.023590004,0.033189405,0.029439932,0.13638921,0.020347351,0.055620186,0.03793921,0.27694437,0.04774765,2.243738,1.7134653,3.3385248,0.021565272,0.031993352,0.041866463,0.044711877,0.03119569,0.020808449,0.867602,0.030860502,4.1460047,0.93698364,0.032961674,0.030557355,2024-04-06 14:25:00
2.0640981,0.05081495,3.6517844,0.020118868,0.02253185,0.021701477,0.033252902,0.088940054,0.02327842,0.032412313,0.032853946,0.1896872,0.009866658,2.2831109,1.7529136,3.356888,0.021322403,0.031035583,0.045477204,0.044866804,0.043517075,0.027971469,0.8238075,0.017348576,4.2772517,0.9276698,0.03229323,0.03975416,2024-04-06 14:26:00
2.060647,0.07842621,3.6441746,0.01655693,0.034245927,0.018105254,0.032793675,0.07393045,0.021869948,0.053017344,0.038757674,0.3941184,0.03150569,2.2032719,1.7745951,3.3314617,0.032656442,0.028193831,0.036347214,0.04161604,0.034057915,0.01602199,0.6575233,0.029571401,4.214641,0.91832715,0.032548327,0.19643202,2024-04-06 14:27:00
2.0614374,0.06433379,3.6111314,0.016053833,0.028865637,0.030132636,0.027770303,0.066859074,0.027529286,0.057127845,0.042898767,0.106210865,0.114017546,2.6074202,1.8616377,3.2911768,0.020713232,0.030282116,0.05023548,0.04600744,0.041709833,0.018159274,0.5583197,0.021987528,4.1657166,0.9513812,0.026000734,0.026223632,2024-04-06 14:28:00
2.065802,0.04336817,3.6608841,0.01241569,0.014149755,0.022288902,0.022729712,0.07251962,0.030530974,0.051084455,0.014050423,0.35542583,0.08974822,2.5287526,1.9694862,3.4070022,0.01266543,0.027900668,0.053196546,0.049095806,0.05903613,0.019924127,0.8404145,0.026346583,4.2417555,0.91792077,0.03440126,0.024308281,2024-04-06 14:29:00
2.076499,0.04832816,3.6448958,0.033668175,0.020802729,0.029526744,0.025700111,0.08641127,0.021246562,0.10252525,0.04096264,0.39132062,0.052948456,2.198429,1.986907,3.3256938,0.018662304,0.027386907,0.036138006,0.03912722,0.03480139,0.021596266,0.5769794,0.022769919,4.2254596,0.9647518,0.027420634,0.025915213,2024-04-06 14:30:00
2.1034675,0.049397748,3.6472104,0.012957466,0.021947201,0.010600226,0.034245733,0.11006395,0.019375896,0.05219349,0.045900032,0.123885274,0.09561758,2.209771,2.1386802,3.3227558,0.015902957,0.031717483,0.04826362,0.049085952,0.033438988,0.017538078,0.57538253,0.016578782,4.346411,0.9610996,0.033154774,0.036748867,2024-04-06 14:31:00
2.0279422,0.05193538,3.6105254,0.02290016,0.028788744,0.024163112,0.02155611,0.12846982,0.035957173,0.054697897,0.054668874,0.28689063,0.03886424,2.5553765,2.0239453,3.4016876,0.019048367,0.024472976,0.039996162,0.04609153,0.04048232,0.019660667,0.8610376,0.029205546,4.2657394,0.9670767,0.03301515,0.03502846,2024-04-06 14:32:00
2.0683322,0.049373373,3.7504091,0.012572018,0.024123924,0.021935377,0.01850467,0.081671685,0.028115882,0.06772959,0.03613822,0.35011712,0.022409186,2.190057,2.0714319,3.3246357,0.023279103,0.025466882,0.027922314,0.03917528,0.04361534,0.024663594,0.6177465,0.034630194,4.5002613,0.94681203,0.024052437,0.037325982,2024-04-06 14:33:00
2.0278647,0.10812859,3.6226382,0.020280898,0.018474638,0.01900391,0.030917775,0.054422315,0.027495196,0.044286612,0.033100307,0.25646526,0.02919994,2.19951,2.082426,3.2994652,0.013246917,0.02298898,0.047352605,0.04552659,0.043244354,0.028134832,0.56385493,0.01902113,4.425223,0.9565453,0.038863175,0.013211814,2024-04-06 14:34:00
2.0312955,0.038892172,3.6562061,0.025583588,0.018074794,0.020372579,0.02799127,0.06528145,0.028994106,0.05571252,0.042076718,0.30512574,0.021363344,2.0908327,2.0611463,3.3304753,0.026624402,0.029999975,0.040360097,0.045073085,0.04165686,0.022054676,0.56680155,0.018482944,4.3224015,0.96232605,0.031291015,0.033875886,2024-04-06 14:35:00
2.0460413,0.09617051,3.6166153,0.019206148,0.022845808,0.023218764,0.034824837,0.11101855,0.03002608,0.035140023,0.04189472,0.141284,0.03696163,2.2297838,2.0147834,3.3030353,0.03584244,0.025849696,0.040873453,0.04485878,0.042539634,0.031582903,0.610089,0.020137757,4.1669736,1.0210398,0.039506007,0.033327177,2024-04-06 14:36:00
2.0291593,0.044916842,3.6568768,0.014896183,0.02774439,0.027317267,0.034616627,0.09476654,0.029085742,0.061103582,0.030463237,0.1991581,0.1022455,2.231267,1.9458445,3.3764355,0.020651456,0.022897473,0.045692183,0.03585802,0.045196824,0.034773752,0.6368148,0.034375858,3.981201,0.88313144,0.093245275,0.035378963,2024-04-06 14:37:00
2.0313585,0.044426296,3.6754313,0.02972482,0.016323574,0.020542584,0.025088206,0.16779108,0.039528444,0.063064836,0.026054015,0.27714932,0.0789248,2.368302,2.0060353,3.3624701,0.0152597735,0.021033114,0.047629043,0.04658893,0.041962035,0.03413898,0.61800814,0.04731968,3.8874793,0.8941343,0.03317105,0.039275233,2024-04-06 14:38:00
2.075246,0.07492956,3.5600011,0.029561298,0.038615897,0.019052964,0.025822364,0.069033094,0.03247221,0.042899292,0.04296842,0.19198942,0.023135317,2.2099774,1.9973847,3.3929303,0.018042037,0.031464774,0.044490974,0.035978414,0.030645633,0.020329574,0.8123894,0.043487605,4.106552,0.89032507,0.082655236,0.035593864,2024-04-06 14:39:00
2.0295157,0.046810344,3.644799,0.022208666,0.020445881,0.026914347,0.022454254,0.067918174,0.028895006,0.046549648,0.03792351,0.23176707,0.11053879,2.2401109,2.0448468,3.3728023,0.03558624,0.029338928,0.032963667,0.035925746,0.04322294,0.02024931,0.64968586,0.016800227,4.1541348,0.8610976,0.026031407,0.037314683,2024-04-06 14:40:00
2.031888,0.039684173,3.6541388,0.023086492,0.02352679,0.037732754,0.024540275,0.074849226,0.017107548,0.08087518,0.040212,0.24893738,0.025324902,2.1835148,2.1993124,3.4365163,0.01263637,0.02158086,0.04321256,0.042252656,0.043605182,0.022852486,0.9563049,0.030182727,4.087464,0.858286,0.033300962,0.036859572,2024-04-06 14:41:00
2.026266,0.03878016,3.8129113,0.018909188,0.02186323,0.02824702,0.014300252,0.089719065,0.030854385,0.055335186,0.049696222,0.1618406,0.0346394,2.243516,2.111245,3.4948392,0.02068551,0.024135355,0.032987613,0.035762426,0.041802954,0.020678753,0.755935,0.036345683,4.1927924,0.85689366,0.032123823,0.040285952,2024-04-06 14:42:00
2.0268505,0.050378643,3.5727277,0.016480517,0.032786943,0.065365575,0.03402081,0.1779183,0.019499963,0.07774638,0.07553271,0.27180174,0.060581025,2.0999773,2.0430255,3.5493162,0.022938909,0.03146819,0.037038725,0.045090016,0.03973838,0.029774303,0.6201915,0.043899696,4.1426077,0.8761643,0.033228736,0.041002452,2024-04-06 14:43:00
2.0302887,0.038556915,3.5881133,0.020200144,0.031783193,0.027197717,0.024348237,0.07600103,0.030509444,0.06470427,0.1401118,0.10577089,0.030760292,2.2210565,1.7755874,3.5598247,0.011523377,0.029482516,0.03903739,0.04520897,0.041322988,0.16889355,0.59670544,0.033730254,4.023459,0.86640334,0.03547656,0.037733555,2024-04-06 14:44:00
2.0317423,0.049134534,3.6406655,0.028996143,0.019596959,0.024457453,0.03438738,0.06395075,0.02777769,0.05168293,0.19494766,0.23814774,0.06796649,2.199025,1.7459242,3.5515244,0.021474218,0.025816632,0.031359404,0.041254047,0.04198771,0.022983747,0.6393642,0.02157011,3.9818194,0.90893674,0.023971407,0.048033983,2024-04-06 14:45:00
2.0339644,0.04245563,3.5364392,0.030621603,0.019241935,0.024736268,0.019793406,0.122184575,0.027634421,0.04342925,0.40482804,0.11011079,0.07055917,2.1093342,1.7333648,3.641233,0.021081802,0.029409427,0.040936366,0.04657647,0.040902957,0.012584842,0.6013201,0.026276013,3.9833326,0.9135383,0.036512703,0.0356612,2024-04-06 14:46:00
2.03062,0.045661736,3.760316,0.032486137,0.026463551,0.03085477,0.016528727,0.068693325,0.027462516,0.06787112,0.2625247,0.3910943,0.08958583,2.2118464,1.7306734,3.6966162,0.011819556,0.022514239,0.03398688,0.045111977,0.045274418,0.023518553,1.0566267,0.026619965,4.134132,0.9268312,0.024549294,0.04866105,2024-04-06 14:47:00
2.0285177,0.044312686,3.5582397,0.020980675,0.028168157,0.023303643,0.030051911,0.0749876,0.028554594,0.08086029,0.27778834,0.1595824,0.08616076,2.2011766,1.8081037,3.533215,0.018155573,0.036391065,0.04623532,0.044892956,0.043748934,0.027175616,0.60052687,0.03517691,4.0602984,0.9029075,0.03264041,0.03379708,2024-04-06 14:48:00
2.0311542,0.045830008,3.463276,0.017950062,0.020431885,0.018882295,0.045326713,0.13281913,0.02862532,0.056683294,0.30993187,0.09513674,0.057291143,2.2296696,1.787768,3.5526423,0.024758669,0.029954989,0.040448695,0.044937726,0.044989806,0.05907323,0.5871721,0.016090818,3.996298,0.9018521,0.03274143,0.038205124,2024-04-06 14:49:00
2.0569124,0.04760724,3.634228,0.014643756,0.01963545,0.02332537,0.021750975,0.07424399,0.053242046,0.073644474,0.28035358,0.3646027,0.021380534,2.2360206,1.8248782,3.5115573,0.02190285,0.02803754,0.054314233,0.044908307,0.037914205,0.15397374,0.6014428,0.015952105,4.081731,0.9435126,0.035232294,0.070264906,2024-04-06 14:50:00
2.0278423,0.034660026,3.6740644,0.01805682,0.035304576,0.019413112,0.028549947,0.14583428,0.03389289,0.06178166,0.430025,0.25071135,0.020149758,2.581659,1.860832,3.5205157,0.018592305,0.024438675,0.04087846,0.044542827,0.046825886,0.019971821,0.82760364,0.057114784,4.27635,0.9104998,0.032617707,0.041499574,2024-04-06 14:51:00
2.0301125,0.046071123,3.686449,0.01704117,0.029616378,0.019888623,0.025246775,0.09378966,0.02313971,0.04901044,0.3047457,0.14443721,0.071449414,2.255474,1.9181113,3.602993,0.01096354,0.026366064,0.034291133,0.037175085,0.053571884,0.021061657,0.9182256,0.08317682,4.2300563,0.92468077,0.022650242,0.042755466,2024-04-06 14:52:00
2.3074327,0.0918746,3.6851523,0.019594409,0.023627933,0.021769479,0.020203164,0.077666685,0.021273704,0.061949596,0.30464503,0.22605133,0.04993572,2.2514317,1.8467442,3.4718678,0.015593607,0.026586002,0.03819343,0.05175418,0.04230471,0.02093452,0.9116078,0.022076173,4.174462,0.97677636,0.037985142,0.033953816,2024-04-06 14:53:00
2.297609,0.042211022,3.5906737,0.016583884,0.023352845,0.05784804,0.0334578,0.13930444,0.02814878,0.048095543,0.32093152,0.09111516,0.050994623,2.5488663,1.7324356,3.577912,0.035975575,0.03129917,0.04444567,0.045040168,0.041115087,0.026857529,0.7054257,0.02081179,4.3290043,0.9532479,0.032296192,0.03556794,2024-04-06 14:54:00
2.3729038,0.060572747,3.6973214,0.015367239,0.025148364,0.1604334,0.017402673,0.0667224,0.03328191,0.053956777,0.3068769,0.07267206,0.034259483,2.2477915,1.6936558,3.573032,0.027063558,0.025845226,0.04321508,0.044880446,0.047993958,0.019144436,0.7286991,0.022664294,4.2590404,0.9301969,0.033581633,0.037100963,2024-04-06 14:55:00
2.2944932,0.069630444,3.730006,0.022045128,0.025317987,0.02483776,0.025595633,0.05354971,0.028933698,0.043593552,0.30980512,0.21640216,0.05730648,2.239185,1.6815267,3.60672,0.03394147,0.030767746,0.09366773,0.052024562,0.051931128,0.026363421,0.6324853,0.02159107,4.3148413,0.9333776,0.023256836,0.03998149,2024-04-06 14:56:00
2.2939808,0.052195698,3.7247343,0.021824582,0.028555859,0.06235353,0.023961706,0.12670876,0.020567533,0.03440102,0.19341242,0.30506945,0.025129324,2.2039533,1.7085271,3.5632982,0.0115495045,0.026833102,0.04257035,0.04682681,0.04630986,0.031899206,0.84217215,0.01966401,4.223127,0.96164215,0.0296379,0.048647545,2024-04-06 14:57:00
2.298488,0.046662882,3.8179045,0.053171657,0.023486508,0.020111052,0.019950952,0.060295396,0.020059206,0.06598816,0.18515629,0.15482654,0.022119561,2.2174075,1.699875,3.6523647,0.018059047,0.027936028,0.025046004,0.049314998,0.03910668,0.020591201,0.78110397,0.05326583,4.3456063,0.9176182,0.023565108,0.03788666,2024-04-06 14:58:00
2.261161,0.034709185,3.7033083,0.01823228,0.023753434,0.029771997,0.023337716,0.11963424,0.028718352,0.039368197,0.18560058,0.34262592,0.04293841,2.2523987,1.7190287,3.7165115,0.017116753,0.028826134,0.051249903,0.046102848,0.040621165,0.028840285,0.6250515,0.020273294,4.382791,0.94436705,0.041443475,0.03648062,2024-04-06 14:59:00
2.3203187,0.04530442,3.7004194,0.017108794,0.014528403,0.02110169,0.03108721,0.12019571,0.091150396,0.053898793,0.17706583,0.28742543,0.047801923,2.1952689,1.6919723,3.7893832,0.01855512,0.026396068,0.04175958,0.046076298,0.041579433,0.12612377,0.61077595,0.025424395,4.4480586,0.9294291,0.032714736,0.038980577,2024-04-06 15:00:00
2.2345984,0.04223107,3.7833245,0.016112585,0.023302633,0.03213791,0.032015946,0.061253782,0.021308083,0.042806655,0.17716637,0.3389706,0.024008416,2.5032878,1.7578686,3.8975992,0.02218837,0.031755693,0.06782654,0.05041754,0.03746472,0.019481348,0.70460546,0.025420276,4.51706,0.9309996,0.033451017,0.03216162,2024-04-06 15:01:00
2.227025,0.04449966,3.7574902,0.017475437,0.02506557,0.021222517,0.032242704,0.0819865,0.024226146,0.11149686,0.13175856,0.39834213,0.103556335,2.4767747,1.7308133,3.8088593,0.019560559,0.029280787,0.037752282,0.035898224,0.036089912,0.020086898,0.9372944,0.019018272,4.4718566,0.94751704,0.024805339,0.03984444,2024-04-06 15:02:00
2.2275279,0.04465668,3.6068351,0.022347258,0.031167474,0.026552176,0.027889,0.10084595,0.028541597,0.06262722,0.05056329,0.38652924,0.05849365,2.1827476,1.8124717,3.9011924,0.024842689,0.026765464,0.04712535,0.04862745,0.042346608,0.022151392,0.5668493,0.034848794,4.2913914,0.91924006,0.035007585,0.044020034,2024-04-06 15:03:00
2.2318876,0.0833349,3.4585168,0.024234677,0.022538388,0.016150303,0.030466145,0.12109478,0.02120711,0.052129153,0.041654296,0.17298482,0.031259988,2.15533,1.7131023,3.9000719,0.03135476,0.0325858,0.055476435,0.035598252,0.034212023,0.02039297,1.188243,0.021348326,4.4840646,0.9496794,0.033086024,0.035689328,2024-04-06 15:04:00
2.3017082,0.06407666,3.607976,0.024995595,0.025302438,0.030284109,0.022824729,0.15008117,0.014656977,0.054045122,0.05427708,0.2560596,0.10560099,2.1774,1.707658,3.9668036,0.030002922,0.030238222,0.031247798,0.044836,0.04316162,0.021841938,0.87854755,0.020825204,4.476121,0.98337024,0.033343624,0.048337303,2024-04-06 15:05:00
2.1890645,0.044462603,3.3265796,0.022127887,0.020813506,0.021396572,0.026587874,0.07645245,0.026814261,0.10719048,0.03768324,0.34468484,0.04949929,2.4110117,1.7825005,3.8750527,0.016527418,0.030445866,0.026211018,0.036308765,0.04089141,0.017829252,0.593893,0.030822422,4.3881617,0.98579156,0.033058222,0.036301963,2024-04-06 15:06:00
2.1912858,0.078912556,3.1900182,0.21804516,0.02149242,0.020519927,0.026766483,0.08370793,0.016136838,0.053463712,0.0256497,0.33735967,0.058679316,2.200071,1.6881886,3.425136,0.017526394,0.029237911,0.039878137,0.04451032,0.035314545,0.021341432,0.6076596,0.025402395,4.478379,0.9755432,0.038213518,0.0876645,2024-04-06 15:07:00
2.1940384,0.049632695,3.4930656,0.026959412,0.016199829,0.022505397,0.022242274,0.09138902,0.02562815,0.057018995,0.041920993,0.18005534,0.04555405,2.216415,1.7490544,3.388611,0.03761179,0.04303342,0.038495958,0.045601886,0.04692271,0.14983079,0.5890639,0.014633416,4.616812,0.98361933,0.03610879,0.025630668,2024-04-06 15:08:00
2.191293,0.045744877,3.4346647,0.06879819,0.019898916,0.026406828,0.014059507,0.14188614,0.02550925,0.07059267,0.032481097,0.12512335,0.09321051,2.1807375,1.8233597,3.408872,0.032909397,0.031163812,0.029997604,0.05075079,0.04511807,0.033257794,0.61035365,0.019613551,4.431031,1.0458663,0.03285345,0.01796516,2024-04-06 15:09:00
2.192708,0.13542084,3.5001285,0.159528,0.02309723,0.020333711,0.027526079,0.10429869,0.026671628,0.061036505,0.040104687,0.10085145,0.023665575,2.1826112,1.8008846,3.4411478,0.01906699,0.043242607,0.04058527,0.04585543,0.043793235,0.027512752,0.5858977,0.018455653,4.509434,1.0174655,0.037165612,0.023751933,2024-04-06 15:10:00
2.1897643,0.055044923,3.6381607,0.0148134725,0.019533923,0.022571586,0.051026247,0.0646698,0.026991583,0.07471704,0.043776534,0.16175215,0.050355792,2.2293036,1.8570521,3.5008616,0.03265738,0.028735314,0.038035624,0.044839643,0.05220795,0.02171243,0.5875608,0.03858014,4.364482,1.0133293,0.03280766,0.03480256,2024-04-06 15:11:00
2.160454,0.06615035,3.5193315,0.027006838,0.018350728,0.034066506,0.029509267,0.111223325,0.026602305,0.056187607,0.026979253,0.07300175,0.06862828,2.178075,1.6645405,3.482621,0.043909658,0.03873648,0.039813943,0.044856437,0.043498103,0.02374378,0.5949177,0.014392832,4.125716,0.9945157,0.02880134,0.044584528,2024-04-06 15:12:00
2.1591573,0.04590556,3.5873454,0.15406902,0.059923746,0.033476144,0.023759067,0.092665546,0.026982933,0.04030286,0.035352834,0.14683728,0.044576343,2.537857,1.7258004,3.4763927,0.029953912,0.03395687,0.041271277,0.048943155,0.04239424,0.033633385,0.59266204,0.028926332,4.146388,1.0142088,0.033474024,0.064583115,2024-04-06 15:13:00
2.1960132,0.048568897,3.7275386,0.020693343,0.020779826,0.026581798,0.032362014,0.0862389,0.023315055,0.060944706,0.04279107,0.26188087,0.023496509,2.190755,1.6652758,3.4524956,0.02645524,0.030048635,0.042154796,0.054167185,0.040427882,0.01824437,0.63350666,0.020650402,4.4836807,1.0099748,0.0351111,0.036928765,2024-04-06 15:14:00
2.258586,0.04995299,3.7815232,0.020675931,0.01953556,0.021422045,0.030057305,0.15986563,0.022397682,0.051250495,0.05029653,0.27119455,0.12151641,2.1545463,1.6569884,3.572077,0.02151115,0.025431497,0.03974835,0.038879264,0.033871897,0.0172884,0.82097155,0.019342525,4.236718,1.0441347,0.047834817,0.041409817,2024-04-06 15:15:00
2.2379835,0.045673836,3.70181,0.027525337,0.025837548,0.02080507,0.036817145,0.07201041,0.015924837,0.13384119,0.034289993,0.31412637,0.040025793,2.1779287,1.7477453,3.6635902,0.021504417,0.023917269,0.032383267,0.06693416,0.048056014,0.016492313,0.71525675,0.015445808,4.2782784,1.0740881,0.033767052,0.043225463,2024-04-06 15:16:00
2.2367537,0.04051811,3.7618217,0.028374808,0.019105155,0.020421606,0.01946703,0.116709664,0.027553588,0.047317147,0.05546906,0.119535506,0.047990605,2.1908119,1.6204596,3.7156875,0.021035792,0.024663966,0.040437188,0.044862136,0.043612763,0.009767855,0.63399214,0.02290244,4.3545303,1.0487536,0.030479979,0.037163444,2024-04-06 15:17:00
2.2330306,0.063615255,3.6886606,0.029327966,0.07137416,0.023193236,0.17804809,0.08206245,0.024744062,0.04569678,0.037589226,0.09645113,0.03462924,2.5248675,1.6725074,3.7555482,0.042600535,0.023094697,0.039376386,0.04513176,0.044854905,0.019700509,0.6001252,0.020439992,4.260744,1.020021,0.03823272,0.0401264,2024-04-06 15:18:00
2.2552545,0.047181938,3.4568272,0.023723327,0.03313386,0.023452122,0.01926683,0.0644001,0.015072428,0.1424564,0.042633098,0.34866017,0.03187546,2.2073028,1.6815847,3.8292773,0.02467179,0.030180167,0.083585665,0.046528295,0.037925944,0.029962333,0.8942754,0.049031384,4.3504324,1.0082746,0.025553724,0.03849043,2024-04-06 15:19:00
2.1740408,0.052913293,3.3942094,0.016448457,0.019273506,0.031158263,0.07064671,0.1430695,0.027800007,0.06008634,0.048238732,0.32660717,0.07770268,2.182837,1.7779536,3.7756622,0.031272624,0.02198891,0.035762753,0.03566384,0.043938488,0.022456443,0.6135781,0.02309837,4.3147416,1.0168684,0.023919191,0.038788658,2024-04-06 15:20:00
2.1522102,0.039910484,3.4573586,0.016882788,0.034838554,0.019683622,0.020650377,0.08148619,0.021254327,0.06086431,0.07547298,0.42463246,0.034946617,2.1462386,1.7651615,3.702886,0.0209611,0.02784345,0.04677261,0.040296506,0.038874403,0.024605535,0.8829337,0.023819393,4.2236733,0.9903065,0.02426875,0.04269238,2024-04-06 15:21:00
2.1992717,0.055247832,3.5348296,0.023299335,0.024980525,0.032418367,0.027790876,0.13266335,0.025875317,0.09922194,0.23536663,0.37810543,0.08777676,2.7420907,1.7939721,3.629607,0.019056303,0.020665878,0.11582472,0.045214713,0.04846455,0.021845462,0.8748416,0.021912673,4.2548685,0.99093103,0.02507838,0.04708077,2024-04-06 15:22:00
2.1388156,0.045883644,3.4555402,0.019880032,0.018336989,0.02250171,0.028427117,0.14710426,0.02573901,0.0653184,0.18039355,0.13887523,0.11103731,2.5023324,1.8265148,3.6295786,0.02264867,0.024712563,0.037168015,0.045544818,0.048131872,0.018515747,0.5736071,0.02409367,4.33679,0.96347237,0.03342156,0.036913484,2024-04-06 15:23:00
2.1402028,0.05145119,3.606789,0.016415026,0.023635507,0.022909265,0.015573079,0.11749633,0.01974181,0.041745927,0.30254474,0.38363746,0.06357282,2.1572704,1.7084022,3.6685584,0.0258647,0.028883249,0.030811707,0.04009169,0.034631297,0.03287011,0.87396604,0.05038816,4.37838,1.0259601,0.03480852,0.040064752,2024-04-06 15:24:00
2.1636567,0.08831344,3.5393121,0.015048081,0.027354052,0.025576478,0.028545884,0.08352753,0.023968965,0.051267464,0.2182359,0.27008045,0.033961717,2.1344538,1.725907,3.688311,0.03287653,0.022569273,0.047912575,0.04482825,0.04220169,0.025248596,0.57878196,0.021862622,4.354781,0.98278505,0.031065077,0.04125936,2024-04-06 15:25:00
2.1396353,0.0510809,3.481577,0.027195347,0.01800076,0.025680756,0.016910553,0.08889284,0.025847675,0.04230141,0.5059105,0.14322576,0.051040858,2.5465074,1.7647601,3.7031693,0.024704184,0.021236677,0.03886843,0.03617311,0.042045143,0.018744273,1.1428204,0.026929092,4.286374,0.9677418,0.023851084,0.031655677,2024-04-06 15:26:00
2.1412234,0.049024,3.5013132,0.022456143,0.018841049,0.018642081,0.028522167,0.07131905,0.031464882,0.053849548,0.38939244,0.12396359,0.031120988,2.2322307,1.798443,3.676939,0.008957592,0.03139101,0.050236057,0.04507909,0.043398708,0.021098416,0.5614428,0.03927295,4.2811003,1.0115469,0.02991733,0.036456823,2024-04-06 15:27:00
2.1376746,0.045711417,3.519697,0.017406562,0.021780467,0.030976696,0.01474134,0.06943814,0.026676847,0.0692855,0.27190682,0.18476306,0.06422588,2.3990862,1.7540753,3.766412,0.039704055,0.024978308,0.019552212,0.045786902,0.047446735,0.031363197,0.6295137,0.019962966,4.317351,0.96985304,0.033785824,0.033689518,2024-04-06 15:28:00
2.1422985,0.042118773,3.3583996,0.025861075,0.019739997,0.021661244,0.023769643,0.053615104,0.027140882,0.048710886,0.1971977,0.34710753,0.032905895,2.164475,1.7212468,3.8152971,0.017294822,0.017739799,0.0414993,0.040292185,0.048955984,0.054967355,0.64723897,0.01992014,4.385791,0.956006,0.027961481,0.023139045,2024-04-06 15:29:00
2.1535585,0.046248455,3.2602127,0.016751252,0.027505707,0.02034917,0.046970557,0.072382,0.0275978,0.0398057,0.203704,0.15914173,0.066878356,2.1945922,1.8491321,3.9296036,0.012856828,0.03310393,0.0371768,0.043113023,0.04616496,0.028507272,0.85474604,0.01973975,4.3128576,0.9825226,0.02574849,0.041973487,2024-04-06 15:30:00
2.1058135,0.15255284,3.3062048,0.0307617,0.022764921,0.02512518,0.021581179,0.074881084,0.029144928,0.04746999,0.035597634,0.088170946,0.0314605,2.1987045,1.9178915,3.9646907,0.025526483,0.022906367,0.03892808,0.04497252,0.04200728,0.02785434,0.6224381,0.02738986,4.5439396,0.98136526,0.04006044,0.03667807,2024-04-06 15:31:00
2.1103492,0.048766106,3.3107831,0.02074467,0.04152491,0.025106816,0.03245416,0.06770217,0.027064783,0.046309423,0.04696341,0.30667084,0.04023556,2.4839363,2.1316745,4.020766,0.014823581,0.025529198,0.039140727,0.04790547,0.047085978,0.007775573,0.6243999,0.017571734,4.5724106,1.0016646,0.03969013,0.04446829,2024-04-06 15:32:00
2.1431534,0.045681197,3.5511885,0.018436426,0.03259585,0.02849643,0.023608608,0.08288943,0.013881465,0.10264132,0.05038801,0.20093733,0.057347585,2.1970189,2.1402676,4.0025597,0.019121336,0.020744927,0.041846294,0.03723461,0.06707195,0.022378443,0.85752463,0.015773248,4.6215153,0.9578857,0.025095522,0.038929615,2024-04-06 15:33:00
2.1029658,0.045332476,3.497392,0.02587225,0.020045808,0.02444978,0.021609155,0.068144605,0.015260486,0.055766646,0.05934233,0.33731487,0.041644916,2.2340837,2.0739994,3.7430875,0.031438023,0.022089846,0.043415654,0.04510345,0.04676666,0.01697206,0.708967,0.020252967,4.5162535,0.9814989,0.03606203,0.039718896,2024-04-06 15:34:00
2.1315398,0.041020166,3.556301,0.020650256,0.023218524,0.019574894,0.034656078,0.16054411,0.026554387,0.053764127,0.08533734,0.33281565,0.027551837,2.4533262,2.0689464,3.5015752,0.015369765,0.02648683,0.030473402,0.047664788,0.05227423,0.024909437,0.59761155,0.018505113,4.5205708,0.9502911,0.023239795,0.04038328,2024-04-06 15:35:00
2.1015434,0.047338333,3.5668228,0.014498397,0.027074948,0.021837095,0.033249993,0.14441517,0.02117634,0.052975062,0.0665281,0.13903753,0.028434986,2.5547893,2.1508198,2.6130784,0.034483932,0.031002292,0.022898726,0.038629282,0.04628298,0.016463999,0.61077636,0.02872316,4.5245113,0.96479243,0.033830605,0.03622884,2024-04-06 15:36:00
2.1423624,0.1197604,3.4993134,0.015675886,0.0236998,0.027158577,0.023091111,0.07589073,0.028744102,0.10873918,0.0370048,0.3365818,0.056448154,2.5242052,2.083583,3.6782632,0.038297065,0.029835397,0.02878587,0.044928752,0.04372525,0.06577293,0.5460735,0.017878713,4.449357,0.97167134,0.028650751,0.033012565,2024-04-06 15:37:00
2.1803427,0.15014869,3.5192823,0.015215837,0.025637811,0.029967414,0.031313375,0.10642722,0.025878757,0.0698269,0.043052014,0.17813584,0.075421646,2.5431786,2.068491,3.6798265,0.022405973,0.023576966,0.039461628,0.050280385,0.04269594,0.011621501,0.5983935,0.021147348,4.4996276,0.96020335,0.11020394,0.042366542,2024-04-06 15:38:00
2.1047275,0.04358267,3.683633,0.018014796,0.025811931,0.024608297,0.03495782,0.23472701,0.027350154,0.05554507,0.09554258,0.25745583,0.025661547,2.253293,2.0102975,3.631819,0.021276936,0.022510884,0.033119652,0.044828244,0.03977963,0.022520706,0.59370244,0.019194895,4.581457,0.995801,0.03284298,0.053440347,2024-04-06 15:39:00
2.1056433,0.046089746,3.5714388,0.027607523,0.020716218,0.034688994,0.16708305,0.11519676,0.027960788,0.092152335,0.11986387,0.2632156,0.03729135,2.1927006,1.8104804,3.748763,0.038011003,0.028192366,0.03254916,0.044839624,0.043604292,0.018346857,0.6409393,0.03293893,4.584088,0.9802192,0.03206645,0.030861015,2024-04-06 15:40:00
2.1126015,0.045991495,3.556107,0.027561994,0.021884466,0.027615491,0.031287964,0.05893196,0.028735885,0.055948757,0.1292161,0.14204109,0.03502564,2.171784,1.8751049,3.6841674,0.025891352,0.025965443,0.047681395,0.04489829,0.04059555,0.035729982,0.7108511,0.03001238,4.6532116,0.99085194,0.07462227,0.01208634,2024-04-06 15:41:00
2.103583,0.04990168,3.6654303,0.02261018,0.013981252,0.022827862,0.030899532,0.08700472,0.02081421,0.0534652,0.15004227,0.18599579,0.030124001,2.1966615,1.8835852,3.7260044,0.006125821,0.025280075,0.054717813,0.047115933,0.062400326,0.036895454,0.6816757,0.037082054,4.6263747,0.98637795,0.033938147,0.026100866,2024-04-06 15:42:00
2.10171,0.036218155,3.7106977,0.022107603,0.019053057,0.03227519,0.03419808,0.0843525,0.01962157,0.058757678,0.29498258,0.12496677,0.04587039,2.3141387,1.8199177,3.5793726,0.013065789,0.023210157,0.032933727,0.04478142,0.04240888,0.029381234,0.8321291,0.066004656,4.54396,0.9667687,0.08208836,0.034958817,2024-04-06 15:43:00
2.1074417,0.071278,3.6699805,0.014358545,0.025762504,0.027887689,0.026182473,0.06511827,0.025198014,0.042594623,0.1862219,0.30016342,0.011183513,2.1352503,1.7782507,3.4651618,0.03588701,0.02627937,0.049338162,0.044908524,0.04755979,0.034106944,0.6519551,0.032039996,4.663382,0.9508839,0.032689683,0.031041857,2024-04-06 15:44:00
2.1086128,0.044817694,3.6785548,0.028658882,0.019082312,0.03021669,0.025645891,0.06801912,0.02736064,0.12735194,0.18792501,0.2619338,0.07375691,2.175536,1.818876,3.5196252,0.021242248,0.027508577,0.031918004,0.04655717,0.042746883,0.029990846,0.84866345,0.01886953,4.6364813,0.9372555,0.022134237,0.034992352,2024-04-06 15:45:00
2.1078033,0.04517807,3.8252678,0.016035363,0.021185638,0.019772252,0.032169618,0.09756343,0.027443472,0.054328233,0.23633622,0.23380622,0.048285946,2.181884,1.7477013,3.3922937,0.022977242,0.027605256,0.04222241,0.041113053,0.042584904,0.018279674,0.8628206,0.034837585,4.7459083,0.9866862,0.03440932,0.03724079,2024-04-06 15:46:00
2.134806,0.11318906,3.5829206,0.024895512,0.01839509,0.023617212,0.029494397,0.118299164,0.021624483,0.05420518,0.18935797,0.07091781,0.033651933,2.140138,1.82427,3.410469,0.022149907,0.018118605,0.04039879,0.04501077,0.041429676,0.020279724,0.833869,0.022717666,5.0455866,0.9495982,0.11335634,0.031630434,2024-04-06 15:47:00
2.105025,0.050472766,3.546962,0.016184464,0.017089017,0.022926167,0.030541966,0.07071241,0.018276375,0.050268795,0.16063249,0.2278993,0.018308016,2.5313983,1.8654225,3.4480984,0.007062066,0.026217602,0.043612868,0.04482769,0.045469616,0.022509418,0.76779294,0.022657184,4.7733655,0.97413117,0.03632777,0.035803933,2024-04-06 15:48:00
2.107277,0.038974907,3.5768573,0.020108366,0.024028746,0.026596198,0.038185738,0.06757455,0.029396981,0.050071627,0.16571027,0.33791554,0.033917036,2.5715945,1.81986,3.4340897,0.006937068,0.02053918,0.050404605,0.045074012,0.04194068,0.016908312,0.6154871,0.039769474,4.8110223,0.9894126,0.038387068,0.035626814,2024-04-06 15:49:00
2.1032195,0.050366897,3.78627,0.02035757,0.022114657,0.026711388,0.0394018,0.05400217,0.027117878,0.0565791,0.1291214,0.12108527,0.038905,2.1941972,1.7108989,3.4942117,0.011439361,0.026073582,0.0410456,0.04499571,0.046936803,0.02267604,0.8131674,0.045688037,4.935872,0.97940946,0.053397417,0.03721832,2024-04-06 15:50:00
2.154548,0.04575213,3.6618316,0.016607394,0.02049265,0.03557705,0.17930853,0.13074492,0.021980524,0.052998777,0.10278833,0.23754673,0.068329975,2.2106848,1.6044511,3.5962207,0.018370476,0.021315139,0.03925958,0.05013034,0.032920923,0.019992303,0.89915377,0.020904124,4.7950478,0.9764758,0.024664477,0.064769216,2024-04-06 15:51:00
2.1612535,0.06366896,3.6304097,0.028219793,0.02412051,0.021920793,0.026403945,0.13224688,0.020289693,0.06403303,0.118329376,0.3441122,0.11521774,2.1506925,1.5788414,3.6088767,0.038940605,0.02501081,0.01354468,0.036133714,0.051391557,0.02088526,0.6163113,0.02213287,4.7205734,0.9352607,0.053781226,0.049430244,2024-04-06 15:52:00
2.1029012,0.049354825,3.6142173,0.022963146,0.024190964,0.025775203,0.20068015,0.080330394,0.025405081,0.055267148,0.0495493,0.28891322,0.048482116,2.2498398,1.6456989,3.6594005,0.02013434,0.02064196,0.044027857,0.036021307,0.042577058,0.020136302,0.6521101,0.021102365,4.6828623,0.946311,0.02482822,0.033516906,2024-04-06 15:53:00
2.1331205,0.07292293,3.65541,0.018741217,0.026333397,0.019033492,0.032908212,0.07720717,0.015431521,0.06853044,0.11541601,0.2912059,0.028990736,2.1725976,1.5621002,3.7910078,0.019544637,0.026144389,0.039702635,0.041514628,0.042899422,0.015214887,0.88999057,0.021488119,4.9356847,0.95485216,0.024850618,0.035518594,2024-04-06 15:54:00
2.221865,0.10882,3.6421406,0.01585826,0.02995175,0.026890256,0.020828009,0.05792933,0.06748254,0.06416723,0.19338892,0.30955777,0.020516701,2.15894,1.5759131,3.6940987,0.019738002,0.025842851,0.04292606,0.044885106,0.040991243,0.021279778,0.5756137,0.019928481,4.774947,1.0017148,0.03316414,0.053995576,2024-04-06 15:55:00
2.10896,0.056553748,3.42545,0.020266809,0.024884816,0.025833044,0.022016227,0.06064281,0.08066054,0.05023863,0.18156669,0.39237127,0.023830345,2.2216575,1.6028131,3.6322124,0.028015431,0.029536914,0.073297895,0.046471395,0.03518016,0.023842748,0.86995775,0.017073056,4.9701447,1.0647365,0.047200833,0.032482997,2024-04-06 15:56:00
2.083382,0.045957472,3.405362,0.016109934,0.029122148,0.027163973,0.026188508,0.18140934,0.04061005,0.06816479,0.28087717,0.2611391,0.04293822,2.1893923,1.5436747,3.6829484,0.0035638981,0.023775473,0.04113638,0.045080755,0.0492285,0.02454466,0.85627663,0.022060778,4.7641387,1.0444115,0.026894024,0.036255553,2024-04-06 15:57:00
2.082977,0.07492275,3.6994739,0.021982908,0.02762394,0.022744158,0.024356287,0.19889286,0.02676884,0.18538344,0.24192671,0.20881575,0.02160439,2.4570692,1.6126952,3.7662828,0.019332565,0.02166176,0.049555596,0.04489842,0.043830674,0.020227624,0.6691722,0.025398446,4.6940384,1.021399,0.031325072,0.04141904,2024-04-06 15:58:00
2.1242504,0.06281745,3.618318,0.027801862,0.027426815,0.017766414,0.026648065,0.06428839,0.039217968,0.046567332,0.24746105,0.32282048,0.067311294,2.184248,1.7031177,3.7305858,0.039146457,0.032388613,0.031866252,0.051052142,0.037832852,0.027748048,0.9229834,0.029551812,4.596709,1.0742319,0.068351924,0.04883416,2024-04-06 15:59:00
2.1219254,0.050164755,3.6604424,0.025088325,0.027529182,0.027702037,0.17207752,0.08537994,0.027633335,0.039617173,0.26090822,0.26507387,0.13695249,2.333348,1.6075027,3.7584348,0.03354537,0.029907271,0.039928738,0.04073465,0.051975694,0.018434474,0.84788144,0.015608212,4.395778,1.0684152,0.02315145,0.037555568,2024-04-06 16:00:00
2.1236153,0.045295607,3.8943543,0.022247367,0.020193351,0.10619029,0.025941435,0.0708703,0.025867796,0.05584916,0.21879093,0.07420064,0.028393397,2.1590624,1.652071,3.6889002,0.015737677,0.021763746,0.026056822,0.03594452,0.06378432,0.022789963,0.61075294,0.017158668,4.7929406,1.0587952,0.04164309,0.036741585,2024-04-06 16:01:00
2.122354,0.057082545,3.6457124,0.07602318,0.0124046765,0.01879094,0.033983212,0.19010817,0.028071985,0.052917037,0.085968554,0.34560072,0.030052513,2.210468,1.6388377,3.6788323,0.020320376,0.033425044,0.042764984,0.0449479,0.034320816,0.015111667,0.6555054,0.023426404,4.6927648,1.0712786,0.03374362,0.036982335,2024-04-06 16:02:00
2.126549,0.047665697,3.6502535,0.0141223455,0.022322051,0.030613855,0.025052072,0.06336299,0.025467306,0.052134443,0.052649938,0.19252673,0.045638297,2.4860668,1.6169374,3.724065,0.021002177,0.023747122,0.04695426,0.0364553,0.04035358,0.031236125,0.6181146,0.042260814,4.5529814,1.1347582,0.034367464,0.03705829,2024-04-06 16:03:00
2.1214175,0.07489324,3.6634295,0.044177063,0.024710996,0.018833011,0.061189573,0.059753932,0.021660743,0.091431536,0.059570998,0.12601095,0.04773306,2.338215,1.6354786,3.7667603,0.017971575,0.02783643,0.052997272,0.041451033,0.034484703,0.023316417,0.91076046,0.020080468,4.554795,1.1431063,0.033515062,0.03273234,2024-04-06 16:04:00
2.1205473,0.050923757,3.7178001,0.016049333,0.022479363,0.025635904,0.02208064,0.074206315,0.019922098,0.07166156,0.03933872,0.33508524,0.099224925,2.2245364,1.6083976,3.6826918,0.018045716,0.022078155,0.043037944,0.040472463,0.04998173,0.022578374,0.7414416,0.019632723,4.6419673,1.1302657,0.024362007,0.03978681,2024-04-06 16:05:00
2.1239994,0.03960704,3.7101858,0.016074391,0.036994483,0.027281528,0.035172604,0.06943405,0.026776178,0.041141067,0.044077437,0.18714412,0.027853359,2.1678786,1.5219166,3.708316,0.022771712,0.024474615,0.03453242,0.044905644,0.04744281,0.057193097,0.57169455,0.018834244,4.596832,1.130748,0.03497483,0.036307067,2024-04-06 16:06:00
2.163435,0.05960253,3.6978216,0.016303673,0.030154457,0.02466641,0.029222636,0.06258068,0.029973613,0.09348038,0.03608572,0.26588243,0.038033117,2.5139976,1.4864173,3.7474487,0.01804994,0.024669487,0.0483169,0.041972987,0.04415753,0.017325044,0.56777185,0.020200266,4.369667,1.1577168,0.03697569,0.042093318,2024-04-06 16:07:00
2.119424,0.048935853,3.6765645,0.021482535,0.025516195,0.036419988,0.025247864,0.1887973,0.026135765,0.096411295,0.049002744,0.13906035,0.02205755,2.1603556,1.3787827,3.7223704,0.016103048,0.027788604,0.048227817,0.04478085,0.04011708,0.013934029,0.5556946,0.02050035,4.511791,1.1634018,0.034241408,0.034632325,2024-04-06 16:08:00
2.1359632,0.048640404,3.6660562,0.032940816,0.02348511,0.01925434,0.017402366,0.07833856,0.018555729,0.080487676,0.0469736,0.09146968,0.023563424,2.5737555,1.3987736,3.8903887,0.032716412,0.030737506,0.04486178,0.045142185,0.035950616,0.04476572,0.9126,0.022174101,4.468081,1.2515035,0.037436273,0.033356555,2024-04-06 16:09:00
2.1197722,0.04701503,3.705155,0.015867935,0.037039157,0.026195733,0.019028,0.09067737,0.02999249,0.071704,0.022978397,0.3234738,0.076599486,2.1636682,1.4083188,3.8793068,0.018352725,0.025736969,0.03915421,0.044993244,0.04488637,0.025660064,0.6599438,0.019665191,4.410496,1.1591624,0.030230485,0.03666675,2024-04-06 16:10:00
2.184933,0.085973166,3.8139906,0.015263339,0.022186708,0.02590375,0.02004411,0.07100222,0.032274265,0.06238148,0.042492386,0.23333253,0.08655741,2.4927323,1.4110492,3.9251835,0.025616067,0.020261886,0.035494417,0.04282689,0.04902994,0.02534653,0.6677386,0.017560422,4.609812,1.1418889,0.026637895,0.060855106,2024-04-06 16:11:00
2.1553946,0.06615256,3.708349,0.017470421,0.030736571,0.025758687,0.025921583,0.21354297,0.020418603,0.04658041,0.020852935,0.2267409,0.026598116,2.3060925,1.3802874,3.9215047,0.023199305,0.02022567,0.041037504,0.04496232,0.03561199,0.02842403,0.6115153,0.02143122,4.4825807,1.1982126,0.023784596,0.03977397,2024-04-06 16:12:00
2.1478653,0.0442806,3.8386889,0.024100585,0.020355696,0.020798875,0.014742669,0.07280734,0.017380482,0.05599271,0.042182952,0.16983886,0.121306494,2.1692848,1.3721299,3.9779773,0.017229754,0.02479845,0.052273575,0.041117545,0.061128713,0.033867735,1.0723914,0.03738403,4.5932665,1.1673067,0.026825255,0.03750542,2024-04-06 16:13:00
2.1207588,0.047101777,3.7200332,0.0197587,0.021634096,0.02087311,0.02488093,0.12862249,0.023126792,0.06454688,0.039092362,0.16366607,0.027576014,2.1952827,1.4380002,3.858847,0.015678719,0.02492434,0.0526317,0.0369196,0.04202899,0.016248666,0.7117287,0.024979955,4.4067636,1.1806734,0.031492084,0.036676202,2024-04-06 16:14:00
2.1230989,0.04749942,3.6992862,0.04209094,0.019119143,0.020301001,0.02381707,0.07739073,0.02037778,0.0576885,0.04396689,0.3948147,0.057843454,2.164585,1.5579325,3.9921217,0.015382047,0.022242378,0.046892237,0.03585319,0.046758264,0.020538833,0.84996283,0.018915001,4.5618043,1.1311663,0.02419422,0.036936905,2024-04-06 16:15:00
2.1341522,0.045275293,3.772132,0.12195884,0.03744563,0.023975024,0.029516935,0.13891993,0.053515393,0.067866184,0.026137872,0.22237253,0.108276345,2.15452,1.5543914,3.977125,0.021490008,0.024455458,0.041160125,0.044088934,0.044385217,0.016793154,0.57992744,0.01580358,4.628375,1.1378638,0.03453259,0.035013665,2024-04-06 16:16:00
2.1246257,0.1365737,3.698002,0.01577723,0.01752769,0.025386445,0.019973954,0.15643342,0.024770753,0.07690535,0.039290622,0.13042188,0.035974577,2.1890218,1.5048294,3.9965627,0.023195934,0.031774074,0.04952471,0.05049716,0.040787935,0.03195409,0.6116527,0.019247875,4.508243,1.1129707,0.032894854,0.0438013,2024-04-06 16:17:00
2.1740563,0.046266116,3.757546,0.017185416,0.021441221,0.022578407,0.06403956,0.0696178,0.018727245,0.043431245,0.043284178,0.17740001,0.05033575,2.180408,1.4511099,4.083165,0.017155088,0.021990834,0.05377458,0.03693452,0.03452856,0.0205332,0.61259985,0.017660411,4.519583,1.1312827,0.024710624,0.0332854,2024-04-06 16:18:00
2.185577,0.05145071,3.7875242,0.026241656,0.01919842,0.017542474,0.031590488,0.067942835,0.02018655,0.048676543,0.045380104,0.4028142,0.07465104,2.15554,1.4397845,4.022102,0.018987296,0.021744205,0.043793436,0.040227637,0.031129984,0.018781157,0.92585176,0.010995793,4.5646563,1.1280177,0.04516641,0.043730367,2024-04-06 16:19:00
2.1389797,0.04907482,3.7372782,0.02404154,0.02402945,0.026305383,0.014455234,0.057195168,0.026661424,0.05166716,0.041092984,0.3400813,0.031309735,2.1766007,1.4657879,4.014787,0.012592615,0.024130799,0.033278894,0.03628454,0.030192774,0.024351906,0.5974315,0.023128584,4.5330296,1.1132782,0.03322972,0.029640496,2024-04-06 16:20:00
2.1231918,0.049506664,3.7056162,0.014689878,0.02112474,0.024732739,0.019266564,0.16843545,0.027650176,0.09069402,0.038244013,0.18125781,0.03569859,2.4852078,1.4395614,4.0382657,0.01124251,0.027883636,0.039976887,0.045012485,0.0461018,0.02543125,0.88340604,0.017044615,4.501195,1.0945101,0.034091387,0.028942188,2024-04-06 16:21:00
2.5202272,0.03820047,3.6977608,0.020782482,0.016963968,0.027215667,0.1777414,0.08880659,0.026322916,0.071474284,0.04515705,0.14403568,0.10612988,2.146753,1.475165,4.1022763,0.01536537,0.028057348,0.047298666,0.049268506,0.039413452,0.028141394,0.66154957,0.024857886,4.583917,1.1126971,0.023188815,0.017184107,2024-04-06 16:22:00
2.370919,0.036596872,3.7945094,0.013171306,0.014594273,0.019014321,0.025711158,0.11775936,0.026557598,0.07743832,0.016820258,0.42040598,0.033499774,2.1638105,1.4886743,4.2138114,0.01993238,0.025815202,0.04071386,0.04813485,0.039469883,0.019730242,0.60052866,0.020548409,4.442807,1.0897994,0.025008025,0.038490348,2024-04-06 16:23:00
2.42334,0.04336883,3.7341573,0.023886142,0.019430237,0.023489336,0.030605681,0.08356918,0.027521499,0.05782117,0.044611845,0.3532836,0.023803947,2.4470744,1.461957,4.1018333,0.021395497,0.027834736,0.056531258,0.05559236,0.043980904,0.015290626,0.80288506,0.03249749,4.3186183,1.1131601,0.023012234,0.035261575,2024-04-06 16:24:00
2.3706613,0.058970574,3.7295198,0.026119702,0.03258186,0.016504848,0.017945336,0.08149511,0.061733615,0.057982337,0.07525516,0.29197043,0.043714758,2.5623312,1.5847511,4.2505026,0.019679587,0.029809117,0.04123652,0.039289095,0.043308236,0.018947149,0.5955483,0.020750094,4.4068274,1.1175739,0.033843458,0.03549235,2024-04-06 16:25:00
2.3748562,0.060760215,3.8177783,0.017127728,0.02098161,0.034245808,0.030898502,0.06569396,0.029060978,0.06309574,0.048349906,0.1800957,0.030242799,2.1533282,1.5254154,4.106222,0.00973462,0.020935856,0.049084205,0.044779163,0.046226915,0.019475417,0.64917046,0.019773673,4.5601773,1.1066772,0.041917864,0.041099567,2024-04-06 16:26:00
2.4276886,0.07075244,3.8278475,0.015458933,0.022171112,0.031935155,0.18088584,0.066918835,0.029211072,0.12595971,0.04259434,0.2549466,0.068718724,2.2528508,1.6191319,4.282985,0.021259708,0.048852075,0.02711752,0.045885053,0.043399684,0.025953846,0.76807785,0.028450588,4.559031,1.1147517,0.056890864,0.030563693,2024-04-06 16:27:00
2.391111,0.05112769,3.7035937,0.034771528,0.02971656,0.022871701,0.18016674,0.089309365,0.028604021,0.060343042,0.032873966,0.31044948,0.06207711,2.1674361,1.732896,4.2328377,0.018262716,0.034187075,0.04740354,0.05618724,0.050059225,0.010335902,0.6689102,0.010961099,4.391877,1.0960752,0.03190065,0.04429529,2024-04-06 16:28:00
2.3943522,0.049075443,3.8258715,0.022512102,0.023748443,0.017080324,0.03618845,0.060636513,0.024049208,0.06399992,0.04538977,0.34271947,0.027834326,2.159804,1.581011,4.2440457,0.023392808,0.033678245,0.04481327,0.04575084,0.031874694,0.033742726,0.84990734,0.021798383,4.421451,1.1617777,0.019923614,0.040784135,2024-04-06 16:29:00
2.3716607,0.062469494,3.7805724,0.019196445,0.031835027,0.020495625,0.029242009,0.19246021,0.019196471,0.06396964,0.04483651,0.37766176,0.086157955,2.1287117,1.5853821,4.1769238,0.01338344,0.027378252,0.041575316,0.04364308,0.03414443,0.023115357,0.85021913,0.02042637,4.4850388,1.1084906,0.039894708,0.03512112,2024-04-06 16:30:00
2.3336725,0.043624032,3.7881787,0.01605358,0.01820297,0.021366585,0.022095775,0.08535953,0.029956277,0.054152142,0.040462974,0.33753803,0.04124064,2.1547446,1.3516589,4.286591,0.052007675,0.017648088,0.041499924,0.0394324,0.04302547,0.023491632,0.62749153,0.027402222,4.4207153,1.1641364,0.03585434,0.038628742,2024-04-06 16:31:00
2.3799748,0.068374395,3.7999043,0.021948954,0.02080792,0.15069313,0.035293162,0.09280256,0.049904145,0.06311453,0.050042666,0.3736913,0.15506242,2.1639647,1.4857306,4.375604,0.021758603,0.027586402,0.04421982,0.040547457,0.05975742,0.020558726,0.91210675,0.021340853,4.556687,1.1719716,0.02708396,0.031228209,2024-04-06 16:32:00
2.3359716,0.051477782,3.6889267,0.026549103,0.019984063,0.026428003,0.024508294,0.10455323,0.027790092,0.08654705,0.044267554,0.3059455,0.17261615,2.4078975,1.4190325,4.24936,0.037879832,0.022626085,0.04496105,0.04543893,0.042583436,0.08241505,0.54871255,0.016303811,4.4947805,1.127892,0.031859975,0.037932746,2024-04-06 16:33:00
2.355886,0.05107243,3.7328308,0.020605724,0.023187967,0.019586567,0.028152248,0.15338019,0.022829013,0.084591046,0.033816878,0.16555983,0.12518373,2.454644,1.4251125,4.315902,0.0181896,0.0271219,0.03839541,0.04042187,0.030382073,0.01654815,0.62717223,0.039599672,4.616655,1.1473017,0.028698733,0.03648782,2024-04-06 16:34:00
2.3418038,0.04871554,3.7128818,0.03195013,0.019197647,0.018544545,0.01778466,0.07032104,0.030245712,0.067279056,0.047890168,0.14947057,0.1177064,2.141496,1.4745841,4.211339,0.013494094,0.028319482,0.048001617,0.046405915,0.04169214,0.020644626,0.5556916,0.021905852,4.5435658,1.1580814,0.022457466,0.03798237,2024-04-06 16:35:00
2.3355215,0.04582132,3.6791897,0.026378078,0.01696712,0.02668457,0.029337667,0.06694526,0.036339212,0.058382936,0.042251296,0.11354276,0.108230166,2.4947913,1.4264652,4.3662252,0.10025252,0.01967484,0.049152862,0.03600459,0.047528498,0.03725262,0.73386264,0.017578332,4.472314,1.1431705,0.03267509,0.04148464,2024-04-06 16:36:00
2.3376431,0.04554123,3.6921227,0.018390227,0.015335771,0.020993114,0.0286166,0.09717011,0.02063514,0.07356274,0.0489783,0.08637124,0.08015514,2.108748,1.4279169,4.4331775,0.013870853,0.025324043,0.04640898,0.036260646,0.03405807,0.015315761,0.91581225,0.016926017,4.557157,1.1470578,0.051744267,0.038500097,2024-04-06 16:37:00
2.3440418,0.041692037,4.0713778,0.03077879,0.03069584,0.022406483,0.02013183,0.06467755,0.03743714,0.048045326,0.052348338,0.24444932,0.02821185,2.5111597,1.5076807,4.402296,0.0126000885,0.028836302,0.04658819,0.04490707,0.047525633,0.038609676,0.6021077,0.015787486,4.603383,1.1542002,0.0335702,0.03368967,2024-04-06 16:38:00
2.3058069,0.065935835,3.7905369,0.027730083,0.029525796,0.020457242,0.019728657,0.16823536,0.023156546,0.051752478,0.014575498,0.169896,0.02744506,2.1388416,1.639266,4.374023,0.03227479,0.021567244,0.040397093,0.044872317,0.043936297,0.019669643,0.829142,0.01736994,5.152475,1.0468117,0.033380758,0.044695474,2024-04-06 16:39:00
2.4046578,0.054204963,3.756782,0.15518166,0.016948499,0.021434044,0.016352506,0.07072063,0.022350488,0.036940344,0.020991813,0.289804,0.07570544,2.1993315,1.5991489,4.417514,0.01789426,0.026652014,0.042492516,0.03586318,0.03575906,0.021223858,0.83581895,0.014909199,4.769915,1.0743834,0.023315782,0.039075222,2024-04-06 16:40:00
2.4027624,0.045826335,3.6726944,0.023209827,0.021370081,0.026853586,0.042202905,0.067427605,0.027751775,0.09189927,0.040920414,0.18363273,0.0440469,2.5189812,1.6459087,4.481263,0.038790993,0.02957575,0.044234015,0.052037757,0.04638522,0.024653008,0.62119335,0.020998683,5.058317,1.0818746,0.038526826,0.036961377,2024-04-06 16:41:00
2.360036,0.04565504,3.7925878,0.0199084,0.030011054,0.021468924,0.033681955,0.19659618,0.01997853,0.06344978,0.02291711,0.23584655,0.057433527,2.545841,1.6764541,4.421467,0.011111136,0.021135243,0.04520336,0.037490357,0.053171087,0.018699462,0.63370955,0.017975733,4.9954963,1.0830375,0.033074,0.039224744,2024-04-06 16:42:00
2.359982,0.046120476,3.6963887,0.016428594,0.02270094,0.018136092,0.017088104,0.096100286,0.030014075,0.06011001,0.04919407,0.118691236,0.038527723,2.0442219,1.6387277,4.4393525,0.012356124,0.02525026,0.043500446,0.044864003,0.047264643,0.018521097,0.613735,0.015948428,4.8224773,1.0916476,0.034991063,0.047265597,2024-04-06 16:43:00
2.3561158,0.049194332,3.7147868,0.038763925,0.023813901,0.017288009,0.02586211,0.06780605,0.0297995,0.09912362,0.027317109,0.22925378,0.15081245,2.574492,1.5820258,4.6146874,0.020393267,0.01968679,0.038510047,0.039222594,0.04226518,0.02041332,0.62206954,0.021202393,4.9701996,1.1202862,0.027041154,0.03774223,2024-04-06 16:44:00
2.3565307,0.052019402,3.7159183,0.025785945,0.025953162,0.14462705,0.018034263,0.07700376,0.039784856,0.05853517,0.04252932,0.3324577,0.18630952,2.1689198,1.6187598,4.466126,0.008248869,0.0137394285,0.04217772,0.03594203,0.030199734,0.018499969,0.61633295,0.016755093,4.9071126,1.0952642,0.032972746,0.040169876,2024-04-06 16:45:00
2.36112,0.06561829,3.578874,0.1782078,0.034158222,0.041776016,0.022451803,0.06779255,0.02970548,0.07726278,0.040099297,0.10139913,0.12939875,2.4842732,1.6310725,4.4922743,0.016285721,0.027300622,0.042113293,0.05512865,0.049132567,0.010896319,0.71421236,0.022005027,4.732986,1.1284001,0.031886898,0.06262751,2024-04-06 16:46:00
2.3559258,0.04646066,3.6366186,0.022178235,0.029502515,0.025205666,0.017512374,0.07995308,0.02536178,0.05276102,0.038476035,0.21736646,0.14159925,2.4417503,1.6502495,4.619797,0.023761198,0.026465664,0.043442518,0.040187478,0.042704392,0.021277322,0.8362888,0.027652444,4.8766956,1.1286457,0.049588755,0.037959505,2024-04-06 16:47:00
2.4213326,0.04902684,3.7685046,0.02461286,0.033985455,0.028709026,0.02029583,0.07638368,0.021715838,0.04717073,0.044861976,0.33127666,0.11819889,2.1998835,1.6793978,4.599957,0.021556765,0.029793493,0.045946218,0.039913815,0.04734088,0.023604512,0.8476787,0.019431831,4.9635253,1.1769221,0.021751344,0.033741463,2024-04-06 16:48:00
2.4373813,0.045643087,3.6974418,0.02213039,0.027377427,0.021879608,0.014689683,0.095075116,0.020835416,0.04521604,0.055518888,0.2568712,0.17387117,2.211445,1.7478006,4.620513,0.017819947,0.021712726,0.048932314,0.036569886,0.03244334,0.01918277,0.8350589,0.048592918,4.959789,1.1444783,0.03373259,0.039113805,2024-04-06 16:49:00
2.3960063,0.044289496,3.7709563,0.015658138,0.02807021,0.019763941,0.02360048,0.066082306,0.018044868,0.048760794,0.05669537,0.31444567,0.034849703,2.154088,1.7841884,4.5250497,0.02086611,0.02324228,0.045952495,0.03792015,0.033433717,0.018872892,0.79958534,0.037442252,5.026816,1.1356515,0.02257475,0.0405319,2024-04-06 16:50:00
2.3622375,0.051367268,3.9528465,0.018708766,0.04242171,0.01653378,0.024215542,0.17284909,0.030158801,0.10197038,0.043826442,0.12571226,0.0629391,2.2181733,1.7580812,4.5004425,0.019360974,0.030021247,0.04112598,0.04484635,0.043006413,0.019213956,0.5376606,0.021621121,5.0580177,1.1521108,0.03482222,0.037829485,2024-04-06 16:51:00
2.3887043,0.046999812,3.7078164,0.017371306,0.019423936,0.019045413,0.027081972,0.06650242,0.029510748,0.058669593,0.062952965,0.2954686,0.1438971,2.413892,1.6487757,4.614244,0.013357227,0.028814223,0.042563833,0.037418667,0.05448099,0.024743475,0.56377304,0.016815776,4.9090123,1.1392384,0.036090873,0.03801099,2024-04-06 16:52:00
2.4060905,0.043168873,3.862503,0.017787775,0.025653595,0.024904085,0.017347261,0.12174668,0.030384516,0.06438793,0.048182927,0.35037166,0.084131636,2.2529013,1.7085598,4.6537695,0.0169271,0.0224702,0.047879275,0.04841947,0.04696097,0.020498488,0.6942535,0.024019735,4.9926276,1.2217249,0.0262013,0.034016397,2024-04-06 16:53:00
2.325657,0.051163457,3.7155333,0.019948835,0.01677387,0.032351505,0.030499749,0.071462184,0.021881493,0.11914433,0.051274564,0.31138915,0.08668585,2.3149858,1.674851,4.5221295,0.022597989,0.024145203,0.04421344,0.045521803,0.032485418,0.033348132,0.5920367,0.022731477,4.973021,1.1284578,0.033107128,0.041798886,2024-04-06 16:54:00
2.406048,0.11138821,3.9135146,0.015101263,0.031233225,0.023277124,0.028638126,0.1482881,0.04368507,0.046229783,0.072496265,0.17010596,0.0322872,2.1441712,1.6851443,4.5225635,0.02409136,0.026224636,0.042763207,0.040921457,0.051823284,0.022654645,0.6343345,0.018471602,5.0742307,1.1233505,0.028991766,0.039578285,2024-04-06 16:55:00
2.3883886,0.04731994,3.8289242,0.021616448,0.020615226,0.022323724,0.01933304,0.08107497,0.026353067,0.08095534,0.10079174,0.3572663,0.15171759,2.490413,1.6258849,4.6853867,0.029386468,0.023538325,0.04317494,0.039822523,0.04267039,0.022614827,0.8736476,0.022626849,4.743598,1.2181758,0.03085475,0.038869947,2024-04-06 16:56:00
2.6163106,0.04038728,3.7676952,0.021302396,0.019119138,0.024275303,0.028002918,0.11896329,0.02996308,0.078916885,0.104856916,0.31400695,0.10672819,2.4657447,1.4677855,4.676798,0.031966683,0.033331394,0.046202723,0.04648073,0.04418372,0.03401911,0.63264084,0.026097188,4.7637157,1.2129133,0.033279344,0.034528024,2024-04-06 16:57:00
2.614176,0.050932482,3.8780231,0.023984995,0.02549868,0.021167073,0.02348701,0.072717264,0.029320147,0.043288864,0.12932397,0.18715928,0.122216076,2.1245096,1.512088,4.7895737,0.02757672,0.03161726,0.04436576,0.039912634,0.047390305,0.042710397,0.83814687,0.033352852,4.8925257,1.226556,0.023442985,0.0388771,2024-04-06 16:58:00
2.6847112,0.0439782,3.7757878,0.031221421,0.020145038,0.017401641,0.024595805,0.06819709,0.02860331,0.06058802,0.121220976,0.27010724,0.17897436,2.1144004,1.4404626,4.909492,0.027261594,0.024382329,0.044957038,0.04709383,0.0435866,0.01888365,0.8274599,0.017447542,4.7754817,1.2934957,0.059598323,0.05816381,2024-04-06 16:59:00
2.6164713,0.043068077,3.6968238,0.021548446,0.025891533,0.025482316,0.026654297,0.06922852,0.016010229,0.057702594,0.07939256,0.3541122,0.14629892,2.2544546,1.4679668,4.750173,0.011829613,0.02350189,0.04603914,0.04484327,0.033267107,0.02181892,0.6347785,0.018702801,4.8248744,1.2828678,0.023458771,0.03652401,2024-04-06 17:00:00
2.6166205,0.070637956,3.6363544,0.025812227,0.016752409,0.022996623,0.019217314,0.16192257,0.02369585,0.026434962,0.23667613,0.28608388,0.037806008,2.1887014,1.5667514,4.9275446,0.02471497,0.024907118,0.05195543,0.042214107,0.031893466,0.017485501,0.57809293,0.020444397,4.933688,1.276794,0.040540416,0.05010102,2024-04-06 17:01:00
2.6124685,0.049112532,3.7619076,0.02337852,0.030306906,0.021260362,0.022579446,0.069031395,0.027710533,0.04143616,0.1786172,0.2873374,0.18062092,2.1635926,1.5824375,4.8917294,0.034225665,0.030601304,0.04650365,0.037322488,0.045211434,0.023282956,0.6788713,0.018184016,4.848987,1.3215317,0.024155537,0.04010841,2024-04-06 17:02:00
2.6106422,0.04530672,3.6825836,0.018926153,0.025948849,0.01809305,0.025450734,0.08850079,0.030509634,0.051570505,0.069235444,0.1252993,0.09301084,2.4763317,1.6004717,4.960821,0.011134723,0.0169887,0.0409813,0.036090657,0.046324696,0.019279018,0.8120089,0.02038751,5.0180125,1.2880152,0.032546632,0.035514105,2024-04-06 17:03:00
2.5831058,0.054071195,3.724697,0.0210017,0.020317772,0.026853485,0.026982877,0.27448338,0.029627817,0.03245195,0.050131027,0.24436964,0.0957589,2.1350865,1.6356435,4.5415397,0.032977093,0.034198854,0.04272737,0.045126736,0.042611722,0.017045205,0.8383169,0.016962744,4.762701,1.2822719,0.03766465,0.03758532,2024-04-06 17:04:00
2.5684683,0.053241387,3.7017212,0.019440232,0.02142248,0.01645434,0.01835693,0.08331677,0.032190584,0.050731007,0.035929576,0.17650652,0.17233562,2.1515498,1.6055013,4.5505185,0.019121477,0.027645163,0.035897862,0.035648324,0.042599395,0.019474128,0.64533556,0.018692521,4.990501,1.2835507,0.038074557,0.036692504,2024-04-06 17:05:00
2.6185057,0.04854866,3.8314204,0.025880378,0.025341371,0.04853002,0.028486712,0.0679806,0.02203442,0.054874204,0.051664665,0.26142386,0.20156482,2.5283246,1.6598362,4.544058,0.022620142,0.024432588,0.03867968,0.04167956,0.03193993,0.021289032,0.90563184,0.027691223,5.0273566,1.3712132,0.041975733,0.036630303,2024-04-06 17:06:00
2.623306,0.04923873,3.7099504,0.024650654,0.023614617,0.027083425,0.020764329,0.25757936,0.04063036,0.059840232,0.050150085,0.33337596,0.061473843,2.5264719,1.6592844,4.773501,0.014236927,0.02556002,0.044614825,0.044867594,0.05063933,0.08197018,0.83315575,0.023498459,4.935013,1.3600368,0.033688992,0.038566776,2024-04-06 17:07:00
2.626872,0.04593874,3.7712536,0.025062557,0.033055365,0.027506448,0.02733732,0.10174585,0.022699423,0.1496055,0.04347136,0.27104077,0.14514412,2.1707528,1.6776174,4.518037,0.025632475,0.021765968,0.042013694,0.047474537,0.04018139,0.021561265,0.7460502,0.016687023,5.003412,1.4353049,0.03913698,0.038532287,2024-04-06 17:08:00
2.552932,0.046556693,3.788596,0.03014582,0.020915141,0.038869657,0.018075963,0.2178739,0.042706948,0.14376979,0.047753327,0.3552357,0.05037378,2.1169174,1.6830384,4.52701,0.015541268,0.020649854,0.049715932,0.03980391,0.047500797,0.01904001,0.5914341,0.024870668,5.0524,1.4288648,0.037962582,0.047261875,2024-04-06 17:09:00
2.5432565,0.042541824,3.68467,0.022635743,0.025143383,0.02069606,0.02221174,0.07664643,0.02924249,0.044133306,0.052126724,0.3026088,0.13372697,2.1333299,1.6955956,4.6298413,0.008937429,0.030224888,0.046817865,0.040877867,0.045374505,0.025162572,0.6195662,0.014999417,4.955787,1.3113192,0.03500422,0.03413935,2024-04-06 17:10:00
2.5473032,0.064367004,3.7389495,0.016548598,0.015657075,0.023420624,0.0216564,0.060967404,0.05862006,0.054409884,0.0451338,0.33810905,0.12004968,2.1533732,1.6423713,4.539784,0.016640035,0.022882411,0.050368275,0.03634779,0.045907434,0.036945455,0.6395442,0.027158635,4.8717217,1.3219763,0.024929866,0.042650554,2024-04-06 17:11:00
2.5784307,0.071623504,3.7067394,0.028393013,0.018440245,0.019368995,0.03086464,0.11099553,0.026359348,0.06529083,0.04352681,0.3637171,0.10021784,2.3571835,1.6451494,4.790692,0.014272903,0.028256787,0.050331976,0.045161158,0.03160459,0.009362973,0.5994052,0.017603658,4.804181,1.3041085,0.033196647,0.04245421,2024-04-06 17:12:00
2.5466049,0.09922922,3.799149,0.028524583,0.029986763,0.025562402,0.018794507,0.19253555,0.041795567,0.056266338,0.07330823,0.2619688,0.06734232,2.1259708,1.6935452,4.7637706,0.017595833,0.020109942,0.05637454,0.045157894,0.03188605,0.01829515,0.6411484,0.02111204,4.683814,1.2954438,0.032606836,0.043228347,2024-04-06 17:13:00
2.5574827,0.06953045,3.6100378,0.034700293,0.029876336,0.018517608,0.023580575,0.06647906,0.02507493,0.09765897,0.069170795,0.23013268,0.14501446,2.1430786,1.8092034,4.8649216,0.01995962,0.03214802,0.053119313,0.03627329,0.05813674,0.014576369,0.8715748,0.027943844,4.360999,1.2959464,0.035746258,0.040633366,2024-04-06 17:14:00
2.5451062,0.048975028,3.6224883,0.02030671,0.038372684,0.033188555,0.016305026,0.18360616,0.020651978,0.072703056,0.05592773,0.10812945,0.13420558,2.1659362,1.7082417,4.394475,0.014979342,0.029938886,0.049473938,0.044972774,0.04050222,0.015916357,0.78136903,0.025195213,4.4254465,1.2986369,0.057491325,0.033114724,2024-04-06 17:15:00
2.5299692,0.04640613,3.7246864,0.020699108,0.020058108,0.024193471,0.030318942,0.057535995,0.02785625,0.109309725,0.06882277,0.06560606,0.104266435,2.1738486,1.8060282,3.9245646,0.020646507,0.030679204,0.048171476,0.044842854,0.0415488,0.12543754,0.59105974,0.016936112,4.435645,1.3040148,0.039123446,0.033443015,2024-04-06 17:16:00
2.510398,0.04125341,3.7005017,0.019437099,0.023692274,0.019549388,0.022777783,0.09698583,0.028959341,0.07279461,0.13353582,0.11455535,0.029827032,2.1476893,1.7478992,3.250468,0.039562833,0.031977147,0.040106356,0.04483893,0.035717472,0.02586689,0.61397016,0.020538893,4.512347,1.3001257,0.043305103,0.036719088,2024-04-06 17:17:00
2.5058458,0.045952957,3.6360488,0.019558128,0.04949637,0.024053747,0.024665378,0.09623677,0.028617993,0.05848754,0.14909676,0.19943236,0.14732882,2.1347768,1.78013,3.0444036,0.010673386,0.0289556,0.041109074,0.050425623,0.042807847,0.032667972,0.6275661,0.019319603,4.38797,1.3058645,0.038922656,0.044915542,2024-04-06 17:18:00
2.5146506,0.044729102,3.597006,0.0210427,0.020459617,0.024557991,0.02853637,0.116478615,0.046195682,0.12301937,0.17359936,0.333452,0.1558595,2.4667625,1.8025117,2.9379852,0.00925029,0.031441953,0.046646938,0.04488395,0.042411745,0.012348755,0.6294447,0.043129753,4.3559127,1.2866695,0.033515133,0.02075756,2024-04-06 17:19:00
2.5221002,0.050488412,3.7774224,0.0191198,0.023712771,0.026826663,0.031101977,0.17955168,0.02907327,0.06482843,0.23339345,0.17151111,0.15968035,2.1721141,1.7830514,2.8709757,0.020231623,0.024996167,0.040880483,0.044819534,0.04084086,0.020763913,0.59590036,0.02100837,4.3522534,1.3446877,0.031498935,0.047445994,2024-04-06 17:20:00
2.1002824,0.10641054,3.6610854,0.020614764,0.024033781,0.025624372,0.027374677,0.16445982,0.029781085,0.06509293,0.1731744,0.20926791,0.040517632,2.1611054,1.8711249,2.733198,0.030140689,0.025495758,0.044267792,0.04484995,0.04519608,0.036522634,0.6484113,0.017785162,4.4531965,1.283078,0.04151937,0.04050576,2024-04-06 17:21:00
2.0972161,0.090746745,3.7070024,0.019031156,0.023021724,0.020505665,0.02427708,0.12057424,0.028996661,0.054201115,0.18039885,0.32310045,0.16197583,2.4877675,1.8302857,2.8055851,0.027801672,0.024303444,0.04412505,0.040519424,0.045649588,0.027585754,0.6024187,0.021604557,4.443352,1.2822206,0.03287815,0.03372593,2024-04-06 17:22:00
2.0941148,0.064998046,3.748599,0.018032212,0.015302762,0.024189077,0.040168438,0.19665232,0.03176866,0.05033678,0.056265265,0.16380379,0.105360985,2.2512174,1.7849818,2.76518,0.024769926,0.026926573,0.04591816,0.04493434,0.040417984,0.022168288,0.63644946,0.032194935,4.611065,1.2408829,0.03315253,0.041549694,2024-04-06 17:23:00
2.0994067,0.047073245,4.248238,0.018221334,0.020345865,0.021758698,0.023724534,0.17255925,0.022812296,0.061088428,0.042975307,0.34685478,0.19023691,2.2041113,1.8040515,2.9091296,0.035179354,0.020399023,0.03564115,0.04495208,0.034974802,0.025425645,0.5885939,0.026449312,4.51462,1.2350568,0.0544286,0.0400458,2024-04-06 17:24:00
2.0946803,0.046832,4.070541,0.01862665,0.022504305,0.023026617,0.03808143,0.076306425,0.021780623,0.35451788,0.049228616,0.1826038,0.0937183,2.1589143,1.826647,3.0809922,0.035637315,0.026724385,0.033760972,0.03556425,0.04633796,0.016895296,0.5866207,0.02180405,4.708045,1.2567636,0.03136364,0.038402785,2024-04-06 17:25:00
2.139944,0.0440102,4.045318,0.026054367,0.031464554,0.019255951,0.020794561,0.10503442,0.02711851,0.059436835,0.05255467,0.34699392,0.041802485,2.5947533,1.82319,2.958388,0.036687702,0.026099317,0.04782567,0.04001011,0.048743673,0.02003726,0.774318,0.023314325,4.737588,1.2748067,0.035232294,0.03599595,2024-04-06 17:26:00
2.1330893,0.051604655,4.0304155,0.028179966,0.022635786,0.022794351,0.027746774,0.075053096,0.028389938,0.058750752,0.039912947,0.3428617,0.14765596,2.1607623,1.9166824,3.07777,0.028197091,0.031225367,0.040448446,0.03601763,0.04234024,0.01712369,0.85608166,0.01783436,4.649246,1.2542005,0.03122917,0.03832883,2024-04-06 17:27:00
2.1706393,0.04213024,4.0219374,0.02936851,0.020561486,0.039369106,0.027235257,0.07054929,0.021435503,0.039546743,0.04917626,0.2802188,0.05286447,2.2021375,1.7911975,3.16829,0.020429151,0.0248979,0.045123667,0.040035076,0.0367992,0.020106668,0.56561583,0.026923364,4.6245236,1.2637136,0.024525432,0.034652475,2024-04-06 17:28:00
2.1366034,0.068959676,4.04573,0.021806238,0.019325,0.027925838,0.01892721,0.06344025,0.020739794,0.11138973,0.042802528,0.29388472,0.09956171,2.1210454,1.7549615,3.2741175,0.018909128,0.02089848,0.051918592,0.043366514,0.061194282,0.016961135,0.697103,0.023710584,4.610388,1.2882351,0.047420345,0.043919336,2024-04-06 17:29:00
2.1354592,0.052701477,3.9735494,0.011211207,0.02207054,0.023314644,0.018196983,0.16663861,0.020020416,0.07245874,0.059946615,0.31701985,0.13968104,2.1504118,1.7661449,3.3515494,0.02921733,0.025070067,0.043466635,0.039759748,0.029937811,0.022727098,0.832241,0.022768801,4.7444906,1.3491637,0.0265687,0.03937105,2024-04-06 17:30:00
2.1356666,0.045253325,4.0099106,0.021737803,0.020767495,0.02331153,0.02839137,0.12004309,0.027624637,0.037506703,0.03816502,0.37679595,0.054761596,2.1026242,1.7727516,3.3429577,0.02184498,0.027640024,0.044017132,0.045507614,0.053787585,0.020188063,0.61930096,0.017992591,4.5735407,1.3654507,0.03702461,0.033367082,2024-04-06 17:31:00
2.1900802,0.0608184,4.0175357,0.019277966,0.0246072,0.02386575,0.022409303,0.07110643,0.028635902,0.058844794,0.051730815,0.2958429,0.10971872,2.4610932,1.8537658,3.375657,0.0106712105,0.02198017,0.048682775,0.0448314,0.055257693,0.020348566,0.6176038,0.018073702,4.6900053,1.4387485,0.04825217,0.036449887,2024-04-06 17:32:00
2.1819973,0.04655704,4.060619,0.02376209,0.02022544,0.028502598,0.030537255,0.122479945,0.022560058,0.11050712,0.053888354,0.305017,0.10074593,2.458206,1.8443348,3.3082454,0.036016654,0.035764016,0.04795342,0.03621483,0.11213664,0.03071738,0.9055188,0.014118271,4.5673327,1.3971329,0.023231862,0.03545368,2024-04-06 17:33:00
2.1390183,0.047699004,3.9650826,0.015044672,0.029080082,0.025204735,0.021343116,0.09231661,0.03382026,0.11662333,0.04319282,0.16424604,0.03542093,2.1922424,1.8423667,3.269653,0.019319251,0.038659528,0.057421956,0.0453799,0.34064242,0.02601146,0.5858747,0.023538917,4.472026,1.33742,0.031461693,0.038037024,2024-04-06 17:34:00
2.186377,0.04853433,4.13457,0.016983975,0.021170937,0.021062948,0.020500032,0.17061192,0.05766197,0.11134531,0.04982765,0.3851719,0.05589708,2.0872028,1.7050061,3.5254934,0.021118728,0.013687999,0.045989472,0.05329759,0.036204454,0.021396792,0.83060664,0.022918701,4.471396,1.3431203,0.03799746,0.037515294,2024-04-06 17:35:00
2.144023,0.046774786,4.003135,0.020618707,0.01907123,0.021333087,0.025412086,0.067042805,0.028888378,0.08076077,0.032144412,0.25570098,0.090218335,2.4787621,1.7774796,3.0861413,0.011639359,0.030274319,0.048515186,0.044822764,0.036213905,0.017630741,0.6132819,0.020617545,4.5262957,1.3582146,0.031964667,0.040271904,2024-04-06 17:36:00
2.1364067,0.081919216,3.7656932,0.027396934,0.021101508,0.023421563,0.01838497,0.06947432,0.02910535,0.024081709,0.06293831,0.27576286,0.12173111,2.1687844,1.7037601,2.9728644,0.015174763,0.028199023,0.047878288,0.043961458,0.03563589,0.022968896,0.64447296,0.027178284,4.567674,1.3706981,0.037970055,0.0443841,2024-04-06 17:37:00
2.138278,0.043971837,3.7269409,0.02789581,0.022255903,0.016848002,0.027512146,0.053054567,0.028822554,0.06574111,0.20801024,0.30813834,0.034665786,2.1597652,1.710078,2.8831,0.018867161,0.10289422,0.063719876,0.04809507,0.04602892,0.017976426,0.5484992,0.022841536,4.3648705,1.4093152,0.046856076,0.036760926,2024-04-06 17:38:00
2.1343362,0.044566974,3.7737713,0.025011808,0.02090235,0.026154397,0.030047834,0.121472165,0.027642341,0.060816973,0.22649743,0.20761016,0.066684924,2.1440005,1.6631371,2.8616478,0.028111454,0.02732972,0.10394005,0.04512776,0.043038722,0.029541759,0.5554929,0.01985187,4.3881316,1.3485436,0.029528717,0.036359437,2024-04-06 17:39:00
2.2116966,0.048449554,3.635168,0.016254485,0.018847363,0.025432736,0.016403034,0.07497346,0.028808158,0.121558726,0.2223344,0.09340475,0.029975453,2.084179,1.8010955,3.0020125,0.04953091,0.023209242,0.12159194,0.035831105,0.049466606,0.03418652,0.5984352,0.013670117,4.316772,1.3315737,0.030895581,0.03867077,2024-04-06 17:40:00
2.1034214,0.04842093,3.7322881,0.01788028,0.02113621,0.021000477,0.026363496,0.12304819,0.0231739,0.06744615,0.35196713,0.21869978,0.10975597,2.543025,1.7228992,3.0929687,0.007874142,0.023255747,0.12301496,0.040534608,0.03606022,0.02349579,0.60946566,0.021631494,4.5482044,1.3271978,0.033247475,0.03750256,2024-04-06 17:41:00
2.1042554,0.07487491,3.7333138,0.019146757,0.017539602,0.019245978,0.027645247,0.06551325,0.028646948,0.04781969,0.28236684,0.16653252,0.124755286,2.4988163,1.7235719,3.1261873,0.023867797,0.023429723,0.13612051,0.036311705,0.047185935,0.019548342,0.62988544,0.019968577,4.3283806,1.3491535,0.024434572,0.044917867,2024-04-06 17:42:00
2.1268845,0.051123075,3.8007553,0.124814,0.01934216,0.025482977,0.019535882,0.15256217,0.035561778,0.12827246,0.27063864,0.086227305,0.12928559,2.0248055,1.784672,3.31059,0.020026684,0.022930954,0.13981357,0.038788803,0.043184362,0.020758983,0.5856021,0.030000022,4.542213,1.3234607,0.024804002,0.04733337,2024-04-06 17:43:00
2.1007338,0.05252278,3.7939327,0.02756443,0.025560584,0.030571219,0.020171521,0.12721199,0.028552867,0.06123946,0.2525868,0.28902692,0.124456555,2.1704235,1.7417142,3.7075155,0.023612,0.021789106,0.087188974,0.046821345,0.03417695,0.018491546,0.63536894,0.022156876,4.5797696,1.4105195,0.036126837,0.03994023,2024-04-06 17:44:00
2.104575,0.053742975,3.8255649,0.028781146,0.02284427,0.021051535,0.019787675,0.06262144,0.041741006,0.07449969,0.17625046,0.17673849,0.035664923,2.2467535,1.7789565,3.4126728,0.020672426,0.025319641,0.07536108,0.04207436,0.039983932,0.016362902,0.8264551,0.022419007,4.6443386,1.3257087,0.09728422,0.03916245,2024-04-06 17:45:00
2.140591,0.044754706,3.7699502,0.024135748,0.03985266,0.017236423,0.03543409,0.049691573,0.044239562,0.10040927,0.18593472,0.27871633,0.031126253,2.1202304,1.7963519,3.3236995,0.023556178,0.025276167,0.08084587,0.04071512,0.048759595,0.02151855,0.6389368,0.022496276,4.6413274,1.2865206,0.06370866,0.036873575,2024-04-06 17:46:00
2.1013842,0.066269234,3.675137,0.011827859,0.035928953,0.02428594,0.023194268,0.10815306,0.029316777,0.06636478,0.2571905,0.15298936,0.14715111,2.3427227,1.7737825,3.0441136,0.031564128,0.027459286,0.0925836,0.045125414,0.04815247,0.021783622,0.57988155,0.028923802,4.4454136,1.2445248,0.029463232,0.041124362,2024-04-06 17:47:00
2.159998,0.045096535,3.864284,0.01679481,0.023687359,0.024875343,0.06007111,0.08415239,0.019397553,0.050472837,0.26059842,0.36393243,0.08720493,2.1087167,1.8053916,2.675305,0.018940588,0.021017099,0.071848825,0.03728982,0.03468642,0.01927973,0.83831847,0.03683021,4.636361,1.2761734,0.025233015,0.039393503,2024-04-06 17:48:00
2.1784573,0.04031826,3.8071303,0.031986386,0.018325467,0.022465864,0.026018685,0.06811243,0.021904083,0.046589416,0.28722474,0.41284654,0.13167207,2.1262283,1.7782135,2.7753067,0.027560055,0.025411338,0.068654425,0.039399486,0.03400625,0.03530291,0.677178,0.016942086,4.5694494,1.2765994,0.020591883,0.033185482,2024-04-06 17:49:00
2.135573,0.051982418,3.9545226,0.026364466,0.028638873,0.018647054,0.018163683,0.07298991,0.01894644,0.03101034,0.32643718,0.4176252,0.06685726,2.1492097,1.7700197,2.6179492,0.028195983,0.027131159,0.040719084,0.036419332,0.032769423,0.020815743,0.8396843,0.029606385,4.577428,1.2822055,0.0248899,0.037969697,2024-04-06 17:50:00
2.1010876,0.05170874,3.7917163,0.01432272,0.023465425,0.021563428,0.018748615,0.09796336,0.02645262,0.055472456,0.3550362,0.41069505,0.114912204,2.18132,1.7302303,2.5392358,0.012126758,0.038370844,0.055046324,0.04491852,0.04055796,0.013919004,0.7601045,0.0335408,4.59317,1.2697294,0.038260028,0.039976254,2024-04-06 17:51:00
2.0987928,0.0545998,3.9696715,0.023322087,0.024727494,0.026443163,0.030181237,0.06597168,0.026198078,0.068804234,0.34334746,0.2729266,0.060430985,2.147436,1.5676185,2.655135,0.025953619,0.033928785,0.057886537,0.044901025,0.03220668,0.0275539,0.6406922,0.017632598,4.513613,1.29421,0.021593247,0.027360056,2024-04-06 17:52:00
2.1037917,0.043577865,3.667356,0.026195634,0.02586945,0.020074842,0.029349,0.102513716,0.017078543,0.064908184,0.36866915,0.3285857,0.061468538,2.4952276,1.6747909,2.626148,0.018345209,0.024111988,0.05514297,0.03949997,0.030339008,0.019414121,0.841189,0.021775514,4.5824933,1.3068107,0.032846093,0.02944684,2024-04-06 17:53:00
2.148495,0.047327604,3.7204077,0.018374505,0.024983013,0.028695386,0.02261763,0.10109013,0.08065969,0.06835715,0.1200233,0.37920696,0.10770004,2.1697137,1.4784963,2.6711915,0.02191293,0.024004564,0.055337325,0.035529688,0.043877527,0.018637953,0.5855283,0.026890058,4.7326846,1.2763058,0.02184655,0.026504103,2024-04-06 17:54:00
2.1414223,0.044484574,3.7945337,0.02584687,0.019523997,0.029693704,0.026749266,0.09393966,0.02033913,0.053360216,0.23632187,0.3151018,0.16926521,2.1333978,1.5133481,2.7307007,0.024671646,0.033815134,0.04823825,0.053544838,0.03613769,0.02029727,0.8483112,0.019568026,4.4964256,1.1971747,0.02332992,0.024644952,2024-04-06 17:55:00
2.1437676,0.07037331,3.7491534,0.018053764,0.016870841,0.024822662,0.029157467,0.14360543,0.018708797,0.017933616,0.064186774,0.33711928,0.07947684,2.12178,1.5947099,2.8661945,0.025135502,0.025637368,0.05217363,0.04689074,0.031330306,0.018137328,0.9202146,0.019865232,4.623394,1.2012693,0.03215236,0.02393496,2024-04-06 17:56:00
2.114351,0.06639516,3.77717,0.024416575,0.05071982,0.020755032,0.019074734,0.08223954,0.029012568,0.11149661,0.086517364,0.084449686,0.10509085,2.1087058,1.504716,2.7767954,0.020746341,0.018574156,0.07779053,0.036118325,0.04267414,0.015123782,0.81587774,0.015549418,4.4581585,1.1728263,0.032619838,0.03995634,2024-04-06 17:57:00
2.1003962,0.044527926,3.811485,0.023649221,0.027606195,0.023396105,0.019713415,0.072693065,0.020349905,0.05763328,0.07701104,0.14752512,0.19646128,2.1034138,1.2609862,3.0312586,0.020095743,0.023748271,0.05964586,0.04160338,0.047006425,0.018951552,0.90081334,0.035243746,4.480069,1.15385,0.023718324,0.0105021,2024-04-06 17:58:00
2.0997891,0.046377882,3.991616,0.020388812,0.0348638,0.023686962,0.016834715,0.11261687,0.018316433,0.060728252,0.084797606,0.17745127,0.11053289,2.1002522,1.3234395,2.9592404,0.021298083,0.025266606,0.07204778,0.041293923,0.028897924,0.018522564,0.9655377,0.025964769,4.7303185,1.1290078,0.023678904,0.039897706,2024-04-06 17:59:00
2.1047294,0.11341796,3.9879584,0.016832754,0.02637117,0.01657238,0.022388464,0.18228735,0.02193053,0.10798477,0.12481887,0.17701218,0.065668024,2.1163704,1.3120801,2.9641333,0.016413543,0.023502136,0.05290755,0.03574475,0.03276187,0.020485088,0.5662975,0.026305191,4.661168,1.1373084,0.03318783,0.048498724,2024-04-06 18:00:00
2.09924,0.045907315,4.144087,0.01815399,0.027804418,0.029639555,0.020480452,0.07120922,0.029319616,0.05302287,0.1492275,0.2147798,0.059216015,2.1207268,1.3930687,3.0015008,0.012450285,0.02297268,0.071516864,0.03581744,0.04189556,0.017504415,0.59761816,0.026455082,4.805988,1.1417494,0.04545588,0.03917989,2024-04-06 18:01:00
2.0977397,0.07190162,4.0545607,0.025958274,0.023748664,0.03190122,0.03004411,0.07345661,0.027340686,0.0488103,0.175597,0.089358896,0.17636527,2.1699932,1.3985717,3.110875,0.01601651,0.03547696,0.08473376,0.045163553,0.04283715,0.025359418,0.82411104,0.016228803,4.8381763,1.1258177,0.038839687,0.03752631,2024-04-06 18:02:00
2.1762135,0.041548435,4.0922594,0.06745208,0.02614698,0.02489756,0.024842257,0.09874982,0.023775805,0.052712172,0.062983476,0.29776537,0.127791,2.1098268,1.4848021,3.0974762,0.01800913,0.031717505,0.086513765,0.045182757,0.045672145,0.024243277,0.6401307,0.018716998,4.888234,1.1654512,0.03285357,0.036910422,2024-04-06 18:03:00
2.1017528,0.05380596,3.988936,0.018375704,0.03475371,0.025624773,0.027249342,0.068062186,0.029159661,0.04562212,0.046120632,0.074990034,0.08439067,2.4933207,1.359037,3.0917537,0.0068698847,0.036481872,0.08512405,0.045145255,0.044772945,0.01583466,0.57261074,0.023701297,4.709638,1.1709214,0.033945534,0.039619032,2024-04-06 18:04:00
2.1446273,0.048868015,3.861942,0.018224403,0.026101626,0.037617125,0.024578346,0.06554919,0.023543205,0.04984144,0.054145478,0.2518574,0.107672855,2.1483738,1.3116673,3.1717658,0.026483353,0.021326743,0.07889256,0.042716973,0.03346087,0.021671273,0.6144823,0.020439625,5.0260887,1.1965237,0.025243327,0.038022812,2024-04-06 18:05:00
2.104816,0.045639966,3.7736435,0.018214984,0.03968784,0.019336483,0.027889868,0.06055533,0.061123174,0.08857667,0.05545525,0.13242896,0.18520185,2.155982,1.2960061,3.078387,0.022881435,0.032246668,0.04164186,0.039692104,0.04268954,0.026003681,0.6008035,0.033837344,4.748901,1.2039272,0.036918543,0.039384868,2024-04-06 18:06:00
2.104363,0.050739195,3.7632198,0.02236584,0.019128213,0.021786109,0.024376463,0.0769283,0.027728083,0.075951785,0.04956981,0.2769324,0.12504758,2.1430705,1.3055867,3.0506303,0.034444436,0.027479688,0.07638504,0.045061745,0.049528632,0.024205284,0.81850815,0.023843095,4.9222956,1.2052152,0.03268853,0.036363903,2024-04-06 18:07:00
2.1044486,0.04761429,3.8056283,0.0249355,0.026743561,0.021858718,0.021969909,0.09149215,0.027148373,0.08699306,0.04241468,0.33259046,0.040450674,2.081351,1.3392761,3.0230985,0.03596291,0.023640808,0.075508706,0.045074243,0.03543141,0.017183308,0.8309932,0.02114327,4.966237,1.2275888,0.032923453,0.037931234,2024-04-06 18:08:00
2.0983646,0.05130634,3.8527417,0.022051554,0.024744771,0.021567166,0.0196062,0.1008984,0.04983116,0.048358563,0.049374703,0.41790006,0.10812462,2.0585606,1.2202922,3.0485315,0.02476691,0.021982836,0.07030686,0.041938532,0.040653244,0.024647845,0.8912929,0.019402025,5.0065837,1.2716464,0.05018832,0.03822938,2024-04-06 18:09:00
2.1028848,0.06920375,3.6608741,0.02379963,0.015691316,0.027064268,0.022545137,0.052857615,0.025879964,0.061060138,0.034551986,0.18831588,0.15331241,2.4206078,1.3379555,3.0344405,0.012619269,0.026350588,0.072559044,0.044918597,0.031524178,0.012567121,0.56170064,0.027958198,4.9483633,1.2451738,0.04931928,0.04143692,2024-04-06 18:10:00
2.18079,0.08124919,3.7264197,0.014392405,0.01704715,0.019790875,0.026845345,0.07451116,0.023489418,0.06748051,0.055324808,0.16790941,0.12684283,2.1566832,1.3626276,3.080697,0.023399733,0.015629597,0.07947713,0.036248222,0.044326607,0.019023878,0.56799394,0.03214121,4.8966126,1.2607563,0.032553364,0.034452718,2024-04-06 18:11:00
2.1049073,0.05151389,3.7666962,0.02010586,0.025634307,0.028071456,0.024827393,0.090973094,0.020793797,0.056393743,0.045121733,0.37068266,0.05107684,2.464062,1.3728915,3.1774578,0.012234346,0.02680424,0.07975823,0.044992078,0.03392062,0.021428682,0.7833049,0.018705122,4.865027,1.2571012,0.025627064,0.04039781,2024-04-06 18:12:00
2.1030662,0.07242474,3.9158,0.022895077,0.022846034,0.02513573,0.0152192395,0.073818795,0.0268174,0.06065344,0.045961626,0.13653977,0.0773566,2.1396184,1.492651,3.1571226,0.020906536,0.018972283,0.09063061,0.0448474,0.037053097,0.024008593,0.9102932,0.022075266,5.071387,1.2888863,0.027707525,0.03269242,2024-04-06 18:13:00
2.1520455,0.044894926,3.8364892,0.017730936,0.021374222,0.022362826,0.024260273,0.07387074,0.030797293,0.05423946,0.16785121,0.36041963,0.15248679,2.1674626,1.4656212,3.2241356,0.011123007,0.025803607,0.08258788,0.035722114,0.044962525,0.02069756,0.61273414,0.025027506,4.792599,1.2681628,0.02407019,0.036931727,2024-04-06 18:14:00
2.102006,0.06517869,3.7470617,0.023969138,0.018967632,0.02073643,0.017697968,0.07146334,0.029118374,0.06444547,0.28056678,0.07779764,0.0834306,2.1524947,1.4684917,3.0606866,0.030365324,0.031054266,0.086603194,0.03574218,0.04749673,0.015988486,0.59249884,0.022116711,4.5686855,1.2879374,0.044379693,0.04234433,2024-04-06 18:15:00
2.142062,0.07386879,3.7796214,0.023839476,0.019636588,0.019649966,0.029833095,0.10134985,0.024188563,0.05616749,0.45986,0.112294964,0.03976233,2.1085544,1.5760578,3.1960354,0.008340189,0.027146239,0.05872541,0.04412792,0.047095798,0.008167412,0.76550406,0.033131838,4.583177,1.2724212,0.031667758,0.03408641,2024-04-06 18:16:00
2.1006935,0.04963706,3.757224,0.014481877,0.019577328,0.019536914,0.020278959,0.068969935,0.025583945,0.0758173,0.355333,0.13974537,0.10746451,2.1134508,1.6106733,2.9472754,0.020383049,0.019407932,0.063483305,0.046161987,0.0463674,0.03282229,0.8924901,0.02204767,4.6281796,1.3126012,0.0330473,0.037297063,2024-04-06 18:17:00
2.105017,0.04502847,3.8338418,0.121894635,0.027194018,0.023556337,0.028318677,0.08639552,0.028656038,0.05463479,0.37017325,0.06826406,0.16688803,2.131417,1.6180872,2.9694412,0.015607443,0.028966945,0.05436144,0.035585217,0.04316179,0.019805308,0.8535477,0.018783852,4.8243613,1.3088073,0.040216744,0.03813681,2024-04-06 18:18:00
2.1441605,0.12098163,3.726989,0.018788405,0.01998134,0.019490477,0.1922545,0.070420735,0.020572957,0.06903309,0.39322147,0.0669195,0.108329795,2.141503,1.6062083,2.9336188,0.020256288,0.020152586,0.04748134,0.065239996,0.031442985,0.023197206,0.7729397,0.02287727,5.2108665,1.2981724,0.042398795,0.037587237,2024-04-06 18:19:00
2.1406202,0.049898658,3.777349,0.015995802,0.014275187,0.02252695,0.022294825,0.09192794,0.033514626,0.05755133,0.28981066,0.3514463,0.16644831,2.1312656,1.566289,2.9821482,0.0356867,0.027824463,0.04196318,0.040717438,0.030343175,0.017938038,0.6620706,0.015935224,4.875646,1.2994937,0.024757514,0.039559405,2024-04-06 18:20:00
2.1405516,0.0631348,3.9047987,0.025092414,0.0380909,0.029943444,0.028607827,0.22176534,0.015668767,0.07542971,0.299791,0.23038544,0.0930477,2.1633778,1.5509226,2.9481478,0.024413725,0.0209817,0.03896739,0.044807088,0.06326031,0.021536896,0.8197643,0.028114257,5.21558,1.3040639,0.038683966,0.03377866,2024-04-06 18:21:00
2.1588714,0.060470525,3.8777313,0.020191375,0.03445261,0.025890889,0.028502854,0.09523371,0.034598242,0.0595855,0.120300405,0.25531742,0.16412027,2.0726507,1.5672984,3.032862,0.022460187,0.020331943,0.040523987,0.047287256,0.05209952,0.020935053,0.91483504,0.023862403,4.8349843,1.3167201,0.036327027,0.038415965,2024-04-06 18:22:00
2.3831208,0.048008814,3.8171403,0.022371221,0.030717865,0.024844708,0.03410056,0.06913186,0.033701777,0.04525324,0.10392784,0.29617292,0.16057794,2.0404124,1.6244025,2.9618678,0.016468205,0.024983186,0.035260845,0.045186106,0.036520243,0.019987557,0.6073997,0.028104076,4.7877884,1.385461,0.020437967,0.03228462,2024-04-06 18:23:00
2.3514364,0.051582504,3.7112222,0.015010673,0.01782141,0.022699244,0.02229844,0.07820911,0.024289504,0.048667327,0.047338843,0.33281916,0.12885755,2.142912,1.5789351,2.9140706,0.015281348,0.021483315,0.048873708,0.039087478,0.03118296,0.029190935,0.58341956,0.023447173,4.5740533,1.3524042,0.08775474,0.0382227,2024-04-06 18:24:00
2.395296,0.101650275,3.5970008,0.023171052,0.022585694,0.027427029,0.028866278,0.10360316,0.029599918,0.049572133,0.027153429,0.3433647,0.1268889,2.5020604,1.5988142,2.9120426,0.024844691,0.019119347,0.036844604,0.048656855,0.06880096,0.024662908,0.58732355,0.016974255,4.3843465,1.355107,0.02496755,0.037901994,2024-04-06 18:25:00
2.331464,0.04733103,3.3324735,0.015635692,0.013745605,0.02670032,0.017187253,0.10833155,0.029225312,0.09898698,0.05909099,0.18187001,0.101351835,2.1301625,1.6252804,2.929805,0.015593972,0.034953896,0.047436785,0.044955414,0.042509105,0.016973974,0.60977644,0.02854103,4.4625726,1.2936964,0.09516967,0.038484268,2024-04-06 18:26:00
2.3346164,0.069856875,3.3863893,0.026104253,0.017242957,0.02022962,0.032981995,0.14780076,0.023096064,0.0794883,0.062662825,0.25927207,0.03799213,2.1095886,1.6587435,2.9500642,0.019270925,0.027329229,0.0543171,0.045170486,0.040910896,0.02572742,0.80218524,0.024789391,4.5477877,1.2859645,0.033276908,0.03521084,2024-04-06 18:27:00
2.3353705,0.053707317,3.4550292,0.11455331,0.017797822,0.022194328,0.13953407,0.066020854,0.028034624,0.055532917,0.05930361,0.18411602,0.10712311,2.0879638,1.6196275,3.0045726,0.020323996,0.025618615,0.03950196,0.044875305,0.045591358,0.018825462,0.796587,0.025503986,4.4283357,1.2222042,0.044180106,0.037433524,2024-04-06 18:28:00
2.5855436,0.05363914,3.4187422,0.16417485,0.031691443,0.027165975,0.025833787,0.12485003,0.021431614,0.06854917,0.06290927,0.09798345,0.17198393,2.4353778,1.6543677,3.138332,0.024212094,0.03795786,0.045495726,0.04489055,0.036288764,0.015336865,0.80524343,0.027265737,4.3794293,1.1832259,0.024467869,0.037677772,2024-04-06 18:29:00
2.3586526,0.054587945,3.4516976,0.014907363,0.025883265,0.030099867,0.025072685,0.11223102,0.016166106,0.05061357,0.044146955,0.37875888,0.12904783,2.262697,1.5795615,3.0159786,0.024187166,0.019079238,0.048197962,0.03626285,0.031050954,0.26887816,0.80380386,0.025489138,4.424821,1.227272,0.036974024,0.035297606,2024-04-06 18:30:00
2.3496602,0.050897542,3.4926538,0.025470199,0.018124657,0.026213089,0.026718542,0.24674766,0.05638295,0.05225577,0.054626297,0.333107,0.10780334,2.1498713,1.6428806,3.1476662,0.028121525,0.021522818,0.044810295,0.04486136,0.044409744,0.026905086,0.6306456,0.022912383,4.60869,1.2025814,0.02747737,0.039594278,2024-04-06 18:31:00
2.2943335,0.08523652,3.4156423,0.020346576,0.011556151,0.029378733,0.026949447,0.075561576,0.022381268,0.06797881,0.059811275,0.36127684,0.019489596,2.1228566,1.6760768,3.0942736,0.024220128,0.023154326,0.04118926,0.040706616,0.0544138,0.01696864,0.8500366,0.023000134,4.6480823,1.2376963,0.035109818,0.038056366,2024-04-06 18:32:00
2.2910144,0.059086524,3.455286,0.014411416,0.025992256,0.03228887,0.043663666,0.07300051,0.029944193,0.071718104,0.089523755,0.3495872,0.13002317,2.3720016,1.7362952,3.133847,0.027482048,0.024282223,0.04347875,0.042376727,0.043129243,0.02149661,0.9146831,0.027000073,4.6258125,1.2351109,0.033473875,0.033553194,2024-04-06 18:33:00
2.3739588,0.12268818,3.4818919,0.021083934,0.022264624,0.015317385,0.028982116,0.057886984,0.021690965,0.10499468,0.11189935,0.27190635,0.085366875,2.1037621,1.7283082,3.2572448,0.026818942,0.029410923,0.048722714,0.043244306,0.034306273,0.028723197,0.8417309,0.024791205,4.603644,1.2293398,0.035515,0.03389455,2024-04-06 18:34:00
2.2934434,0.046897493,3.3489373,0.015906028,0.020834764,0.021627419,0.026642429,0.07660714,0.028622203,0.060326032,0.07377212,0.3057793,0.1291319,2.162505,1.7044055,3.3380616,0.021811642,0.031369563,0.06006556,0.036197495,0.043917704,0.02030937,0.6266031,0.009720492,4.512771,1.2523917,0.04350712,0.040536188,2024-04-06 18:35:00
2.3881457,0.09904143,3.3201718,0.09136823,0.022229837,0.022349004,0.024483504,0.09849599,0.023472676,0.06346367,0.0531447,0.39201388,0.086212546,2.512046,1.7203175,3.1411514,0.010858065,0.04017957,0.049518835,0.04492216,0.041670553,0.01887776,0.85518605,0.019901454,4.5498004,1.2608564,0.03391232,0.05022048,2024-04-06 18:36:00
2.3283293,0.046982102,3.4442422,0.017601112,0.025827447,0.022096232,0.093219236,0.14488728,0.030366382,0.05229306,0.036546357,0.23628418,0.11276179,2.1170902,1.7565327,2.8543677,0.037346262,0.03087945,0.042193275,0.044900578,0.043259896,0.022311172,0.58481413,0.027630616,4.6524796,1.3335363,0.033121157,0.038647816,2024-04-06 18:37:00
2.394376,0.04376582,3.466851,0.018135222,0.02855974,0.02290473,0.22245267,0.1788084,0.03305589,0.042891685,0.042537883,0.2402683,0.14177884,2.164099,1.8302205,2.8943045,0.03362821,0.027280884,0.048484866,0.03700938,0.040811133,0.01997587,0.8061367,0.02038432,4.6769886,1.3095524,0.05847497,0.042141538,2024-04-06 18:38:00
2.3606071,0.1028161,3.3956082,0.024899773,0.027086835,0.11028573,0.03543435,0.104774654,0.027208302,0.05838384,0.018642921,0.11555577,0.13766834,2.1404357,1.7601165,2.7969446,0.044385597,0.034440193,0.05337791,0.04845568,0.041567903,0.027180657,0.6057228,0.019312026,4.546206,1.3500081,0.034558956,0.040313512,2024-04-06 18:39:00
2.379412,0.05359442,3.3240213,0.022360444,0.015029006,0.017313423,0.02838873,0.105178505,0.019783193,0.063219965,0.020804636,0.12184843,0.17658147,2.0772302,1.7959658,2.7674017,0.025005376,0.03355357,0.043780666,0.045544133,0.061330713,0.025628591,0.8839794,0.037459735,4.693677,1.3502772,0.02398756,0.038372245,2024-04-06 18:40:00
2.327768,0.11759653,3.3428228,0.032887146,0.036248084,0.02989104,0.03628243,0.093219995,0.021551233,0.11733311,0.030480513,0.23104815,0.13598616,2.0745866,1.7878832,2.7351177,0.014537885,0.03312919,0.04716503,0.044965662,0.030867435,0.019919058,0.8673851,0.0234719,4.7198052,1.3742932,0.025052536,0.04165742,2024-04-06 18:41:00
2.3833869,0.1133785,3.3360672,0.030198645,0.02093796,0.021283794,0.025971897,0.068707414,0.020946855,0.04957755,0.05480092,0.36406684,0.07609129,2.5171537,1.6973115,2.6840043,0.018352246,0.029180765,0.044742968,0.036717247,0.032020688,0.23050663,0.81033427,0.022061648,4.7714944,1.3561931,0.025745766,0.03464025,2024-04-06 18:42:00
2.3295503,0.054084197,3.3550022,0.01480275,0.024062509,0.022603486,0.02555986,0.0740965,0.030590493,0.048506815,0.07065943,0.29198214,0.03691734,2.1459692,1.7504809,2.6052878,0.022005972,0.02797914,0.048640482,0.045052495,0.043728095,0.029013252,0.6108121,0.021899514,4.798874,1.3500544,0.034810565,0.038030863,2024-04-06 18:43:00
2.3329442,0.05116957,3.3825824,0.015689306,0.024662301,0.02547401,0.030187324,0.10493099,0.014506777,0.057559177,0.026624212,0.37076217,0.14197981,2.1199007,1.6851877,2.625811,0.00971562,0.030969165,0.054794487,0.036682535,0.03552617,0.022773715,0.63173425,0.020121066,4.7273116,1.3876722,0.024430344,0.0388066,2024-04-06 18:44:00
2.3295138,0.05633146,3.3426852,0.02074373,0.020931615,0.03224274,0.028147116,0.1196642,0.026255418,0.05879257,0.057064287,0.11851114,0.15399054,2.5246935,1.6545813,2.5901363,0.018275803,0.032979418,0.054312594,0.041776117,0.052026387,0.014624783,0.83411866,0.019748464,4.8710775,1.4195706,0.030669518,0.041521885,2024-04-06 18:45:00
2.3733628,0.052229073,3.4863436,0.024816478,0.025538316,0.023994552,0.029407635,0.0649959,0.021472018,0.063852735,0.013277307,0.37994918,0.06940905,2.1404572,1.493925,2.6104293,0.025074907,0.023186075,0.055067245,0.043553773,0.036770225,0.019725978,0.6270301,0.025938716,4.7735753,1.3160523,0.043112744,0.03854675,2024-04-06 18:46:00
2.3832867,0.15441571,3.4355261,0.020617831,0.023882763,0.02432569,0.027344238,0.09304709,0.02977312,0.071728215,0.052129563,0.26262605,0.12296031,2.4601803,1.5188571,2.595876,0.035084363,0.03470695,0.05080976,0.044847846,0.046984088,0.028326228,0.6441029,0.014805904,4.709681,1.355766,0.029302556,0.034327637,2024-04-06 18:47:00
2.32905,0.048888516,3.545767,0.023681227,0.015981065,0.024468591,0.025906801,0.21473563,0.02481968,0.05003729,0.059184913,0.29332855,0.060801264,2.1140192,1.4717137,2.5965974,0.013914804,0.029473545,0.051031746,0.050221648,0.033629637,0.019279458,0.6421227,0.021643927,4.6512384,1.3327128,0.091440886,0.05528684,2024-04-06 18:48:00
2.2933757,0.0465033,3.4328508,0.015819287,0.020453123,0.024699604,0.031569973,0.20221445,0.020260131,0.04198958,0.079171844,0.39641556,0.07193235,2.1274173,1.5337825,2.5892527,0.035211943,0.030644301,0.054657463,0.04580269,0.036298763,0.023028893,0.6509607,0.023930823,4.7266965,1.3544905,0.033216964,0.035222128,2024-04-06 18:49:00
2.2809277,0.053240556,3.4257667,0.031364113,0.025759824,0.021813665,0.028301688,0.08031874,0.02546363,0.06699593,0.11584719,0.23243502,0.07421737,2.1298203,1.5341086,2.7772202,0.048074804,0.03596808,0.0633063,0.045119055,0.053619884,0.02991446,0.61294395,0.01789247,4.575059,1.2955446,0.03319574,0.0263912,2024-04-06 18:50:00
2.3076231,0.07026871,3.4717827,0.015918689,0.01424076,0.016741876,0.069219716,0.124372184,0.018982291,0.049860213,0.12320289,0.1393222,0.13504428,2.117513,1.5493715,2.6578958,0.022978995,0.035590496,0.053557392,0.04163579,0.031347834,0.03834169,0.6256744,0.020059003,4.474886,1.3508501,0.036078576,0.020816278,2024-04-06 18:51:00
2.2855191,0.048596308,3.3612595,0.014931051,0.020010576,0.031463925,0.023194062,0.06246902,0.028755533,0.066843756,0.07716025,0.1474375,0.18165737,2.6401443,1.5362396,2.6952615,0.037539296,0.035281137,0.058128014,0.051711082,0.041655067,0.024316875,0.6192795,0.03973693,4.416278,1.3097534,0.034421097,0.030636907,2024-04-06 18:52:00
2.2854292,0.04752093,3.4112425,0.030345617,0.033949904,0.014689439,0.029232314,0.063825816,0.029705947,0.0452293,0.0611185,0.15121992,0.0383647,2.1172843,1.4774187,2.6209643,0.038676463,0.034587365,0.051125765,0.044340275,0.04145765,0.028826814,0.5599089,0.016279094,4.3248396,1.3095553,0.033804066,0.0285757,2024-04-06 18:53:00
2.3258703,0.074147776,3.5086803,0.014860214,0.037572157,0.019608319,0.031635515,0.0897491,0.01977807,0.051190525,0.04885383,0.3336493,0.022848213,2.4374683,1.5588771,2.5962937,0.026332736,0.018006055,0.06175723,0.044917367,0.043840844,0.019536844,0.8713065,0.020535039,4.2392297,1.308274,0.0407353,0.040170968,2024-04-06 18:54:00
2.367881,0.052592326,3.488786,0.0298267,0.033932384,0.022951802,0.025556633,0.15984222,0.02387069,0.05288376,0.09952652,0.36941716,0.052680373,2.4330597,1.5003189,2.678047,0.017279208,0.054366495,0.058930833,0.035967525,0.035487264,0.020472838,0.68840885,0.020633303,4.4713173,1.3440225,0.025718644,0.036445726,2024-04-06 18:55:00
2.3334439,0.123605795,3.436611,0.027323434,0.025123134,0.022223033,0.027134994,0.08639921,0.055934004,0.054486495,0.101346835,0.0733043,0.1452109,2.1273403,1.4776753,2.6384788,0.026000313,0.039541975,0.062051557,0.04566749,0.041651275,0.033182446,0.6252171,0.014519426,4.3592052,1.2964541,0.038610898,0.06294952,2024-04-06 18:56:00
2.3209455,0.055379637,3.5688071,0.025262585,0.034999613,0.022772824,0.06874987,0.073705874,0.027756391,0.05370247,0.10026296,0.16997796,0.16429585,2.1079679,1.5183754,2.677847,0.016462889,0.03211556,0.06609001,0.044825304,0.045806672,0.019469028,0.6531115,0.020522378,4.312747,1.322821,0.042874906,0.023253648,2024-04-06 18:57:00
2.3981144,0.076587304,3.5642922,0.025445776,0.038157128,0.028629266,0.027011693,0.18221253,0.029672157,0.06418341,0.10210833,0.10577715,0.08559845,2.1093037,1.5883421,2.633115,0.03237854,0.028540442,0.057712562,0.047413778,0.042384386,0.028811062,0.610531,0.02213314,4.4945927,1.3296357,0.03417813,0.040189568,2024-04-06 18:58:00
2.3447137,0.050490938,3.5586169,0.033161,0.021224739,0.01512003,0.18525958,0.0930214,0.020874145,0.052239783,0.10460305,0.27929294,0.056376226,2.1525068,1.5392033,2.6239207,0.019445347,0.035553776,0.060701024,0.040156808,0.033820555,0.021919204,0.8230638,0.020476345,4.52548,1.3613605,0.02605391,0.037233997,2024-04-06 18:59:00
2.3475304,0.052295577,3.707438,0.031848732,0.03406565,0.020697167,0.023605995,0.07177635,0.020344816,0.05228188,0.15161254,0.36774114,0.20355952,2.1482964,1.7223214,2.8146534,0.019107021,0.02874789,0.051838618,0.0356235,0.040682454,0.020520791,0.83814716,0.019820826,4.6400084,1.3939283,0.05372357,0.040139224,2024-04-06 19:00:00
2.321197,0.049380824,3.6532562,0.018793,0.023236258,0.023768423,0.02768074,0.07115887,0.051154803,0.058637433,0.15557902,0.25457236,0.06905018,2.112988,1.6621611,4.458389,0.010160011,0.023624906,0.04309289,0.039795414,0.046122402,0.021183953,0.65459687,0.022996502,4.419818,1.3359554,0.034289602,0.037690744,2024-04-06 19:01:00
2.3203113,0.042905755,3.7787545,0.018536624,0.022139437,0.018644685,0.041341305,0.07478536,0.021979587,0.10405688,0.16416347,0.34555748,0.11835046,2.1430495,1.6743528,4.1473193,0.017809229,0.026835756,0.0361613,0.043382436,0.033106998,0.015722131,0.7851727,0.028856387,4.5802994,1.3955647,0.031941023,0.0381235,2024-04-06 19:02:00
2.325331,0.0794389,3.7230556,0.02077494,0.018895246,0.018422604,0.027614253,0.0646675,0.026393222,0.057315465,0.16635919,0.26572773,0.08740151,2.1192276,1.7134329,4.2634144,0.018022506,0.02785254,0.037272826,0.035857018,0.031142294,0.019719414,0.66124475,0.020655558,4.713582,1.3797069,0.029278563,0.04041385,2024-04-06 19:03:00
2.3406034,0.04616271,3.6550746,0.02512622,0.03125391,0.027588734,0.028755737,0.079686046,0.027111953,0.09071872,0.1783325,0.43623945,0.048208248,2.4244704,1.830878,4.240851,0.015493169,0.03475711,0.051902093,0.035967167,0.038812235,0.019658111,0.6225316,0.045729384,4.596148,1.4374783,0.024304833,0.033750482,2024-04-06 19:04:00
2.3225038,0.052237224,3.625269,0.019357812,0.03294353,0.02308065,0.017052518,0.1364054,0.03422295,0.05753756,0.17764542,0.31047124,0.14815092,2.031485,1.608016,4.288627,0.018623896,0.026745122,0.081709616,0.044967934,0.0432338,0.021479664,0.60782635,0.027171422,4.577437,1.4915509,0.03480246,0.030844675,2024-04-06 19:05:00
2.387355,0.047026526,3.6332498,0.018486131,0.01926467,0.027131766,0.03524686,0.08327889,0.022186868,0.16080932,0.2561376,0.1667179,0.20645256,2.1047997,1.6533418,4.317886,0.022381222,0.02973572,0.057069037,0.040101986,0.051105108,0.026475124,0.63624656,0.027325742,4.5994387,1.4996182,0.025216622,0.034668315,2024-04-06 19:06:00
2.320432,0.06735612,3.6003609,0.027051732,0.031846587,0.020284416,0.027636463,0.0998411,0.018123394,0.0401981,0.2634836,0.23600984,0.120138176,2.1616218,1.5741894,4.394274,0.024333876,0.030234631,0.06404223,0.043567922,0.03890814,0.02470887,0.8715208,0.023528393,4.7350535,1.4892428,0.035196137,0.027263768,2024-04-06 19:07:00
2.39726,0.05679194,3.6004717,0.020769957,0.03704031,0.029820854,0.04763538,0.10487054,0.02248567,0.051428907,0.25923532,0.17358026,0.027795106,2.0884628,1.4570005,4.272101,0.016599936,0.02362399,0.061156876,0.044864245,0.030633388,0.020440057,0.85192627,0.020379854,4.7881236,1.5057452,0.037855424,0.027886275,2024-04-06 19:08:00
2.320417,0.046048757,3.6239326,0.018246755,0.018389272,0.022890858,0.030791076,0.07465691,0.02605748,0.06858911,0.32109857,0.13614792,0.08491285,2.4369001,1.4520143,4.367334,0.025916288,0.04033451,0.06920609,0.044930346,0.04827437,0.013162153,0.56774855,0.018935792,4.688245,1.4859366,0.03371333,0.037795726,2024-04-06 19:09:00
2.3205326,0.060014594,3.7981484,0.027314004,0.020317087,0.024083257,0.027250947,0.07043632,0.031473223,0.0455583,0.26295254,0.0806484,0.071756,2.123177,1.4112605,4.5011396,0.15076178,0.025753723,0.07204434,0.044906136,0.046528302,0.019869473,0.84831125,0.03624068,4.7795677,1.5106045,0.035212457,0.032996178,2024-04-06 19:10:00
2.3028276,0.074908294,3.7000809,0.019773932,0.017046994,0.025297154,0.028200509,0.1680701,0.036666892,0.063037045,0.25575697,0.29786292,0.07879778,2.1353014,1.45432,4.6077733,0.043716516,0.022359077,0.07136585,0.044953253,0.04380539,0.13455193,0.6430601,0.02278086,4.7530274,1.5190524,0.033495933,0.03265381,2024-04-06 19:11:00
2.2175617,0.061218806,3.7381008,0.015566108,0.019255472,0.02765412,0.028463123,0.075684644,0.029146312,0.06374644,0.261445,0.30134258,0.06633659,2.1187336,1.4424858,4.573024,0.020613104,0.019526148,0.2548609,0.03647977,0.04423279,0.020908924,0.6206595,0.021337513,4.7019563,1.5634524,0.079247616,0.037992075,2024-04-06 19:12:00
2.0263045,0.05304361,3.8004003,0.023735091,0.026358588,0.024180861,0.028670276,0.104361154,0.018759372,0.05941576,0.09239232,0.28599355,0.16044724,2.4501266,1.4325967,4.6349034,0.015359983,0.023983784,0.13455547,0.05085944,0.031910993,0.028670307,0.70663786,0.024300953,4.727185,1.5266718,0.024735099,0.036469545,2024-04-06 19:13:00
1.9195544,0.047264107,3.7465987,0.02007778,0.01757736,0.025388727,0.04280668,0.08447504,0.028931797,0.059169646,0.03427773,0.22184898,0.024097003,2.1403422,1.466344,4.4550343,0.038668253,0.026977438,0.14109847,0.0450895,0.04264829,0.031681284,0.6001758,0.023833167,4.769168,1.538237,0.03553323,0.04933152,2024-04-06 19:14:00
1.9184915,0.06092268,3.599197,0.017384598,0.030708399,0.030765068,0.027684104,0.1107505,0.028349956,0.10321451,0.039556738,0.21766873,0.023264907,2.1461635,1.4857061,4.3966384,0.015893564,0.039605994,0.13078447,0.04498813,0.042713296,0.01368514,0.6514795,0.02444268,4.6530294,1.5415417,0.033675786,0.034749452,2024-04-06 19:15:00
1.9182365,0.047656838,3.5513647,0.020759473,0.019200789,0.021546649,0.04200723,0.09913102,0.02935153,0.05369976,0.024540573,0.2337317,0.086659685,2.1382453,1.446495,4.370637,0.04223278,0.034375843,0.10617552,0.03574204,0.036772743,0.033048533,0.6782643,0.02651146,4.7415285,1.610359,0.034580518,0.036351945,2024-04-06 19:16:00
1.9172883,0.046726562,3.8312762,0.018118622,0.02964258,0.026150124,0.030808521,0.06987764,0.022602702,0.042629976,0.03987558,0.074927814,0.1594253,2.1490943,1.4018201,4.3430166,0.019340819,0.023910584,0.112199694,0.044893723,0.03003319,0.029145239,0.61918104,0.023507435,4.6723676,1.5912569,0.034296528,0.034993973,2024-04-06 19:17:00
2.0481367,0.048231937,4.033225,0.019779688,0.024554107,0.027465822,0.030475242,0.090491034,0.03420393,0.04380871,0.029328946,0.30027577,0.037584785,2.200827,1.5717765,4.0697107,0.017550148,0.02627064,0.11910488,0.03578415,0.057388447,0.021112861,0.7204924,0.030610645,4.78944,1.6645828,0.033213723,0.035630114,2024-04-06 19:18:00
1.993099,0.05849182,4.059965,0.020044409,0.022404702,0.021399193,0.027135128,0.07964888,0.02123105,0.13951652,0.035857063,0.3522899,0.07535103,2.5150175,1.5384967,4.1606374,0.012121831,0.030418012,0.13311619,0.035723925,0.035741467,0.019978996,0.6536548,0.015733352,4.7759943,1.6707436,0.030901128,0.036524143,2024-04-06 19:19:00
1.9523263,0.06628307,3.9094236,0.023258397,0.028787235,0.015505675,0.026686335,0.06791765,0.029060876,0.0643719,0.022985227,0.13311164,0.08773124,2.1330786,1.500987,4.142366,0.021106714,0.024586933,0.18403381,0.044955615,0.043177817,0.020793885,0.6477594,0.024323482,4.633649,1.6404833,0.035045017,0.03298277,2024-04-06 19:20:00
2.0236886,0.05271443,3.7922685,0.022280104,0.021122932,0.014638057,0.026815195,0.118551455,0.028759966,0.064778656,0.042950206,0.108271495,0.046062775,2.1116555,1.5062503,4.382461,0.02366233,0.042218912,0.1441737,0.042290535,0.039557185,0.013778896,0.64450294,0.019621609,4.664928,1.6287712,0.043251477,0.039770823,2024-04-06 19:21:00
1.9882051,0.05053052,3.9304118,0.019922307,0.030555198,0.013064465,0.026430491,0.09784606,0.021078387,0.061895296,0.050243363,0.379057,0.11862134,2.1060164,1.5460443,3.9674773,0.04126941,0.026390895,0.14386147,0.0448155,0.04949262,0.022353686,0.65622485,0.019707153,5.0239744,1.6270965,0.027493032,0.03861855,2024-04-06 19:22:00
2.0836055,0.050396204,4.0078692,0.01585401,0.020354236,0.014931871,0.024968572,0.064623915,0.021404002,0.061022412,0.044660762,0.34727404,0.13607077,2.1129653,1.5122906,3.6822073,0.01346784,0.02372434,0.14202368,0.044757847,0.048034083,0.018236592,0.872245,0.024586381,4.8401237,1.608381,0.036522362,0.040178,2024-04-06 19:23:00
2.0032864,0.05033479,4.274754,0.020887677,0.031864975,0.024971649,0.020724485,0.071401216,0.030073246,0.06028643,0.047033563,0.35695648,0.08615182,2.1142545,1.632151,3.7059367,0.035511356,0.033628535,0.08072592,0.045162708,0.046322886,0.027237408,0.6422501,0.047620125,4.7153993,1.5749428,0.023009578,0.022549335,2024-04-06 19:24:00
1.9537004,0.05171133,4.1132717,0.013572836,0.019881085,0.030899543,0.02471922,0.10139731,0.028405983,0.12063297,0.039510984,0.25495276,0.14780907,2.1436443,1.5957383,3.7407055,0.012843091,0.034421682,0.089383684,0.0362017,0.04881663,0.021718608,0.64300215,0.018904628,4.473221,1.4143984,0.03609038,0.039457064,2024-04-06 19:25:00
1.9519982,0.06956763,4.2895274,0.021264076,0.022141356,0.024625504,0.035223186,0.076291986,0.01981778,0.04816636,0.029728869,0.32848442,0.15318199,2.1199799,1.519348,3.7492964,0.016901081,0.033447783,0.05068445,0.04689829,0.03796619,0.02052344,0.6049332,0.023915892,4.5438876,1.4180743,0.03428523,0.06321902,2024-04-06 19:26:00
1.9987451,0.08168485,4.202291,0.028059708,0.02483458,0.024540711,0.02765045,0.086884566,0.02916514,0.06527071,0.038128495,0.43722218,0.11114174,2.097735,1.5823524,3.7139354,0.030241799,0.02724999,0.05509649,0.04644254,0.042422622,0.020440709,0.6998446,0.022435218,4.435412,1.4521679,0.029412676,0.036207862,2024-04-06 19:27:00
2.0713696,0.081509255,4.1939807,0.019354265,0.023763599,0.020248588,0.023747422,0.085766025,0.035784338,0.0615091,0.02692679,0.26346824,0.13323005,2.405689,1.6090112,3.7034342,0.020854164,0.036030594,0.08945434,0.040345997,0.04225203,0.021037525,0.62515897,0.023100276,4.436048,1.4045382,0.025439458,0.03979964,2024-04-06 19:28:00
1.9975358,0.065033704,4.162321,0.016036391,0.020595636,0.022447683,0.19404249,0.116202876,0.03654973,0.07628025,0.021203632,0.23884772,0.13554645,2.4262304,1.5943698,3.6789167,0.015112276,0.027403798,0.09042544,0.04617218,0.045546032,0.030281343,0.64126664,0.017327908,4.435569,1.4220009,0.023815027,0.047927704,2024-04-06 19:29:00
1.99206,0.059118614,4.2245903,0.01869205,0.021719005,0.024869796,0.014674795,0.15627027,0.029226596,0.059820026,0.03859547,0.2506809,0.15213259,2.3367705,1.6313778,3.815391,0.027946124,0.03783659,0.048809063,0.04578878,0.052475654,0.032213535,0.8095756,0.025365913,4.4587016,1.4365915,0.051587697,0.03413167,2024-04-06 19:30:00
2.0356011,0.052377094,4.043311,0.015636774,0.018953899,0.019828446,0.019134028,0.0875799,0.02869035,0.056842763,0.045317534,0.23305815,0.15066357,2.1002443,1.5634185,3.8470414,0.011048345,0.02779273,0.06573348,0.044997226,0.04422983,0.014356673,0.65266275,0.032407016,4.448438,1.4272221,0.025061257,0.039652452,2024-04-06 19:31:00
2.0366127,0.046589322,3.983063,0.024747936,0.018321626,0.020808741,0.022317763,0.07513274,0.02770372,0.06651076,0.040507916,0.36541408,0.1004464,2.1496458,1.5875189,3.8174448,0.03537194,0.02625225,0.041983955,0.039616548,0.04997617,0.013870516,0.9860095,0.022101434,4.5399904,1.4170389,0.033567324,0.03452776,2024-04-06 19:32:00
2.0378416,0.048389606,4.1722116,0.023745494,0.017252693,0.020777997,0.032926038,0.10797367,0.021033373,0.056472022,0.080663845,0.37521812,0.113101035,2.3854291,1.5925949,3.819951,0.024659637,0.02585419,0.05251428,0.040619876,0.047976058,0.02119244,1.0098678,0.028355492,4.82977,1.415473,0.054117315,0.037010085,2024-04-06 19:33:00
2.0771797,0.048535377,4.0585675,0.022270344,0.018642105,0.02695187,0.019011386,0.08742234,0.034328267,0.04021364,0.10985588,0.11826912,0.08475651,2.1213992,1.6045313,3.7482545,0.013255732,0.031093301,0.067274526,0.044813447,0.040060334,0.016783854,0.7322197,0.01562963,4.723971,1.4614248,0.033547364,0.038807906,2024-04-06 19:34:00
2.0412416,0.04816318,3.7626386,0.031451073,0.023824243,0.021219244,0.020913808,0.107019074,0.02481341,0.11485325,0.08852739,0.3163659,0.08742731,2.1136427,1.616824,3.7839112,0.025626203,0.03437084,0.038875524,0.044905037,0.03233711,0.01630867,0.8783673,0.02281511,4.7542644,1.3723176,0.033482905,0.03754989,2024-04-06 19:35:00
2.1243546,0.14311273,3.5896811,0.019217,0.0236819,0.025377043,0.027573608,0.06439355,0.030070575,0.071781725,0.0718432,0.22024103,0.032596204,2.117793,1.6215117,3.6301813,0.02401855,0.03323,0.045815732,0.049449474,0.034054164,0.019983282,0.6693447,0.027234593,4.8334136,1.1794447,0.034298163,0.037983604,2024-04-06 19:36:00
2.0398734,0.05043937,3.4438508,0.017546883,0.014651421,0.024448277,0.023094345,0.05352168,0.029292967,0.056240797,0.06223642,0.31425416,0.024160443,2.2596042,1.6433861,3.5753071,0.017705988,0.028524593,0.045715023,0.042523183,0.044113293,0.029590948,0.6654216,0.023755413,4.9042916,1.1666567,0.04462935,0.03938458,2024-04-06 19:37:00
2.0385263,0.051041197,3.3526237,0.022904128,0.015588504,0.018048808,0.027142227,0.06398839,0.02830825,0.07629043,0.04067334,0.21752973,0.11330255,2.1488264,1.711863,3.7087052,0.03651833,0.025975646,0.059061438,0.045376245,0.042560633,0.02001619,0.6804164,0.021714414,4.6206236,1.1564476,0.038908154,0.035077147,2024-04-06 19:38:00
2.037129,0.051070716,3.5585654,0.017019872,0.023695994,0.022109993,0.03150926,0.06981678,0.030171143,0.07218052,0.04304585,0.06729026,0.04909341,2.1043622,1.7123343,3.6063695,0.017602265,0.03593705,0.062168337,0.045222014,0.043510783,0.008862816,0.64668334,0.016974533,4.831864,1.1734774,0.033947814,0.038871698,2024-04-06 19:39:00
2.0392945,0.051608168,3.6677897,0.02269673,0.017652534,0.026668632,0.027224949,0.10567633,0.02993103,0.041930147,0.035661526,0.11385531,0.033298627,2.1121485,1.7153265,3.6544497,0.037869196,0.031344812,0.060930464,0.04498878,0.042044103,0.022855034,0.66128427,0.019324537,4.7576222,1.1731377,0.033893593,0.039085727,2024-04-06 19:40:00
2.0360043,0.048215594,3.5995164,0.023466146,0.028162323,0.02148981,0.026126318,0.088638924,0.031087987,0.0622811,0.04186103,0.102331914,0.093484305,2.133533,1.759161,3.4765432,0.01986975,0.022923548,0.048805896,0.046231482,0.04095432,0.02033801,0.80981284,0.017089304,4.877257,1.1977025,0.034454577,0.0372536,2024-04-06 19:41:00
2.0393822,0.07209026,3.5330257,0.03179131,0.02405188,0.07009046,0.019557906,0.07675083,0.032079555,0.06777849,0.038980108,0.19825555,0.025168907,2.4427981,1.7221253,3.1044595,0.03746288,0.035012316,0.05649853,0.04482127,0.04375067,0.04356945,0.7187495,0.026271591,4.7492337,1.1905069,0.038876075,0.06264329,2024-04-06 19:42:00
2.0365052,0.09831347,3.5085828,0.022540892,0.020591607,0.025798487,0.022666985,0.070108265,0.022557247,0.0922565,0.061619423,0.32984328,0.067134805,2.1847324,1.6497924,2.8969095,0.026470529,0.025516817,0.060424175,0.04493048,0.051283393,0.012858951,0.77955717,0.01891295,4.807795,1.1919321,0.032456376,0.051422905,2024-04-06 19:43:00
2.0006983,0.0480991,3.5549254,0.015799528,0.018727114,0.023411369,0.03464718,0.07269226,0.031148115,0.06200627,0.044948086,0.11883703,0.09552448,2.1320274,1.7724792,2.7167606,0.016740143,0.03502887,0.05484227,0.035711344,0.042918168,0.020086706,0.6725578,0.017280675,4.7105813,1.1420286,0.03976476,0.040146153,2024-04-06 19:44:00
2.004243,0.05006442,3.592308,0.023249801,0.033171922,0.026562225,0.026107954,0.18295826,0.031909406,0.055744395,0.03195011,0.10052901,0.19467112,2.478881,1.7181937,2.6138136,0.019147113,0.032624442,0.059397466,0.035707116,0.043317944,0.029762888,0.6886418,0.027138969,4.7376885,1.1820697,0.033497643,0.040599156,2024-04-06 19:45:00
2.0016177,0.047953177,3.6012952,0.018658364,0.031657893,0.016214857,0.02321943,0.07782024,0.031127494,0.06310072,0.057524785,0.26185638,0.048044864,2.5008948,1.8357887,2.528042,0.03883779,0.02941015,0.06256077,0.049624506,0.041921318,0.02121372,1.0727534,0.017708901,4.773356,1.2350191,0.031344462,0.037675988,2024-04-06 19:46:00
1.9723898,0.04888197,3.6670723,0.024386866,0.01913768,0.019151386,0.028170215,0.06598723,0.028778076,0.06580796,0.03992148,0.29713684,0.18289581,2.1863542,1.7538086,2.557236,0.012787687,0.029223386,0.06401545,0.039965633,0.032990288,0.021404391,0.72893226,0.023318173,4.780624,1.227358,0.035250153,0.036489576,2024-04-06 19:47:00
1.968902,0.04358843,3.7205527,0.019525332,0.030365368,0.02534053,0.028458582,0.06605434,0.027038842,0.061244305,0.04310458,0.2643242,0.06521667,2.1617062,1.7606953,2.5188222,0.021645319,0.024554957,0.04580859,0.039833024,0.0372111,0.020822648,1.0200368,0.018545844,5.0840273,1.2053616,0.03381957,0.03707364,2024-04-06 19:48:00
2.025189,0.04712699,3.6578763,0.034866728,0.026627809,0.02541536,0.019506117,0.0772057,0.03138959,0.040181704,0.031185098,0.2583738,0.17729037,2.166119,1.9023094,2.5642588,0.029063877,0.03318945,0.0789387,0.046967518,0.050979163,0.030562049,0.71759707,0.019931572,4.947318,1.2647779,0.04502306,0.03732098,2024-04-06 19:49:00
2.0756547,0.13757972,3.7481937,0.012979166,0.018916419,0.022828517,0.027651386,0.14023641,0.022400433,0.12113912,0.030962031,0.36056107,0.10812148,2.1924639,1.757894,2.492769,0.012112709,0.026387587,0.033945106,0.053372413,0.039661605,0.021029018,1.1021783,0.019191219,4.918015,1.2336999,0.03325878,0.039790165,2024-04-06 19:50:00
2.0236669,0.051622983,3.747567,0.018011691,0.020975955,0.031088466,0.026020417,0.08830443,0.012714778,0.0552163,0.038356148,0.25717205,0.092521705,2.0320683,1.8516434,2.5432944,0.029046588,0.02697484,0.06062019,0.05322991,0.029283999,0.0296877,0.74371344,0.01362351,5.0991635,1.2362388,0.023817904,0.03914001,2024-04-06 19:51:00
2.1331336,0.05473752,3.7121105,0.018488577,0.026245829,0.02387224,0.026368327,0.21541758,0.054229252,0.07936075,0.02529506,0.32735625,0.18370886,2.1252959,1.7867138,2.4431868,0.013255158,0.03452851,0.079761855,0.039350696,0.044398047,0.01950704,0.95323366,0.011333144,4.816791,1.180563,0.02336088,0.039319664,2024-04-06 19:52:00
2.1002629,0.06504453,3.8612406,0.17627074,0.022976182,0.024607634,0.0773299,0.067528754,0.013100491,0.07519612,0.037714146,0.405166,0.049215406,2.4293811,1.7854257,2.5064135,0.030278884,0.022262312,0.0688035,0.048356663,0.050058912,0.0130471885,0.83498317,0.017571682,4.809557,1.1946994,0.03634856,0.037760813,2024-04-06 19:53:00
2.097728,0.057074532,3.8532617,0.026224613,0.023628624,0.021952396,0.025400514,0.07865122,0.02094203,0.06061796,0.026477784,0.1615453,0.09954385,2.1585655,1.77929,2.5781171,0.04788085,0.029008465,0.076077804,0.0358879,0.03529604,0.02152728,0.957309,0.01996318,4.8342366,1.1856731,0.06451316,0.036302596,2024-04-06 19:54:00
2.2424316,0.046657845,3.7727103,0.029010622,0.026411336,0.023299498,0.024568252,0.08532994,0.028888572,0.1073808,0.045720387,0.10670139,0.15203445,2.1012087,1.8410634,2.530395,0.0353862,0.037405558,0.12690122,0.045817103,0.04470496,0.02834775,0.65786165,0.020559808,5.17886,1.1741009,0.033458844,0.037228785,2024-04-06 19:55:00
2.2148108,0.050641842,3.817398,0.02093206,0.01774085,0.026659928,0.10851783,0.1616244,0.023921167,0.050295766,0.034686394,0.24915324,0.0719979,2.4022167,1.7740206,2.546889,0.014562751,0.034835164,0.11799384,0.045116633,0.0350186,0.027277729,0.7675159,0.016528957,4.913713,1.1841851,0.024415975,0.036752462,2024-04-06 19:56:00
2.1504564,0.044804566,3.7706237,0.016332759,0.021010071,0.023752613,0.019277113,0.063596785,0.027768955,0.06184138,0.060993902,0.2637631,0.12281334,2.3160493,1.7830788,2.5460088,0.011318919,0.030115983,0.12525068,0.03644533,0.04557285,0.020287098,0.74800336,0.01897112,4.7200737,1.1877043,0.021733861,0.04104266,2024-04-06 19:57:00
2.1154752,0.055898875,3.7395568,0.023440117,0.026185473,0.109411374,0.025012141,0.12801343,0.029514056,0.07213753,0.042615477,0.13863106,0.15809803,2.4919155,1.926025,2.4825797,0.04154147,0.043219365,0.11560552,0.03576974,0.047406986,0.0127577465,0.748236,0.030751562,4.5053205,1.1984034,0.025045158,0.14343466,2024-04-06 19:58:00
2.1170833,0.05476841,3.9759357,0.010321515,0.022911513,0.021664709,0.031163784,0.092063814,0.029170617,0.040625356,0.038651027,0.09487596,0.031518992,2.353949,1.89866,2.4513414,0.015246752,0.032800775,0.107439235,0.045112386,0.04356599,0.034606405,0.7128386,0.024893137,4.6862745,1.1857723,0.0335766,0.014381539,2024-04-06 19:59:00
2.1637073,0.07969305,3.6612508,0.026049895,0.020094743,0.02745106,0.035204254,0.15651633,0.021158302,0.044926517,0.02798328,0.28402546,0.12339085,2.130967,1.9048373,2.5280142,0.01733443,0.028883398,0.09564198,0.03616137,0.035844,0.014385888,1.0500985,0.018262487,4.6444707,1.1780373,0.034589846,0.031335413,2024-04-06 20:00:00
2.1182008,0.047189876,3.7133713,0.018508604,0.024604877,0.025807729,0.028810496,0.07822381,0.029030217,0.65186685,0.04290522,0.08945778,0.088206224,2.120723,1.9468545,2.5640864,0.03347453,0.034977276,0.07627234,0.044854376,0.031558327,0.020010186,0.69595915,0.01512557,4.6836023,1.1895928,0.03336325,0.03778498,2024-04-06 20:01:00
2.121651,0.04764774,3.6878052,0.019246297,0.032679122,0.019261155,0.029842662,0.072609045,0.026401041,0.061660558,0.044762526,0.23926297,0.17141032,2.0825238,2.0200553,2.5579784,0.014244382,0.029264566,0.071327776,0.044448543,0.034467883,0.020017274,0.9700974,0.018931303,4.8480525,1.1967467,0.035162818,0.038942095,2024-04-06 20:02:00
2.1176195,0.04491599,3.6466346,0.01722278,0.026285067,0.024152124,0.030251183,0.123333395,0.021413468,0.046910208,0.034171633,0.15533301,0.111152224,2.424307,2.062711,2.7205322,0.012814465,0.041381065,0.06579214,0.035999075,0.03186023,0.020001182,0.7650133,0.013305226,4.711497,1.1833837,0.029386153,0.036887504,2024-04-06 20:03:00
2.1596193,0.053372607,3.650097,0.023007322,0.02198254,0.024158174,0.029529216,0.08316799,0.026165508,0.06277588,0.043701503,0.31242707,0.16600934,2.0069268,1.9909391,2.705545,0.038752336,0.025714464,0.06202871,0.03636871,0.03705738,0.01907376,0.75547826,0.03507863,4.8244114,1.2073034,0.039105467,0.036894843,2024-04-06 20:04:00
2.1742284,0.050960407,3.7654088,0.035151582,0.02624098,0.042346884,0.033795875,0.08608969,0.028150974,0.058520757,0.043465964,0.35477883,0.16117434,2.1395152,1.9860564,2.9574306,0.02659357,0.02321106,0.050564587,0.04138669,0.050719418,0.020093028,0.75513977,0.022578645,5.0541916,1.187834,0.025262794,0.048387457,2024-04-06 20:05:00
2.115976,0.04910476,3.5682502,0.018572452,0.030328456,0.018001994,0.034021746,0.067032754,0.028693855,0.06621534,0.031006219,0.10486879,0.081236504,2.4467468,1.7551111,2.810523,0.03760433,0.035929818,0.10066543,0.04482531,0.043225918,0.0312471,0.74155074,0.020298727,4.7970366,1.292744,0.03409872,0.033927083,2024-04-06 20:06:00
2.117201,0.1336035,3.6671262,0.027193094,0.018590594,0.02337031,0.023791721,0.112357825,0.02617843,0.079131186,0.03550888,0.22363055,0.033124313,2.4113107,1.8256814,2.8827705,0.020238796,0.03217557,0.100613244,0.044840384,0.042146243,0.015004882,0.698945,0.02076077,4.887476,1.3104129,0.034066495,0.04114151,2024-04-06 20:07:00
2.1161692,0.049162593,3.8051496,0.026966676,0.01900294,0.014945848,0.027661512,0.06843392,0.028180256,0.062247977,0.024014704,0.15779348,0.087899,2.0916998,1.7614489,2.9453163,0.034826376,0.026363745,0.104235224,0.04800576,0.04216736,0.021537172,0.71493703,0.038010262,4.8069754,1.2603673,0.033767536,0.027942348,2024-04-06 20:08:00
2.118286,0.05039714,3.7214682,0.02742001,0.024515027,0.06782225,0.025422143,0.05969163,0.028306786,0.33681488,0.014398658,0.06978663,0.04032954,2.1345506,1.7733256,3.0722094,0.042524926,0.031685058,0.10439706,0.044951502,0.042684942,0.019748457,0.69408256,0.019144991,4.329848,1.3058712,0.03796057,0.036621448,2024-04-06 20:09:00
2.1149518,0.04455258,3.6657171,0.017418224,0.019798163,0.040244725,0.04087991,0.0792355,0.026594149,0.06665971,0.047062792,0.28053427,0.061306503,2.0898411,1.8291101,3.0381615,0.044332903,0.036542907,0.09695157,0.047260452,0.042315915,0.03970563,0.69916296,0.038997285,4.1854486,1.2964964,0.033792034,0.03472929,2024-04-06 20:10:00
2.1175485,0.05435748,3.7377696,0.01635829,0.02056044,0.024887284,0.02740011,0.06372044,0.026056932,0.07672457,0.03690618,0.19303034,0.101147205,2.0997767,1.7525573,3.098182,0.025709739,0.0322923,0.09362786,0.044951767,0.040905207,0.029115938,0.7138355,0.018695915,4.223701,1.3096048,0.034947045,0.039683376,2024-04-06 20:11:00
2.115509,0.051183566,3.7686293,0.024193987,0.022423198,0.024037752,0.032494407,0.06975206,0.019090677,0.051840223,0.04129461,0.2018029,0.094286434,2.0892189,1.7857747,3.1241407,0.013191348,0.03377714,0.087162316,0.04264794,0.03563672,0.02697373,0.74484956,0.018711643,4.24663,1.2935381,0.03607162,0.036278017,2024-04-06 20:12:00
2.118297,0.044646043,3.7876978,0.017833868,0.022839453,0.020054733,0.030012446,0.12144619,0.019660037,0.059097204,0.042839844,0.16858415,0.20139864,2.0906913,1.7765782,3.2059286,0.014153403,0.02589774,0.10881936,0.03603706,0.03566987,0.034824833,1.0575919,0.01781054,4.4614406,1.3281112,0.029157056,0.03655192,2024-04-06 20:13:00
2.1724088,0.053478956,3.854516,0.026583584,0.023614738,0.020631554,0.030526135,0.07635112,0.018137665,0.053418275,0.04534256,0.4514201,0.14064126,2.1024117,1.7272733,3.1767876,0.021870965,0.024227906,0.08356148,0.040580414,0.052313488,0.02164898,1.0209054,0.025950197,4.5230994,1.3619256,0.022130603,0.04019571,2024-04-06 20:14:00
2.1360526,0.04556371,3.8173602,0.030113816,0.025855184,0.026821984,0.030266283,0.12824453,0.027427975,0.05942568,0.048722234,0.2976725,0.08151161,2.076849,1.7532185,3.1025405,0.009250903,0.038023517,0.06725637,0.05117041,0.04295472,0.0152472835,0.709512,0.026930973,4.427672,1.420144,0.038760126,0.038758013,2024-04-06 20:15:00
2.0900166,0.047066286,3.713337,0.02729257,0.018435568,0.023404963,0.030610772,0.081952356,0.021958891,0.07987151,0.030095404,0.24969105,0.103361055,2.1468203,1.8212901,3.1704338,0.021460723,0.032852683,0.06518517,0.044888504,0.04507631,0.022339035,0.8125689,0.034659646,4.4478927,1.3112156,0.024032062,0.039801277,2024-04-06 20:16:00
2.0855126,0.051481966,3.840755,0.026938265,0.019459592,0.020859376,0.03372101,0.10962092,0.019678375,0.045336578,0.043599032,0.2989432,0.08578939,2.0275812,1.7815422,3.1205392,0.03695524,0.031913336,0.05736975,0.04575204,0.047478855,0.026630342,0.73796296,0.023505338,4.360383,1.345051,0.032008186,0.05508082,2024-04-06 20:17:00
2.1885734,0.047040377,3.9014459,0.016219962,0.025630588,0.022546655,0.15532508,0.07470025,0.021419767,0.10397223,0.0440996,0.4014954,0.099357165,2.15764,1.6870972,3.3135889,0.01978543,0.024455532,0.007923766,0.036685362,0.06088076,0.021189982,0.6545886,0.013782176,4.4892364,1.3438565,0.07357039,0.038155124,2024-04-06 20:18:00
2.18172,0.04800335,3.8188787,0.028798025,0.018779116,0.020796185,0.03399606,0.20419103,0.029646885,0.07010319,0.027019206,0.3583427,0.095024034,2.4820323,1.6965866,3.2129753,0.043556344,0.03898923,0.06276506,0.043193318,0.04535188,0.023796208,1.0278746,0.042079385,4.3636045,1.3489095,0.08051126,0.033559624,2024-04-06 20:19:00
2.1353567,0.046764564,3.7503133,0.02409098,0.03209066,0.021773705,0.1751609,0.10892198,0.055265795,0.094384305,0.043974467,0.22823681,0.08123401,2.4932876,1.7263082,3.164122,0.020668278,0.03209916,0.06604766,0.044903047,0.04388304,0.02216843,0.6940826,0.035329476,4.379129,1.4440733,0.03405581,0.036265425,2024-04-06 20:20:00
2.0983548,0.06618549,3.8045857,0.027405586,0.01948792,0.023394717,0.029848555,0.15654653,0.020426957,0.11319671,0.04167456,0.07649202,0.107901484,2.101827,1.711572,3.1669343,0.014526963,0.042329825,0.06576942,0.035549387,0.041728888,0.021076698,0.89745754,0.019633917,4.286606,1.3639613,0.03327168,0.04319401,2024-04-06 20:21:00
2.1031575,0.09383501,3.901853,0.035933644,0.024788318,0.020211829,0.03291052,0.0873631,0.03036996,0.054409914,0.050063927,0.13904326,0.10051628,2.0771017,1.7119786,3.3652635,0.022291766,0.019577974,0.062689625,0.040458925,0.044648726,0.021412838,0.66215175,0.025078045,4.3757377,1.3633105,0.034965523,0.042458467,2024-04-06 20:22:00
2.1031387,0.05081779,3.7365048,0.027227813,0.051804803,0.029944379,0.041703984,0.080948405,0.03088527,0.06450204,0.032488585,0.16503508,0.042977877,2.1102865,1.6851984,3.2589922,0.018430622,0.037402634,0.066012636,0.051019102,0.042396814,0.02135697,1.0071484,0.035580546,4.3237915,1.377544,0.039089702,0.037103564,2024-04-06 20:23:00
2.1379838,0.048689306,4.0835032,0.054433405,0.024440296,0.025076032,0.030488834,0.08450835,0.021815367,0.04944026,0.036720876,0.3522526,0.14483345,2.7164695,1.6925191,3.3657112,0.037892424,0.024657518,0.070837334,0.03602926,0.037767146,0.020389406,0.75856763,0.023859031,4.559982,1.3511136,0.0249419,0.040070582,2024-04-06 20:24:00
2.0967934,0.06037276,4.0080214,0.02811901,0.018943245,0.025272409,0.02773383,0.07292145,0.029515753,0.08819081,0.055811256,0.23078729,0.04643779,2.1240032,1.7303175,3.3976989,0.035326995,0.038650528,0.08456655,0.04511247,0.04991795,0.022099365,0.7540298,0.020793619,4.4446015,1.3499713,0.033110388,0.036395937,2024-04-06 20:25:00
2.0973246,0.054452196,4.1831603,0.02208515,0.026710207,0.020450566,0.16569862,0.079143874,0.019037874,0.0582873,0.039355792,0.25703248,0.14414369,2.436644,1.6948737,3.4417882,0.019221243,0.038931195,0.05161143,0.044826433,0.034666196,0.02230031,0.98569,0.023415402,4.649305,1.3452111,0.022589084,0.040905762,2024-04-06 20:26:00
2.100543,0.049838368,4.088493,0.031074533,0.023941427,0.018856429,0.17228013,0.072380275,0.028768633,0.06570262,0.062491152,0.30223942,0.043225996,2.4165254,1.7618595,3.3353271,0.025292154,0.03299848,0.08227585,0.04490773,0.043369718,0.016571771,0.93137294,0.012809887,4.6741652,1.3391216,0.030030137,0.07398132,2024-04-06 20:27:00
2.1001468,0.17357004,4.0975504,0.18039617,0.021030974,0.020985732,0.037956882,0.08231422,0.02843039,0.10580475,0.056729887,0.15101834,0.058101542,2.1374526,1.7502216,3.4283385,0.024191404,0.031835116,0.08850908,0.04501454,0.047954228,0.019388825,0.9705876,0.023845503,4.510074,1.3662355,0.03480566,0.043962505,2024-04-06 20:28:00
2.0988545,0.04659764,3.8295102,0.019582752,0.034959417,0.02852797,0.030630887,0.12436317,0.029323293,0.063721046,0.035955142,0.422766,0.06848082,2.4494236,1.7724011,3.5572493,0.01971552,0.03136609,0.05975793,0.054692715,0.07164944,0.019378677,0.95112294,0.037216537,4.496058,1.3655002,0.025559707,0.03729553,2024-04-06 20:29:00
2.1018794,0.05098161,3.7429767,0.22124535,0.019401696,0.023838183,0.044309538,0.07314305,0.02982844,0.058933422,0.07198801,0.21378802,0.12266608,2.3835082,1.7891909,3.416747,0.01535853,0.03523079,0.067748316,0.045353822,0.040880524,0.020616181,0.70059764,0.02212576,4.387171,1.3867015,0.033525232,0.03980236,2024-04-06 20:30:00
2.0992413,0.04906092,3.772799,0.01840283,0.023186829,0.020890122,0.039058916,0.090420075,0.030499402,0.056568507,0.059084564,0.0780926,0.030797044,2.079026,1.8009181,3.4631405,0.009046382,0.03430259,0.071033396,0.036043275,0.045158155,0.016436147,1.0016096,0.02228365,4.492492,1.3860922,0.033222623,0.03780892,2024-04-06 20:31:00
2.221346,0.05648574,3.736032,0.026292717,0.018707883,0.03554643,0.037056908,0.100553185,0.029775737,0.050105613,0.055767935,0.07780444,0.11502083,2.099992,1.7688289,3.4630287,0.02571875,0.043183465,0.07176983,0.03548701,0.047233075,0.008471868,0.6724487,0.018442674,4.643675,1.3982855,0.058209427,0.03722172,2024-04-06 20:32:00
2.0995154,0.062148675,3.7699502,0.023632672,0.025926871,0.022854673,0.033842918,0.19688223,0.0168538,0.056540098,0.053563006,0.13150431,0.14276503,2.0098321,1.8020316,3.510978,0.011757957,0.02407516,0.0575691,0.044830155,0.049159426,0.018617999,0.74889004,0.024412053,4.707083,1.422163,0.035778135,0.0316822,2024-04-06 20:33:00
2.1026683,0.07509878,3.803713,0.027812956,0.035656918,0.026505323,0.03282316,0.07865735,0.026886348,0.06579031,0.07570362,0.3210487,0.06402587,2.1249611,1.9499221,3.4874442,0.07416396,0.032759782,0.0694197,0.04790647,0.043951128,0.0138646215,0.76622415,0.029609302,4.5196543,1.4296931,0.037186254,0.029857755,2024-04-06 20:34:00
2.097454,0.05487598,3.9269164,0.028865872,0.02285567,0.017373111,0.035809923,0.116290964,0.028960265,0.063030005,0.08097365,0.3233595,0.06651973,2.4301014,1.7805659,3.490519,0.01921995,0.026632326,0.054450262,0.03581145,0.043074947,0.018540913,0.8924905,0.021549111,4.583897,1.474839,0.03030645,0.03649947,2024-04-06 20:35:00
2.0657675,0.044132195,3.8772578,0.021196503,0.02676318,0.026340548,0.26115423,0.06988807,0.03034689,0.070604704,0.09506026,0.20484895,0.122044325,2.1084101,1.8078245,3.399257,0.031185973,0.030014059,0.07959641,0.045046393,0.04094188,0.0328032,0.69919187,0.034328748,4.5118656,1.4390779,0.032364566,0.04284917,2024-04-06 20:36:00
2.1399238,0.04822874,4.0834045,0.019902874,0.02442369,0.024744099,0.03461336,0.1264285,0.030758142,0.064147584,0.24214807,0.20907627,0.062031314,2.4493058,1.8575422,3.4389307,0.027021162,0.025373502,0.07454507,0.045019325,0.049321223,0.014932255,0.67209625,0.018303266,4.685655,1.460364,0.040869527,0.034427118,2024-04-06 20:37:00
2.0649908,0.04972214,4.199459,0.022371545,0.016940314,0.018735897,0.17151792,0.1595967,0.02999729,0.05370454,0.18419947,0.07442699,0.053464644,2.130396,1.845479,3.4599469,0.046107985,0.029806241,0.08098203,0.04499493,0.04194701,0.0153192775,0.65696543,0.020981343,4.5018034,1.462796,0.047541168,0.04412041,2024-04-06 20:38:00
2.0681274,0.0486127,4.128522,0.019789422,0.02126031,0.024132626,0.037674226,0.07478831,0.032345645,0.05970696,0.18680565,0.11873481,0.040624894,2.0854502,1.841651,3.7428596,0.035227045,0.029845431,0.07119992,0.03588538,0.032179717,0.022462575,0.73341,0.02342511,4.359277,1.52216,0.03068108,0.043646596,2024-04-06 20:39:00
2.3380015,0.07300765,4.0970535,0.031704437,0.016633153,0.03005772,0.039155003,0.12077074,0.03518007,0.04225363,0.17736232,0.17057408,0.06974807,2.110175,1.8734651,3.8773866,0.025875172,0.029664943,0.06399341,0.035557333,0.043692674,0.041852724,0.88161254,0.022538852,4.333419,1.5633906,0.02516075,0.042415507,2024-04-06 20:40:00
2.3328047,0.04623538,4.160033,0.028339665,0.025465822,0.010077446,0.03547494,0.10477969,0.027947322,0.062265,0.10778256,0.20451725,0.026380705,2.1265645,1.7113867,3.9934974,0.021556152,0.032843664,0.06980921,0.035506073,0.066637814,0.022292797,0.7882351,0.019996246,4.3961573,1.61216,0.046523735,0.037191387,2024-04-06 20:41:00
2.3325884,0.08694962,4.1395063,0.02707313,0.024720239,0.025536314,0.13730045,0.13603742,0.02749438,0.04364987,0.05986943,0.3025192,0.07644166,2.1336076,1.6965976,3.9574947,0.0147354845,0.025935492,0.04263775,0.044470195,0.04245831,0.021723714,0.6819653,0.020121973,4.3797946,1.5989368,0.026823435,0.04222066,2024-04-06 20:42:00
2.339424,0.05399554,4.091717,0.028651426,0.03792506,0.025333434,0.039999377,0.06941804,0.03311903,0.098993205,0.05098541,0.2917923,0.105155565,2.1415544,1.7207757,3.978785,0.021930648,0.027862718,0.07228858,0.036858514,0.04515931,0.020800386,0.71868265,0.019204391,4.347782,1.6243998,0.036366194,0.039771076,2024-04-06 20:43:00
2.3922274,0.13047647,3.921679,0.030375486,0.03030099,0.022717357,0.109204665,0.21425204,0.030917061,0.12138464,0.030174028,0.3607201,0.09182602,2.482151,1.8313694,3.9439206,0.004020976,0.02646424,0.08701492,0.03580302,0.043621596,0.01773446,0.77934635,0.019636558,4.203603,1.6622669,0.03571787,0.015800858,2024-04-06 20:44:00
2.4586203,0.078372896,3.9364052,0.028839314,0.03377751,0.021652084,0.109680176,0.14487253,0.030342773,0.11776012,0.015047684,0.0938556,0.09556273,2.1303966,1.8256124,3.90198,0.033555564,0.032523073,0.08831331,0.044824686,0.054276057,0.035170916,0.76449865,0.038018208,4.3449216,1.6832179,0.03314937,0.036580045,2024-04-06 20:45:00
2.3428373,0.07620449,3.9936068,0.02617232,0.028399466,0.02163157,0.05543632,0.13621546,0.029556524,0.053611986,0.049924415,0.07769162,0.09837553,2.127542,1.9595199,3.847507,0.030871479,0.02932838,0.09133854,0.04481924,0.05145112,0.029768826,0.7328387,0.05057052,4.328586,1.6387141,0.04353843,0.034398545,2024-04-06 20:46:00
2.4062002,0.049937755,4.0897384,0.032815427,0.0159038,0.025903096,0.06480661,0.074665144,0.01571391,0.053410433,0.04422879,0.26847667,0.08497553,2.1027815,1.8265247,3.9055452,0.03354002,0.028587729,0.057633504,0.04364155,0.052705407,0.019504946,0.74293584,0.033995014,4.3323636,1.6460326,0.022484783,0.03959928,2024-04-06 20:47:00
2.4045622,0.052599207,3.98294,0.04423041,0.030503267,0.019388584,0.08212062,0.08832381,0.059252534,0.043967813,0.036037814,0.21421756,0.11099727,2.1078126,1.6895419,3.9085267,0.017701183,0.046364803,0.071032554,0.036072318,0.03672937,0.010611031,0.7212578,0.026734447,4.2448316,1.6448298,0.025737843,0.03994197,2024-04-06 20:48:00
2.3484223,0.05193201,3.9341261,0.025124539,0.02546263,0.020985952,0.084248535,0.09077641,0.029345715,0.04042941,0.028334832,0.35272557,0.19504496,2.1962295,1.7241558,4.259201,0.004677207,0.037155103,0.08625794,0.03563031,0.050593447,0.0075843087,0.8263035,0.05848442,4.2234106,1.6672189,0.03381267,0.03139756,2024-04-06 20:49:00
2.312568,0.050745495,4.143248,0.016395705,0.027361624,0.05153408,0.23330586,0.08503789,0.022525324,0.043812845,0.022368763,0.3516981,0.118320026,2.1886823,1.8880087,3.8053122,0.023282688,0.030537874,0.07726685,0.05190694,0.06995052,0.033424225,0.75435567,0.023759533,4.4764857,1.7245474,0.046456736,0.03946277,2024-04-06 20:50:00
2.307315,0.049369738,3.9486969,0.02820576,0.034646437,0.019981587,0.13302901,0.07421944,0.02554397,0.047349703,0.043264437,0.21790604,0.08170321,2.4856453,1.8921845,3.8388686,0.008262168,0.03413662,0.07380742,0.036284547,0.043412086,0.024847891,0.6870576,0.023603853,4.1572566,1.7121366,0.03193797,0.037099805,2024-04-06 20:51:00
2.3116832,0.05691196,4.0900726,0.017732497,0.019661916,0.02172721,0.2425708,0.17579995,0.025382124,0.06181877,0.042801194,0.0784175,0.05199217,2.1126406,1.8147801,3.823852,0.03721191,0.038060285,0.07300678,0.045193996,0.038943328,0.020524714,0.7117588,0.018477332,4.2450967,1.687726,0.03384213,0.039664876,2024-04-06 20:52:00
2.3701134,0.0579658,4.122439,0.01766208,0.024408795,0.027717717,0.1578828,0.08232803,0.02857959,0.074661985,0.029348575,0.35137773,0.12063366,2.4802828,1.5968167,4.0042024,0.032009393,0.03314184,0.061941255,0.04483364,0.04437652,0.015079668,0.81027627,0.014201252,4.4778175,1.6909666,0.020345235,0.043779604,2024-04-06 20:53:00
2.3269844,0.051189706,4.1901913,0.024569059,0.025633994,0.027553275,0.27471086,0.10034568,0.025368856,0.041369,0.01855574,0.36683792,0.13950151,2.0857933,1.6894165,4.1019607,0.026909593,0.029715905,0.059948776,0.04648792,0.034804184,0.026857603,0.715622,0.021237668,4.458875,1.6841757,0.064016365,0.03775125,2024-04-06 20:54:00
2.306548,0.051863916,4.0549536,0.04668287,0.018467065,0.019463329,0.19033943,0.09406299,0.018104324,0.08297023,0.029163541,0.19653226,0.113060184,2.0695364,1.7092324,3.9734411,0.017359588,0.02821741,0.07458812,0.044831607,0.04614376,0.018885834,0.94188416,0.13144748,4.459529,1.6946189,0.039390463,0.03496188,2024-04-06 20:55:00
2.4204156,0.06678054,4.1558714,0.027009482,0.019072808,0.025644738,0.33556,0.13076594,0.034312107,0.060300067,0.056814127,0.22994673,0.13121197,2.477013,1.811711,3.9068255,0.04464876,0.029657736,0.056110952,0.04375056,0.047300477,0.022657588,0.70564514,0.01705897,4.433496,1.6754297,0.02419669,0.03897463,2024-04-06 20:56:00
2.3662317,0.05328516,4.223352,0.02207778,0.019525178,0.023497324,0.2049268,0.07457565,0.018658984,0.054276716,0.057033297,0.19417527,0.18160193,2.160712,1.7927333,3.9332354,0.02433855,0.02448081,0.036226526,0.04345742,0.036020763,0.022397665,0.9932276,0.016329542,4.5677657,1.7127367,0.024086932,0.043070994,2024-04-06 20:57:00
2.3137822,0.14458877,4.055866,0.019926365,0.03360043,0.019990304,0.1501623,0.08718464,0.028465275,0.07436194,0.06645443,0.0986586,0.14418614,2.41116,1.8260118,3.903815,0.014343078,0.034044415,0.07644632,0.035519,0.04283129,0.015344293,0.69813687,0.018400183,4.4340878,1.6904277,0.04188294,0.034994096,2024-04-06 20:58:00
2.3092124,0.054870434,4.0704727,0.028578471,0.022244588,0.02039405,0.24957871,0.076773815,0.022660272,0.07836879,0.04591132,0.21338975,0.08134266,2.431106,1.850841,3.9122353,0.0117480075,0.025134536,0.06517222,0.035687108,0.04923836,0.014715873,0.7592136,0.0219749,4.4849315,1.6716794,0.033461917,0.025397068,2024-04-06 20:59:00
2.3074307,0.047949404,4.161788,0.029963512,0.029335717,0.017536758,0.1655249,0.121933416,0.028630197,0.083040565,0.10578557,0.21986592,0.06178814,2.1085322,1.8769494,4.069297,0.02124953,0.030242398,0.057098657,0.053404145,0.03581966,0.020170603,0.6838147,0.034579437,4.614605,1.6827434,0.04431174,0.07956829,2024-04-06 21:00:00
2.3098745,0.066451095,4.59888,0.02405301,0.021465773,0.02108048,0.13307583,0.061041538,0.029383164,0.077389516,0.07304525,0.29727536,0.12613499,2.3784862,1.8755325,4.3427415,0.019958675,0.031105656,0.06550099,0.04706628,0.036143165,0.017260404,0.67213976,0.019326607,4.586726,1.6577826,0.025642907,0.016930472,2024-04-06 21:01:00
2.309109,0.0748415,4.4531965,0.027167812,0.024820503,0.02151881,0.13337526,0.06281349,0.030231094,0.060232524,0.06714656,0.0855342,0.13973315,2.1102576,1.9970669,4.2718,0.01600418,0.025867255,0.0569602,0.043690544,0.03732674,0.020836769,0.9115241,0.020058326,4.5176616,1.6532284,0.057142984,0.019477017,2024-04-06 21:02:00
2.3699987,0.049554646,4.283059,0.026028402,0.018947685,0.019305715,0.15185748,0.116794236,0.042840973,0.15176946,0.044070445,0.31728324,0.066801354,2.0935235,1.8947554,4.615417,0.018577505,0.026236717,0.057003114,0.03604618,0.025880264,0.02245412,0.72944343,0.01952731,4.5600843,1.6619956,0.07180343,0.03442713,2024-04-06 21:03:00
2.3102424,0.046171505,4.298246,0.19798334,0.009217004,0.01583137,0.13457714,0.12474952,0.030068407,0.06745325,0.061541002,0.12912397,0.035993565,2.4577987,1.9372218,4.393589,0.023720842,0.026292289,0.05085119,0.046770908,0.04236258,0.02514566,0.692761,0.020561472,4.4907784,1.6402953,0.034708116,0.02774669,2024-04-06 21:04:00
2.3863268,0.049336534,4.275271,0.026171096,0.03343262,0.020968473,0.3711062,0.09517825,0.021918364,0.097025365,0.051236436,0.2508421,0.15648203,2.1277902,1.9627846,4.620776,0.01814031,0.038068324,0.05269229,0.038968448,0.033821456,0.0080953445,0.8837861,0.15717123,4.5349827,1.6194249,0.06804607,0.032755677,2024-04-06 21:05:00
2.3086174,0.04758277,4.2172327,0.021318989,0.012050579,0.029169433,0.16660787,0.061158095,0.031102143,0.043936506,0.022838134,0.11429747,0.10862821,2.1269588,1.9434484,4.4301763,0.030501667,0.03820513,0.052348606,0.04013872,0.032521497,0.028479131,0.6447469,0.034970824,4.5026326,1.6171383,0.030965347,0.035123974,2024-04-06 21:06:00
2.31098,0.049823746,4.3005714,0.020829273,0.017271323,0.023264943,0.17289479,0.17553073,0.017051565,0.07888959,0.04463923,0.34333184,0.0948798,2.137062,1.8012451,4.598566,0.019218724,0.031115467,0.057906695,0.040994614,0.029162724,0.019709362,0.9837597,0.02927212,4.647867,1.6249577,0.032875203,0.03790095,2024-04-06 21:07:00
2.2774467,0.06422775,4.266498,0.027133124,0.019717911,0.025000425,0.17943223,0.085173525,0.016439881,0.035636924,0.032205343,0.29110906,0.08859486,2.4768035,1.7678845,4.9076657,0.023709362,0.031164097,0.047327004,0.044824284,0.03635903,0.030104544,0.9415048,0.017913433,4.5008144,1.6895486,0.04154188,0.03926589,2024-04-06 21:08:00
2.2891846,0.050787095,4.3675117,0.03191336,0.025725778,0.016976712,0.38924724,0.07564812,0.020996703,0.064635575,0.040367097,0.29356658,0.12656178,2.1006727,1.7972506,4.655511,0.019200385,0.03235061,0.030313244,0.044839736,0.046012748,0.031096425,0.9374621,0.019807601,4.59958,1.6442428,0.07832785,0.037797343,2024-04-06 21:09:00
2.273125,0.046351723,4.2468176,0.032511387,0.023506861,0.024620814,0.13821732,0.123887286,0.043969944,0.08824093,0.027909735,0.20837407,0.14143234,2.0967364,1.8870771,4.4876137,0.008227508,0.03430396,0.051589884,0.04485495,0.026931271,0.025132217,0.70092434,0.046662353,4.7147555,1.6828163,0.03449713,0.036407627,2024-04-06 21:10:00
2.2746289,0.04930054,4.3757524,0.21619609,0.028259069,0.022314504,0.1503462,0.18615367,0.014646694,0.058129888,0.023365255,0.17800795,0.04252897,2.129329,1.875352,4.5983467,0.019738806,0.030451348,0.049348168,0.03938333,0.036254056,0.01820009,0.9118663,0.024155002,4.5360394,1.6748196,0.035186,0.03803947,2024-04-06 21:11:00
2.275356,0.050075322,4.316873,0.040441047,0.023759918,0.024133855,0.14974067,0.08474881,0.028965255,0.08252117,0.042030882,0.18425727,0.0872959,2.252367,1.8571016,4.421425,0.03553609,0.0317875,0.054282434,0.04495229,0.09289515,0.015717791,0.6520539,0.02073681,4.4918246,1.6556584,0.037296582,0.03751821,2024-04-06 21:12:00
2.326967,0.057849545,4.2310925,0.019530356,0.016363576,0.033294942,0.15768188,0.07323747,0.027492806,0.041802835,0.033729017,0.2265272,0.060446586,2.1115956,1.7771329,4.4596334,0.02267639,0.02678385,0.046668917,0.037176732,0.039121985,0.03736931,0.67314136,0.027450405,4.5801606,1.730019,0.029052395,0.04307674,2024-04-06 21:13:00
2.3181188,0.048891656,3.974,0.020163085,0.021146612,0.021120403,0.17919326,0.10315056,0.021141019,0.04296442,0.047221284,0.3652025,0.058624357,2.082084,1.7596397,4.483062,0.020154327,0.03006126,0.031356066,0.036498822,0.048678022,0.0540312,0.8190152,0.03404452,4.4761596,1.633363,0.046311487,0.04091342,2024-04-06 21:14:00
2.4985142,0.05641772,3.9580696,0.17324756,0.022327663,0.01700387,0.13695376,0.07333048,0.02307837,0.05712019,0.04899933,0.43952078,0.032834835,2.1616378,1.7489269,4.636026,0.026777579,0.023883538,0.053557016,0.03632766,0.028393991,0.02107274,0.7489378,0.021624846,4.526934,1.6143265,0.033585437,0.040255718,2024-04-06 21:15:00
2.346929,0.05470687,3.9273758,0.037808288,0.026592597,0.02473746,0.47928175,0.06986707,0.029872008,0.07228932,0.028151264,0.34735474,0.03665045,2.10334,1.7781641,4.488707,0.0152824065,0.018618,0.04713152,0.04494346,0.030296244,0.019452594,0.7270327,0.02297295,4.5593324,1.6344362,0.033198096,0.03984069,2024-04-06 21:16:00
2.227028,0.056438826,3.8341322,0.027276445,0.023702594,0.02820838,0.13880184,0.06594459,0.030327149,0.06469854,0.029015217,0.11170248,0.074730866,2.4808967,1.8243667,4.422161,0.023357471,0.02838384,0.051495217,0.0448241,0.035856474,0.0128206,0.6819526,0.03981473,4.5857167,1.6445631,0.032666054,0.09955437,2024-04-06 21:17:00
2.2872307,0.05195251,3.807752,0.02129941,0.019774329,0.028769633,0.14823882,0.15438157,0.1765459,0.046425875,0.04111495,0.27069026,0.067610875,2.1249785,1.7668865,4.3734975,0.008636046,0.024041537,0.046290364,0.044860795,0.047408808,0.020346915,0.8279858,0.022776427,4.6215405,1.6455145,0.025396265,0.040152494,2024-04-06 21:18:00
1.8539894,0.07343008,3.852482,0.02271705,0.023374386,0.024146624,0.16513269,0.053461373,0.030187147,0.06016149,0.04513579,0.25392196,0.08847501,2.1355731,1.8898652,4.2849693,0.03463759,0.02276523,0.046392962,0.03597512,0.03831331,0.021309378,0.7351811,0.025130862,4.634479,1.6180394,0.03355776,0.045109827,2024-04-06 21:19:00
1.8876531,0.048839398,3.789715,0.01876832,0.018914245,0.024156237,0.24038854,0.0844745,0.01732384,0.06771602,0.044227332,0.12885122,0.12818138,2.1602728,1.7914515,4.022552,0.011973445,0.025331156,0.05581698,0.045320682,0.04045026,0.033778593,0.7039919,0.06501579,4.589466,1.644625,0.020481603,0.036646515,2024-04-06 21:20:00
1.8877575,0.057198167,3.8078387,0.02201635,0.020339096,0.025934933,0.17935032,0.11736965,0.03493141,0.07947095,0.039941277,0.42816114,0.03377653,2.1845,1.8354207,3.8677652,0.00747227,0.032292582,0.054767355,0.036734343,0.043042123,0.022607312,0.72819674,0.021262998,4.5518727,1.6735648,0.025105143,0.049231123,2024-04-06 21:21:00
1.5141084,0.052003894,3.732934,0.022088766,0.018715672,0.024748972,0.1840805,0.07361133,0.0339486,0.07220552,0.04279756,0.2788726,0.0944711,2.117905,1.7355846,3.7808657,0.027125854,0.034810264,0.06166272,0.043297376,0.040596828,0.020696353,0.67761725,0.030187339,4.5724697,1.6703007,0.030758353,0.04094638,2024-04-06 21:22:00
1.5075271,0.09596751,3.7665803,0.027898166,0.018564606,0.029727852,0.16658868,0.06921457,0.022632528,0.050268076,0.03180819,0.32135746,0.19274023,2.4654603,1.8114332,3.9780276,0.014890771,0.019536529,0.061596002,0.03635571,0.03289676,0.019004574,0.7159602,0.019136786,4.629614,1.6517543,0.03401009,0.035933048,2024-04-06 21:23:00
1.583072,0.052433133,3.6859279,0.028916297,0.031545836,0.022095473,0.15067923,0.13166207,0.030287934,0.046959408,0.039440695,0.3180499,0.12382487,2.1053903,1.7592866,3.9949892,0.038554717,0.036784872,0.06602134,0.037110794,0.036801673,0.021626823,0.6747926,0.0324192,4.530159,1.671303,0.03373121,0.038747974,2024-04-06 21:24:00
1.5098412,0.05603919,3.6867287,0.021597711,0.019396527,0.022388967,0.1493252,0.14182094,0.029855318,0.12449568,0.0150119765,0.2863654,0.04015274,2.3047493,1.7961242,4.139618,0.019122837,0.033433612,0.060626656,0.043256655,0.037906367,0.02866661,0.6849034,0.024526173,4.5251617,1.6643795,0.04086415,0.040028226,2024-04-06 21:25:00
1.5130092,0.05008702,3.7310047,0.021520356,0.020555489,0.023932062,0.14384854,0.07994362,0.0294566,0.06112068,0.034883924,0.24737653,0.17423639,2.1393385,1.7664926,4.2583404,0.020355828,0.03003881,0.058664955,0.036021333,0.037683703,0.079390235,0.6815338,0.056706045,4.5497246,1.6764857,0.06306755,0.03656105,2024-04-06 21:26:00
1.5104624,0.04566503,3.7014022,0.019462228,0.017860625,0.0197715,0.161502,0.09012545,0.029555256,0.07103956,0.041891214,0.30098915,0.06901546,2.1005137,1.7986733,4.208269,0.013497974,0.03619345,0.05710894,0.035923276,0.03551673,0.023608575,0.67675143,0.01659676,4.5101466,1.6954645,0.03513986,0.03620809,2024-04-06 21:27:00
1.5133356,0.0829574,3.756224,0.03733645,0.032951854,0.023143452,0.33217388,0.080739394,0.0300001,0.059522096,0.02354985,0.37761045,0.09629545,2.134852,1.8348979,4.287002,0.01543707,0.029737877,0.042447165,0.036159992,0.033020142,0.021866519,0.7427131,0.05654269,4.643033,1.7549117,0.03191834,0.032427162,2024-04-06 21:28:00
1.4933863,0.04934959,3.75631,0.020182677,0.026702845,0.022681903,0.33698112,0.12363916,0.021645522,0.0801051,0.031669118,0.2919384,0.12812515,2.0226398,1.8952018,4.163603,0.025091682,0.026256017,0.04675237,0.054806087,0.0390222,0.01954276,1.004577,0.019014116,4.642609,1.6525545,0.032574322,0.038903683,2024-04-06 21:29:00
1.4790039,0.1250836,3.761297,0.024720443,0.01881926,0.021659669,0.15237343,0.1633959,0.030652057,0.05537647,0.044000555,0.22219364,0.03676296,2.1150231,2.0387523,4.197335,0.0108304685,0.024726758,0.0462628,0.044840056,0.03842066,0.01696002,0.7095656,0.02006834,4.6240044,1.6437773,0.08396775,0.04388735,2024-04-06 21:30:00
1.4760801,0.07896698,3.7412064,0.028554767,0.01853385,0.025655746,0.1553411,0.07995871,0.025766872,0.09553669,0.04498028,0.29821774,0.09726688,2.1219318,2.0324724,4.144829,0.023791028,0.026562233,0.044764977,0.036033697,0.03456713,0.017366743,0.94935894,0.020676503,4.5841403,1.6412708,0.044274613,0.034825295,2024-04-06 21:31:00
1.4759041,0.056781147,3.7269714,0.030981347,0.041499235,0.023220804,0.14677587,0.18348609,0.030640304,0.05999315,0.04042601,0.15752473,0.07829549,2.1257873,2.1154976,4.1834726,0.06502615,0.02542076,0.056672405,0.04481491,0.036297154,0.021767002,0.7101426,0.028699305,4.5851855,1.5847839,0.039835624,0.0380273,2024-04-06 21:32:00
1.4751946,0.089459166,3.7692091,0.036557496,0.036072545,0.017624607,0.15957238,0.0802092,0.030649727,0.0633259,0.04043558,0.38661432,0.11890689,2.2104177,2.0292416,4.2832,0.0104648685,0.023669751,0.049220446,0.04485509,0.03555338,0.015362346,0.67244697,0.024949951,4.7013144,1.5585054,0.042853724,0.036588103,2024-04-06 21:33:00
1.5432444,0.054053012,3.815081,0.023876123,0.016112022,0.019943357,0.14853017,0.057341404,0.030966934,0.046988286,0.048024222,0.074360915,0.079065874,2.1489656,2.0110755,4.145498,0.008563923,0.030963153,0.044026773,0.04500624,0.036992013,0.020774996,0.69223624,0.01851559,4.7063622,1.5085225,0.036920432,0.0356743,2024-04-06 21:34:00
1.4724666,0.05699695,3.7695158,0.02085706,0.020340703,0.02499785,0.19695221,0.069368094,0.030460907,0.052311145,0.029481746,0.26745218,0.09148779,2.4448383,1.9957359,4.216493,0.015242157,0.02889246,0.04368186,0.03571911,0.04073714,0.0194661,0.6429489,0.018221341,4.7207885,1.4790518,0.03252256,0.035976335,2024-04-06 21:35:00
1.4734943,0.04963753,3.7554483,0.03186392,0.020550007,0.02363519,0.1532533,0.18862984,0.026225975,0.07714831,0.05093543,0.2909599,0.08389345,2.483645,1.9598635,4.199502,0.0067925313,0.03606192,0.04232535,0.03549749,0.03576564,0.029315002,0.9019069,0.08701518,4.7359276,1.4666029,0.117965646,0.036506277,2024-04-06 21:36:00
1.4764543,0.07972899,3.8088977,0.03443084,0.030380512,0.019443365,0.18586443,0.06911959,0.029660834,0.05422748,0.043739744,0.09881138,0.12492823,2.1072226,1.9351429,4.2889876,0.01831404,0.030621083,0.04358248,0.036121402,0.037197195,0.03389731,0.7007217,0.013070095,4.864153,1.5189369,0.037498534,0.03531306,2024-04-06 21:37:00
1.4787887,0.04943423,3.8313863,0.037145026,0.02890118,0.024723977,0.14116772,0.076543614,0.021588314,0.057218187,0.03755949,0.37271234,0.085579544,2.117054,1.9222709,4.2933345,0.010360676,0.023926653,0.049510647,0.047067646,0.04436247,0.018437594,0.71845126,0.019633017,4.7571983,1.503685,0.031280488,0.03541593,2024-04-06 21:38:00
1.5592526,0.1215945,3.7538745,0.02735868,0.020266663,0.021237353,0.16921054,0.07311769,0.025429187,0.056510538,0.032545567,0.11748755,0.08072062,2.1667836,1.9929979,4.2385015,0.010390783,0.023505755,0.048388872,0.036886755,0.029252538,0.018597685,1.0496274,0.015746579,4.88142,1.5039549,0.03348012,0.035067398,2024-04-06 21:39:00
1.4760439,0.13930638,3.793605,0.034381106,0.024652861,0.046276063,0.6629505,0.06359238,0.021098273,0.04350981,0.015840072,0.25766915,0.033785563,2.1031678,2.1203618,4.2527766,0.023377892,0.025183698,0.039121225,0.03908845,0.029595463,0.020269379,1.0065998,0.026696716,5.105127,1.5091084,0.034372594,0.03661748,2024-04-06 21:40:00
1.4771049,0.09070406,3.755137,0.025419356,0.016590152,0.020983934,0.14980836,0.15473214,0.021533677,0.07000292,0.044510562,0.15193684,0.050026547,2.114235,2.1652005,4.204013,0.013662015,0.033035822,0.04456836,0.036178343,0.0362233,0.030804725,0.9885967,0.035394847,5.0202103,1.5683391,0.05808385,0.038183138,2024-04-06 21:41:00
1.478939,0.05338927,3.79201,0.019766992,0.017621862,0.030098656,0.17463267,0.076427996,0.02249172,0.0337289,0.030314578,0.13986038,0.17408568,2.136769,2.1810038,4.320932,0.013456642,0.031039082,0.043707684,0.040260047,0.058076624,0.03491487,0.9587863,0.01892967,5.0386086,1.5625125,0.035157092,0.03717088,2024-04-06 21:42:00
1.4413326,0.050700832,3.8242216,0.044854857,0.017745938,0.03667292,0.19059108,0.069244325,0.034321837,0.1258748,0.029457167,0.3937861,0.039632596,2.457662,2.1779835,4.3744507,0.025509046,0.03859959,0.0453377,0.03586457,0.03615171,0.024088614,0.99618876,0.027651614,4.875934,1.5561621,0.04307867,0.039293237,2024-04-06 21:43:00
1.4381175,0.049965087,3.7714276,0.027868882,0.031045048,0.023270657,0.19611032,0.17727983,0.029629586,0.08083318,0.036171902,0.14013454,0.1016122,2.1498456,2.1573055,4.336068,0.018039899,0.025316706,0.04506597,0.04482959,0.03677658,0.015677724,1.0008936,0.030563066,5.0784135,1.5497286,0.04149923,0.03905505,2024-04-06 21:44:00
1.4409324,0.06638351,3.834072,0.028518919,0.013987761,0.021497812,0.16230477,0.10613203,0.030428236,0.048349947,0.032656275,0.27503762,0.047460772,2.1339047,2.222506,4.1764846,0.017052485,0.02448305,0.049896855,0.03608721,0.07360627,0.05976151,0.7268071,0.020721607,4.8953476,1.5348476,0.025690235,0.034318276,2024-04-06 21:45:00
1.4473718,0.053441428,3.9529262,0.012076625,0.027987765,0.031457882,0.16272461,0.07252504,0.029442426,0.057696026,0.037774242,0.2862868,0.12924281,2.195638,2.121897,4.1618214,0.017558252,0.03392344,0.042590562,0.04507116,0.037510857,0.020180078,0.92387587,0.019627333,4.938144,1.5696146,0.025446089,0.035715915,2024-04-06 21:46:00
1.4134562,0.04699306,3.963996,0.024006246,0.023091335,0.026331415,0.18402395,0.11982179,0.018878497,0.10091885,0.018411934,0.24910177,0.14828475,2.1594625,2.12683,4.1338015,0.015870288,0.023338113,0.02998475,0.03807439,0.036428444,0.023134729,0.8661611,0.025987182,5.008047,1.621495,0.028327826,0.042286992,2024-04-06 21:47:00
1.4099578,0.10664801,3.9327784,0.021446101,0.027183803,0.030926662,0.19237758,0.1045197,0.019185975,0.09213718,0.040341463,0.23459098,0.049106035,2.51076,2.117369,4.078022,0.037859645,0.027114075,0.055093456,0.044836964,0.035502784,0.020356162,0.9000446,0.019285243,4.8410487,1.6095592,0.057673037,0.043617584,2024-04-06 21:48:00
1.4061137,0.05085174,3.8734593,0.01765506,0.021917012,0.01797049,0.15613471,0.088107616,0.029780786,0.057826996,0.030059412,0.24099132,0.023434075,2.1407235,2.1564846,4.238994,0.03165558,0.026677143,0.050473087,0.044989135,0.038736228,0.027233308,0.8826271,0.020150494,4.5072103,1.5445114,0.032748744,0.044108205,2024-04-06 21:49:00
1.404155,0.1144472,4.000536,0.018794494,0.02365463,0.026399976,0.14830981,0.06715886,0.021886814,0.0548711,0.05102116,0.26766083,0.053946733,2.1608696,1.9889998,4.04396,0.023760812,0.027383976,0.07721913,0.044788428,0.036725778,0.04024312,0.8814845,0.042692725,4.1289344,1.5350702,0.036509756,0.03445353,2024-04-06 21:50:00
1.4089478,0.05454586,3.819201,0.019903896,0.025676489,0.021762937,0.16016278,0.12496373,0.026100263,0.03970949,0.021983154,0.19218585,0.084871754,2.3201642,1.8864105,3.8241014,0.021016847,0.03575324,0.07649141,0.04482849,0.036459275,0.024257267,1.034086,0.03538414,3.896067,1.5233146,0.033759955,0.03610298,2024-04-06 21:51:00
1.4072839,0.053607594,3.9072134,0.19521388,0.027745003,0.023052111,0.1559686,0.16572143,0.028881757,0.052491114,0.044704434,0.31600052,0.027684437,2.4972372,1.934856,3.7634804,0.01569846,0.026657224,0.055657145,0.045532096,0.038174715,0.02045421,0.72227746,0.020174716,4.009741,1.4240823,0.04469298,0.032471582,2024-04-06 21:52:00
1.5818701,0.051992424,3.8679593,0.03422972,0.021761477,0.018898016,0.1570154,0.12619682,0.0290003,0.057341743,0.067001835,0.25010717,0.079412475,2.1707702,1.8921112,3.6308954,0.024759123,0.019765858,0.07225685,0.04484073,0.04348158,0.019653201,0.74384165,0.04824267,3.9833643,1.4235955,0.07334873,0.04786745,2024-04-06 21:53:00
1.5531603,0.05129838,3.9145098,0.018169103,0.023372376,0.06256373,0.15682197,0.07214337,0.026683068,0.061203055,0.047168568,0.24970978,0.04188589,2.479354,1.9641981,3.6528535,0.023007713,0.026511284,0.07245174,0.04490659,0.038422115,0.018398276,1.0246556,0.02574254,4.0114245,1.4318306,0.037030846,0.009366195,2024-04-06 21:54:00
1.5520858,0.04786867,3.9251916,0.027698606,0.025690855,0.016965272,0.23708488,0.122179896,0.033756465,0.052625306,0.06788784,0.08677909,0.11219593,2.1894429,1.9071565,3.673909,0.017394619,0.035439786,0.08544289,0.037193187,0.04338,0.02414795,0.74802065,0.0160606,4.047274,1.4447958,0.03329516,0.05502352,2024-04-06 21:55:00
1.551021,0.086405315,3.9893053,0.029828109,0.034962863,0.03144186,0.18607886,0.0777594,0.029156368,0.05215724,0.06747573,0.2602412,0.083233416,2.155766,1.9082066,3.6199775,0.03127268,0.029503485,0.08524189,0.06918292,0.046403613,0.029069817,0.9736721,0.022650253,4.360751,1.4803201,0.03343076,0.03901118,2024-04-06 21:56:00
1.5539938,0.07096457,3.8972538,0.020260464,0.021055859,0.025669795,0.288937,0.09021886,0.03011074,0.06554271,0.057212584,0.36699414,0.027953934,2.4020581,1.9153112,3.4897618,0.011812582,0.02730963,0.08405211,0.0456754,0.0390355,0.013744518,0.8110204,0.02396626,4.163801,1.466002,0.044377137,0.038104314,2024-04-06 21:57:00
1.5520996,0.05757871,3.9805055,0.027536182,0.027971938,0.026651816,0.2359224,0.060897578,0.019476945,0.107017316,0.06642373,0.15698661,0.06522122,2.1732628,1.8503813,3.5930848,0.018727751,0.019837266,0.056044117,0.044470172,0.043217666,0.030081468,0.7515889,0.025863973,4.3166466,1.4789839,0.034410253,0.028737905,2024-04-06 21:58:00
1.553324,0.06570856,3.9467192,0.030926483,0.021491082,0.0186627,0.16139442,0.0945421,0.020424085,0.05389856,0.029459013,0.19395618,0.059257533,2.2026997,1.8777618,3.544236,0.023795564,0.02825516,0.07077685,0.036094416,0.033066694,0.02121409,0.9666217,0.014593437,4.34538,1.4281425,0.031901315,0.023289446,2024-04-06 21:59:00
1.5568401,0.05323409,3.9045434,0.028606804,0.018541126,0.01861965,0.22596757,0.10374717,0.022620726,0.07151018,0.053327147,0.075753435,0.09607216,2.4767582,1.8715888,3.6384304,0.016854156,0.04041614,0.06811037,0.035635326,0.03943322,0.016961586,0.9348082,0.037022267,4.275974,1.4361073,0.039751556,0.023473443,2024-04-06 22:00:00
1.554751,0.0605056,3.8894837,0.020038962,0.021079943,0.0345995,0.15439823,0.07808923,0.027128952,0.049827337,0.04108337,0.28701416,0.018674992,2.5100312,1.8744842,3.621261,0.014686824,0.025558261,0.07170836,0.04988548,0.03488795,0.026710246,0.6735316,0.021140749,4.3343744,1.4297266,0.12349716,0.8360499,2024-04-06 22:01:00
1.5538901,0.053605944,4.000042,0.021094024,0.022058064,0.02056725,0.24000724,0.07325576,0.035411566,0.03954776,0.033783466,0.3194287,0.13695678,2.2063637,1.631128,3.8212228,0.018780198,0.02659675,0.040832076,0.04015351,0.04673438,0.14684027,0.9637149,0.016503308,4.2781124,1.4804072,0.0484521,0.06377056,2024-04-06 22:02:00
1.5616341,0.053726308,3.975966,0.027693704,0.03076212,0.018875498,0.3720331,0.17075291,0.025457332,0.07273785,0.058813613,0.18422312,0.052943803,2.454502,1.6031462,3.7466586,0.02246218,0.03150013,0.075794935,0.044844754,0.037229326,0.024712412,0.69189155,0.011283101,4.4284625,1.4920566,0.03934066,0.03846707,2024-04-06 22:03:00
1.5655105,0.05312121,3.956283,0.01993036,0.026415586,0.017290728,0.17549373,0.07221087,0.030542094,0.051266156,0.037645657,0.23485906,0.11055442,2.1466267,1.6082202,3.8250086,0.021024456,0.045800544,0.07626732,0.044874836,0.036931127,0.021467628,0.72699773,0.06026868,4.366976,1.4804482,0.025065862,0.036576062,2024-04-06 22:04:00
1.5632427,0.0510386,4.0349097,0.021631053,0.024654465,0.021192791,0.1754605,0.066282764,0.027438559,0.04950437,0.06146326,0.22628073,0.061083738,2.2096276,1.5666434,3.8463953,0.016501984,0.024390468,0.06234457,0.036498427,0.036419444,0.023034962,0.73686,0.023966348,4.3843837,1.5239626,0.10738781,0.0343899,2024-04-06 22:05:00
1.5666933,0.056871794,3.9819756,0.03719254,0.023799036,0.020519273,0.16848524,0.27078435,0.021399964,0.15467153,0.062580585,0.29630974,0.10253003,2.1798122,1.6982743,3.8967385,0.013203169,0.028850961,0.053140447,0.045094028,0.030391065,0.019335372,0.6791612,0.019366823,4.4230185,1.5043087,0.03947325,0.03478278,2024-04-06 22:06:00
1.6315079,0.051818863,3.9910326,0.09042154,0.02418606,0.015181406,0.16316682,0.07699891,0.0288426,0.04580426,0.056532968,0.09796423,0.073472716,2.1692562,1.6813715,3.880745,0.012523369,0.025247758,0.073754795,0.03571282,0.036332577,0.0145760365,0.74642134,0.020508626,4.439932,1.5425147,0.061291,0.035563566,2024-04-06 22:07:00
1.637923,0.055619456,4.167124,0.031202085,0.023160094,0.026611287,0.21241246,0.083146065,0.023851773,0.058319833,0.05956154,0.28329754,0.105337195,2.4688628,1.7594159,3.8946168,0.008610218,0.029325893,0.061022893,0.040035196,0.032677084,0.02082048,0.7829307,0.022724839,4.318977,1.5843911,0.027629474,0.038853675,2024-04-06 22:08:00
1.5634431,0.07184093,4.057557,0.024018925,0.024911445,0.023786895,0.20734824,0.11531931,0.02606737,0.06895101,0.050196555,0.27462962,0.050929982,2.2008126,1.8517432,3.84509,0.046339545,0.037255105,0.080554046,0.04739089,0.03814128,0.028543258,0.75243837,0.033650074,4.391969,1.5721805,0.042298093,0.044726085,2024-04-06 22:09:00
1.5662471,0.0507044,4.0297837,0.022153422,0.02463697,0.023773972,0.4050817,0.07057985,0.022573717,0.08972319,0.042187408,0.24860133,0.12533683,2.3836544,1.8316591,3.8103368,0.010173793,0.04490223,0.08032208,0.044943314,0.035712395,0.02707691,1.0245248,0.025287777,4.512373,1.5729706,0.047353934,0.036186032,2024-04-06 22:10:00
1.6347703,0.05929498,4.193064,0.025940664,0.017922316,0.019010896,0.1676796,0.07906844,0.039999794,0.0397679,0.06229763,0.17295264,0.08836417,2.183713,1.8393246,3.9262295,0.01887748,0.028728338,0.07377857,0.048894227,0.033959784,0.018151874,0.7357963,0.01589252,4.6427703,1.6134627,0.044436924,0.036782246,2024-04-06 22:11:00
1.5653951,0.056508746,4.3896775,0.029948737,0.022645142,0.027251735,0.26028627,0.172064,0.039711036,0.09340752,0.05297307,0.34280473,0.12512746,2.1495733,1.9867282,3.9514656,0.02204832,0.02557594,0.13521051,0.04491567,0.0358355,0.019577408,0.95116866,0.021933107,4.5509005,1.6027288,0.03284523,0.0412161,2024-04-06 22:12:00
1.5584478,0.14022513,4.325115,0.031397454,0.019705806,0.020356428,0.24756621,0.06986959,0.030874377,0.044302613,0.054637738,0.36699963,0.09772382,2.1698983,1.8955835,4.080796,0.018340735,0.029840574,0.05990842,0.03606372,0.039616883,0.035681415,0.8113591,0.030459443,4.8707504,1.6328565,0.039683353,0.06604508,2024-04-06 22:13:00
1.6284196,0.057763226,4.2108326,0.02032965,0.020477477,0.020471746,0.18080601,0.06717546,0.028976275,0.070386685,0.031018289,0.3721793,0.07554746,2.4001486,1.8663363,4.018312,0.015897285,0.026727723,0.09070365,0.036253672,0.036732998,0.027472826,1.001362,0.023149405,4.723307,1.6030426,0.028203128,0.039907113,2024-04-06 22:14:00
1.5636467,0.054979853,4.168951,0.18901801,0.03020476,0.025996145,0.16118404,0.058558583,0.030287957,0.066060975,0.042829197,0.40137923,0.14678699,2.3744698,1.887923,4.020947,0.01202347,0.02271123,0.090360105,0.042661466,0.037135214,0.016889963,0.70703197,0.02317082,4.80256,1.6099364,0.029626077,0.023998044,2024-04-06 22:15:00
1.5684154,0.13018124,4.109403,0.02356448,0.028610764,0.014320119,0.42752716,0.06606966,0.025145143,0.05055432,0.046673615,0.1988608,0.045019407,2.1422021,1.9356532,4.1148195,0.013214023,0.016851613,0.09517715,0.04540621,0.02687808,0.020585617,0.7395614,0.022163598,4.7619443,1.622452,0.039726336,0.035073567,2024-04-06 22:16:00
1.5906397,0.06439002,4.058322,0.029778577,0.025491532,0.023573954,0.2263852,0.18724415,0.03158272,0.05826357,0.045943633,0.277637,0.1285517,2.697639,1.8207712,4.0355587,0.03792133,0.023067705,0.09282619,0.044865143,0.037067734,0.02697363,0.7294438,0.017778296,4.893425,1.5838777,0.02936714,0.036091235,2024-04-06 22:17:00
1.5674325,0.056107536,4.1969433,0.023996266,0.029202158,0.02071476,0.2330467,0.0653399,0.020612804,0.051507007,0.04712474,0.39377075,0.19962363,2.5138109,1.6025842,4.265522,0.019896176,0.018822849,0.05097362,0.047316786,0.039142195,0.023398763,0.7257709,0.017364329,4.62469,1.5844363,0.023733387,0.03993979,2024-04-06 22:18:00
1.6286132,0.071669586,4.1483145,0.02857176,0.01898028,0.024446404,0.21264316,0.07154886,0.033819467,0.041927367,0.04330301,0.2107695,0.0976338,2.0805607,1.5967253,4.147407,0.015866505,0.02289955,0.05378423,0.04804033,0.036109455,0.020348242,0.74417305,0.023143664,4.423639,1.6113329,0.025413815,0.036218558,2024-04-06 22:19:00
1.6058358,0.061941966,4.0558057,0.016182618,0.026016196,0.020141326,0.21478693,0.06378172,0.018572245,0.04529501,0.038401004,0.25719178,0.072768666,2.1925201,1.5681095,4.255122,0.017929323,0.03269585,0.05814415,0.03786484,0.041468553,0.020759,0.7973804,0.021820398,4.623331,1.6831014,0.0446602,0.031556148,2024-04-06 22:20:00
1.6083206,0.05452806,4.1667004,0.029541025,0.017936954,0.02783266,0.18140024,0.06755559,0.02875884,0.07151538,0.071015306,0.18060534,0.16692297,2.2098198,1.6860852,4.039472,0.024749346,0.03517217,0.06592221,0.045371342,0.043047406,0.011064832,0.72726595,0.029627163,4.798781,1.6296608,0.035374988,0.03816163,2024-04-06 22:21:00
1.6086997,0.051183846,4.36918,0.029657839,0.016358899,0.021423211,0.17211914,0.088801436,0.02180177,0.119843505,0.051801655,0.20713803,0.036008347,2.1813593,1.6850351,3.8023248,0.010108069,0.02994473,0.059919752,0.04758259,0.037258316,0.020272965,1.0168546,0.018337673,4.8480344,1.5897354,0.03963038,0.03731133,2024-04-06 22:22:00
1.6102002,0.070493095,4.1518106,0.02132919,0.026499188,0.021002574,0.4538087,0.09818284,0.09402365,0.05743997,0.055215113,0.30141577,0.14360528,2.1658852,1.6603304,4.066763,0.026318032,0.02383157,0.05244022,0.044274684,0.025645044,0.022734946,1.0035203,0.025087405,4.580968,1.6154112,0.034711886,0.033311058,2024-04-06 22:23:00
1.6069899,0.056990284,4.1417475,0.033958293,0.021788437,0.025038289,0.17479868,0.06731322,0.028324988,0.032995436,0.055889837,0.08369347,0.06613017,2.2001252,1.6998166,3.8594408,0.015173955,0.027100148,0.046734244,0.046101697,0.037930544,0.034697887,0.7079189,0.02447211,4.5689054,1.6161126,0.033938453,0.035767004,2024-04-06 22:24:00
1.6055466,0.057704277,3.9558265,0.021108674,0.01630507,0.017757956,0.18374422,0.11713841,0.028423669,0.047019,0.03493213,0.21091123,0.079698406,2.141726,1.692231,3.884744,0.012990012,0.03230873,0.05709603,0.04648912,0.037444167,0.018583898,0.69138056,0.01715256,4.622416,1.6172278,0.03836647,0.11746816,2024-04-06 22:25:00
1.6082624,0.06316596,3.6494927,0.022914752,0.018169172,0.027435172,0.16948433,0.09927784,0.03261654,0.13387175,0.04573038,0.21538189,0.047352664,2.1795015,1.7213521,3.80996,0.017623806,0.035264306,0.057186276,0.044113502,0.03761802,0.02750906,0.96164376,0.016390279,4.49421,1.5921192,0.03533955,0.025896436,2024-04-06 22:26:00
1.6079776,0.12271284,3.6861076,0.018120226,0.02546555,0.031547386,0.2675357,0.119696885,0.05804691,0.06422279,0.053799234,0.074097194,0.066797785,2.1479428,1.7151494,3.5768309,0.03457357,0.029760607,0.06325946,0.04512577,0.034425847,0.02166389,0.69123787,0.025322597,4.6064205,1.5989959,0.041122254,0.061718922,2024-04-06 22:27:00
1.6061609,0.052382667,3.6744952,0.033898752,0.027650788,0.03108617,0.26074326,0.111658655,0.05008819,0.13010763,0.05576639,0.07896984,0.13078989,2.2011204,1.699732,3.5807378,0.037756793,0.036622256,0.059942015,0.045102563,0.036220923,0.01571516,0.7155823,0.034303874,4.496238,1.7001526,0.04303161,0.03987109,2024-04-06 22:28:00
1.6057558,0.053436648,3.8509052,0.036796995,0.017497603,0.02578012,0.22324812,0.06733913,0.028484596,0.051006228,0.052195907,0.33617476,0.053302407,2.150019,1.7476408,3.6673844,0.03950586,0.030867595,0.053264193,0.046031587,0.038288552,0.029906336,0.7351652,0.017821942,4.5980816,1.5921896,0.025226142,0.04027169,2024-04-06 22:29:00
1.6087265,0.07769971,3.9748514,0.031233888,0.023140335,0.048868425,0.22370227,0.07102066,0.06886313,0.10414351,0.050950658,0.22667639,0.073752195,2.173462,1.5491544,3.743523,0.022579374,0.031895276,0.050899986,0.06409003,0.045033447,0.03676201,0.9953557,0.040564388,4.7360435,1.5557463,0.034537096,0.033757646,2024-04-06 22:30:00
1.60201,0.052691273,3.8601153,0.020537501,0.034333274,0.020895531,0.23658334,0.06595428,0.031774007,0.0645406,0.05050366,0.27005523,0.083265536,2.2254674,1.5961504,3.610156,0.020106036,0.025767293,0.061005823,0.044874873,0.03666271,0.020111047,0.686694,0.020153847,4.6174636,1.5331923,0.033831835,0.03711372,2024-04-06 22:31:00
1.6091675,0.07717956,3.8778353,0.020905271,0.021352902,0.024878394,0.29968503,0.11672717,0.030282386,0.03841395,0.040872212,0.39216527,0.11768396,2.1571772,1.5672544,3.633719,0.01443299,0.01844444,0.05075143,0.04507571,0.03661007,0.019716088,0.7158334,0.022736061,4.6781707,1.3628075,0.033226907,0.04821484,2024-04-06 22:32:00
1.6417729,0.10927934,3.8651538,0.020461712,0.023253512,0.041635256,0.27373663,0.0685885,0.02196395,0.061136127,0.04328739,0.35387397,0.09104785,2.18022,1.6143649,3.6503193,0.018372152,0.019060029,0.04168362,0.03693557,0.042764507,0.02367738,0.7489842,0.019254293,4.662984,1.3632925,0.022677166,0.038889885,2024-04-06 22:33:00
1.6066958,0.075943716,3.9026625,0.029219985,0.022707801,0.020417605,0.25682488,0.073520206,0.02877872,0.04295596,0.048058912,0.2175465,0.11285741,2.1930597,1.5604149,3.637879,0.03822995,0.041646946,0.052960757,0.0464118,0.034626592,0.016803173,0.71370065,0.025790446,4.520328,1.2476962,0.034166627,0.054596197,2024-04-06 22:34:00
1.6044837,0.08221531,4.027481,0.024193797,0.02243495,0.048075665,0.23275805,0.13732328,0.028087523,0.051257297,0.045663036,0.28649446,0.15071684,2.2146962,1.5343876,3.8915179,0.036061075,0.031085031,0.036442585,0.04358629,0.034962367,0.020133909,0.7755796,0.025411496,4.602886,1.2578957,0.03919761,0.04079013,2024-04-06 22:35:00
1.6057005,0.051761534,3.9267812,0.027873497,0.021604106,0.023029871,0.23814188,0.076188475,0.031391636,0.060464922,0.071240894,0.39153516,0.05276413,2.5635924,1.5872601,3.723332,0.017007228,0.026034204,0.059307646,0.044846665,0.037904356,0.016603585,0.74921715,0.01752094,4.5131364,1.2783284,0.033956368,0.0362485,2024-04-06 22:36:00
1.6054595,0.05319761,4.0997176,0.02353553,0.024622388,0.022105722,0.47812453,0.055600855,0.027974775,0.041122988,0.05704702,0.28553683,0.13851601,2.173728,1.6149653,3.86069,0.021078583,0.028619586,0.054348595,0.03599743,0.035128538,0.017252218,1.0359867,0.018933933,4.6559896,1.2395121,0.08140911,0.03931845,2024-04-06 22:37:00
1.6344835,0.053241394,4.074671,0.034244303,0.020318547,0.023959335,0.24100095,0.16971534,0.039980948,0.045427576,0.08040304,0.09373318,0.062428746,2.2188632,1.6241593,3.7470706,0.03545696,0.03416953,0.03657006,0.04663367,0.027792895,0.01718088,0.8003657,0.019075284,4.653738,1.2237056,0.032523397,0.038188394,2024-04-06 22:38:00
1.6265998,0.058872983,3.9738948,0.020089086,0.025292613,0.017164705,0.38922045,0.15883233,0.020961529,0.07279049,0.10495793,0.27384344,0.13641135,2.1602173,1.7185721,3.8746355,0.007171494,0.028914416,0.074251965,0.03563427,0.043937035,0.021207603,0.7302219,0.02658241,4.5378175,1.2284414,0.024358599,0.038361557,2024-04-06 22:39:00
1.6420023,0.050660547,4.047781,0.017915707,0.023235397,0.036873154,0.28755602,0.061660893,0.017768994,0.058051802,0.14876696,0.31095162,0.10029553,2.179054,1.7084968,3.8186698,0.013159166,0.019488273,0.04285413,0.048947655,0.035930425,0.019976022,0.91516674,0.012993571,4.499323,1.250036,0.02428852,0.034542996,2024-04-06 22:40:00
1.6085706,0.10763839,3.9284031,0.026944872,0.026199643,0.029593004,0.26691958,0.08276367,0.018691488,0.07371215,0.13960832,0.21907184,0.1625202,2.166174,1.8481456,3.8055093,0.03216584,0.022056824,0.05641749,0.035812102,0.02883709,0.020279897,0.7283771,0.037983537,4.434907,1.2214913,0.02592881,0.048217565,2024-04-06 22:41:00
1.6107876,0.051316664,3.7875276,0.024182027,0.02788448,0.025872199,0.25777638,0.10395307,0.033480417,0.12968956,0.16556613,0.30180755,0.15242448,2.1413183,1.8533942,3.7931666,0.047859937,0.03426149,0.072372615,0.043966338,0.036933508,0.036384746,0.74040264,0.015278464,4.6446905,1.2863605,0.03463305,0.035933495,2024-04-06 22:42:00
1.5725187,0.05893657,3.9651098,0.027910752,0.017006574,0.019792844,0.4964961,0.14568047,0.019830849,0.05859274,0.04589561,0.38087112,0.028115824,2.1516087,1.7802031,3.767049,0.024995334,0.031932365,0.055931322,0.04442768,0.042036384,0.022351943,0.74942845,0.022361305,4.720006,1.2659057,0.056544468,0.039051197,2024-04-06 22:43:00
1.5774007,0.051228553,3.9694545,0.029850733,0.020726074,0.021435076,0.28947434,0.081544094,0.020923931,0.07066591,0.047900926,0.29813027,0.100974955,2.1486218,1.8572683,3.8218303,0.04964547,0.031667024,0.06408213,0.035887115,0.03478352,0.01930197,1.0278636,0.016006414,4.608612,1.292338,0.0272376,0.036394812,2024-04-06 22:44:00
1.6520417,0.0581928,4.146488,0.018562756,0.023624966,0.018654102,0.49479136,0.072859325,0.051495377,0.07101843,0.027083166,0.2584439,0.11491519,2.41306,1.8373008,3.861455,0.028701836,0.029729398,0.041041464,0.035709064,0.053660948,0.022454947,1.0264571,0.016662318,4.568627,1.2775,0.08922532,0.03889377,2024-04-06 22:45:00
1.5812341,0.050998036,3.9969847,0.022498494,0.021676762,0.019067757,0.26175883,0.1457912,0.031428717,0.06413046,0.03131726,0.13956194,0.2010647,2.177283,1.8765048,3.9413238,0.017096383,0.03306118,0.061400007,0.041430894,0.038642928,0.025500527,0.92135286,0.019513123,4.544534,1.2643701,0.025274778,0.021557046,2024-04-06 22:46:00
1.6121379,0.055649437,3.9149196,0.01330621,0.028748438,0.027385961,0.27181667,0.07242039,0.020296084,0.0836547,0.03100444,0.16160181,0.13714,2.1542373,1.8966682,4.872272,0.034019124,0.0253426,0.06651937,0.044942588,0.04406493,0.033376407,0.8053458,0.022073196,4.934009,1.2510909,0.098950185,0.040747788,2024-04-06 22:47:00
1.8725817,0.057619054,3.9264302,0.029861389,0.027102655,0.029380305,0.23491013,0.06941423,0.028456027,0.048996728,0.015536461,0.2343189,0.04183373,2.1850793,1.7913668,4.5083303,0.012604048,0.026366485,0.06698439,0.04485887,0.035551693,0.021512346,0.7586962,0.0137067735,4.540009,1.2951612,0.033919647,0.034154147,2024-04-06 22:48:00
1.8724078,0.14336678,3.918767,0.021452734,0.012602314,0.02690786,0.24458265,0.110369414,0.02841452,0.054869194,0.023067234,0.36494744,0.10194657,2.506505,1.8585746,4.1811037,0.0050050225,0.032565624,0.07329296,0.04513462,0.03717598,0.025920697,0.72131795,0.018832413,4.422626,1.2965759,0.033944074,0.048341263,2024-04-06 22:49:00
1.9140965,0.05403531,4.001386,0.031220645,0.020500131,0.026970495,0.27905706,0.06268674,0.022040386,0.07610403,0.03958458,0.36830792,0.13368365,2.5497456,1.874414,4.2914705,0.016201138,0.020872317,0.05659862,0.044877116,0.040550966,0.019176994,0.79132974,0.020158138,4.6741767,1.3443887,0.04349238,0.037365522,2024-04-06 22:50:00
1.8729889,0.20667376,3.8063686,0.0149858985,0.017181762,0.023484273,0.22996406,0.0796803,0.02547025,0.06253742,0.042409133,0.09897591,0.050692983,2.5251513,1.8455756,4.297692,0.020892102,0.023798998,0.07180012,0.04485957,0.035955694,0.030446481,0.745651,0.050917126,4.6911716,1.3489404,0.02016232,0.043940157,2024-04-06 22:51:00
1.838529,0.05243821,4.4275665,0.02164787,0.026286487,0.029801976,0.26060826,0.13332976,0.026249573,0.08097476,0.051285528,0.22175877,0.082009576,2.491529,1.8404081,4.2023487,0.014322799,0.016836302,0.07585533,0.04518254,0.03725313,0.016761715,0.9711928,0.03590022,4.768832,1.3714013,0.060929388,0.039684653,2024-04-06 22:52:00
1.9109702,0.09776337,4.097841,0.021707052,0.024319144,0.022946794,0.5446198,0.070749655,0.03670058,0.054674987,0.042482626,0.09529392,0.037378743,2.194893,2.0083318,4.31943,0.038359478,0.040658347,0.07578743,0.045038793,0.03453116,0.019177904,1.0055038,0.028604649,4.602362,1.3518738,0.034083206,0.0443325,2024-04-06 22:53:00
1.841292,0.07375684,4.0009255,0.02594989,0.02074259,0.029208126,0.2961157,0.075658195,0.020000206,0.08774505,0.04553951,0.119050615,0.032108184,2.12371,1.9015338,4.2762156,0.025457572,0.025709033,0.079051405,0.045045074,0.024273401,0.025191018,0.9089904,0.021833424,4.55782,1.4028072,0.057191633,0.027992759,2024-04-06 22:54:00
1.8377459,0.051737826,3.9642663,0.024767442,0.03102656,0.026329273,0.2729285,0.06632877,0.02692479,0.107112154,0.04151263,0.13717659,0.097269915,2.1441977,1.8644862,4.3379035,0.033660203,0.03265179,0.07906522,0.044820677,0.03605619,0.0071615456,0.76610047,0.033381347,4.51758,1.3421124,0.034837972,0.03338626,2024-04-06 22:55:00
1.8506509,0.07157135,4.0814643,0.021865597,0.016732248,0.026484953,0.3011824,0.24570182,0.037381463,0.06269323,0.046099387,0.34274906,0.121341094,2.1537366,1.887739,4.4537787,0.018249838,0.02791803,0.075671844,0.044832088,0.04022722,0.01706101,0.7598569,0.009703752,4.5078244,1.3551317,0.024346683,0.03627399,2024-04-06 22:56:00
1.8058529,0.058754105,3.974048,0.026365895,0.022233626,0.028159864,0.31043717,0.06258901,0.02911852,0.12081034,0.022653105,0.30063605,0.03683043,2.1579869,1.9835654,4.4025445,0.030627802,0.047173996,0.083757505,0.0455811,0.03340197,0.06584331,0.76901656,0.030594548,4.550297,1.3616358,0.04250316,0.040578026,2024-04-06 22:57:00
1.8029178,0.07889155,3.9068022,0.021611901,0.022560952,0.030178793,0.2595964,0.1145932,0.020758525,0.12954678,0.04020885,0.13762653,0.14293915,2.1575985,2.0748723,4.399524,0.0057000215,0.028752394,0.0794767,0.044876385,0.034015805,0.018037442,0.8056667,0.028666424,4.5392675,1.411935,0.041914396,0.045048177,2024-04-06 22:58:00
1.8791897,0.058351286,4.067452,0.026669987,0.021510199,0.03022386,0.23905487,0.10069257,0.033261284,0.09638557,0.024490587,0.07500612,0.103767216,2.1553912,2.032981,4.3971624,0.035970084,0.03624848,0.08353739,0.045981985,0.035195444,0.028402759,0.74190694,0.038136166,4.6470103,1.4108433,0.03427132,0.042302135,2024-04-06 22:59:00
1.8040189,0.06886406,4.1465364,0.028370645,0.055104084,0.020434503,0.29463655,0.08443074,0.027069991,0.13408016,0.042617556,0.07927744,0.1649881,2.140914,2.009417,4.5639067,0.009362096,0.04096199,0.08793936,0.04490592,0.03192933,0.024300328,0.95898473,0.03562281,4.753264,1.503792,0.045040607,0.03648325,2024-04-06 23:00:00
1.8091307,0.058226343,4.1920314,0.025465835,0.022766294,0.025764298,0.22521195,0.14509036,0.01688466,0.07915837,0.03521263,0.2506517,0.053833812,2.165593,1.8240528,4.5177755,0.018821487,0.02793319,0.07750363,0.035697166,0.026539268,0.017993819,1.2412435,0.0069236667,4.7790174,1.4116123,0.032343335,0.038175356,2024-04-06 23:01:00
1.8038487,0.054880746,4.1619897,0.0291079,0.028834343,0.03571864,0.23848006,0.061318107,0.028460348,0.09140705,0.024934832,0.33131433,0.16246453,2.190347,1.8560954,4.6380954,0.02119209,0.033496737,0.07540477,0.042132456,0.034884028,0.035541587,0.70071536,0.021320246,4.827177,1.4019641,0.037983075,0.0397172,2024-04-06 23:02:00
1.8744392,0.061219778,4.331578,0.020107573,0.019494718,0.02520942,0.26931265,0.059112426,0.021120215,0.04777675,0.06302444,0.3649907,0.04970557,2.4700882,1.8351324,4.8359165,0.040389482,0.029006783,0.08216683,0.03985334,0.03825067,0.020653877,1.0400817,0.018341739,4.91134,1.4040293,0.031805445,0.039306864,2024-04-06 23:03:00
1.8403889,0.050571006,4.399374,0.03268334,0.018759988,0.045671545,0.24446513,0.059541266,0.019081268,0.11062721,0.0573141,0.27953082,0.09428582,2.489246,1.8162683,4.899857,0.014228235,0.026689084,0.07535366,0.03633029,0.038057137,0.023313569,1.0325986,0.014921073,4.827428,1.4444646,0.02477672,0.047965635,2024-04-06 23:04:00
1.9188088,0.058076512,4.3797626,0.024870962,0.020328637,0.026301043,0.23716697,0.17709151,0.024912411,0.062290806,0.03561092,0.3527056,0.13465303,2.4812684,1.8571225,4.847853,0.02498262,0.028797278,0.06590602,0.04714519,0.034404337,0.023446374,0.7300816,0.026427627,4.9729753,1.5079775,0.036384847,0.03935478,2024-04-06 23:05:00
1.8779919,0.058183674,4.3907323,0.020939752,0.025051089,0.023021255,0.24620587,0.077603035,0.01907802,0.05359131,0.03806614,0.2537599,0.1817307,2.149186,1.802865,4.848079,0.019784799,0.023188187,0.09173177,0.036681265,0.03012555,0.022541203,1.0769819,0.041922368,4.934828,1.5701249,0.043751743,0.040359933,2024-04-06 23:06:00
1.8879921,0.053624608,4.4070387,0.03223059,0.021542648,0.05061758,0.23762468,0.14253701,0.024026323,0.058611646,0.027857566,0.42176682,0.15076175,2.1446116,1.8168961,4.9106083,0.025939234,0.02227341,0.06407677,0.041465778,0.04457968,0.013402604,0.8881084,0.017714273,4.92559,1.5751104,0.025944177,0.038124986,2024-04-06 23:07:00
1.8788544,0.05735017,4.333563,0.017782962,0.021526812,0.025491899,0.2807158,0.062566236,0.0192284,0.05694141,0.061719395,0.39478067,0.11704125,2.3782926,1.8818533,4.8702283,0.027030233,0.026796944,0.084766105,0.04014708,0.033322994,0.016376743,0.9758009,0.029207326,4.8404193,1.5557315,0.0247701,0.036172755,2024-04-06 23:08:00
1.8451613,0.05278516,4.2529917,0.015365827,0.040858343,0.022772437,0.245672,0.10147308,0.026416495,0.1232314,0.048861053,0.32484373,0.102609776,2.159379,1.8652008,4.9207115,0.031757843,0.025994197,0.09478456,0.045232676,0.036982086,0.01609604,0.7424952,0.03348045,4.6571345,1.5403925,0.032051675,0.035796974,2024-04-06 23:09:00
1.892767,0.058103044,4.4082785,0.031938285,0.028973915,0.031833,0.2878935,0.055763453,0.022273049,0.11792922,0.028221749,0.39205918,0.08391045,2.53642,1.8197082,5.080511,0.037885573,0.022337867,0.08345716,0.045767732,0.03826321,0.031849764,0.8456115,0.022430262,4.648037,1.5576744,0.03212456,0.039500937,2024-04-06 23:10:00
1.8448017,0.05805773,4.4128284,0.022965433,0.03294983,0.026662368,0.43316132,0.06504472,0.02773403,0.13341431,0.04484923,0.05976555,0.10524496,2.133664,1.789287,4.9140058,0.024620997,0.027496442,0.090469584,0.044869933,0.037514508,0.020488093,1.0005758,0.01936679,4.638645,1.5710064,0.048557654,0.039357156,2024-04-06 23:11:00
1.8128976,0.07788514,4.2868714,0.021030558,0.017629812,0.030487413,0.25942257,0.07370488,0.038401883,0.13828102,0.042366114,0.10921514,0.111777395,2.117362,1.8124433,4.6610017,0.02469017,0.029469443,0.09196169,0.047618583,0.036691576,0.020897683,0.72858816,0.030041922,4.4799314,1.5605044,0.037648622,0.039072677,2024-04-06 23:12:00
1.8111305,0.05113289,4.3198,0.033799015,0.043320052,0.030065749,0.27606702,0.10596308,0.027508806,0.09569547,0.049107127,0.07517658,0.068535544,2.1790276,1.6410775,4.6527367,0.019285187,0.044520713,0.089736156,0.044833604,0.0393277,0.019413114,0.7289857,0.032264646,4.71053,1.5382231,0.024761103,0.032488976,2024-04-06 23:13:00
1.8127694,0.067834474,4.296277,0.020788847,0.014661373,0.03457292,0.2525363,0.08186224,0.030076036,0.18775445,0.046718936,0.20483549,0.04445874,2.187515,1.6563667,4.4133,0.030569673,0.030121917,0.0897274,0.045125883,0.04013574,0.027840938,0.714685,0.01940001,4.777286,1.5052967,0.03941518,0.03554476,2024-04-06 23:14:00
1.784726,0.10874443,4.3559966,0.021934541,0.027303772,0.030803712,0.5217052,0.06682094,0.029826082,0.10058053,0.03981573,0.08412635,0.059041783,2.5077128,1.737997,4.3963547,0.016088724,0.025025181,0.08410113,0.04493792,0.038112354,0.0084941955,0.75200677,0.023552254,4.6850696,1.4974432,0.043342683,0.038090896,2024-04-06 23:15:00
1.7397982,0.05315232,4.23783,0.02849904,0.030366244,0.063749135,0.25888816,0.086971685,0.030653642,0.10189863,0.036951,0.12029786,0.17837445,2.1735556,1.8024279,4.386724,0.016068975,0.036167346,0.085808255,0.03553857,0.03710117,0.0133623555,0.99389994,0.031908333,4.6344457,1.5498021,0.034506623,0.04058191,2024-04-06 23:16:00
1.4339113,0.057595957,4.2488594,0.017549608,0.02092821,0.070825174,0.23983721,0.12411449,0.02896035,0.117652215,0.03161718,0.2451809,0.08382866,2.1873314,1.6942366,4.4910445,0.01652793,0.03484727,0.08721093,0.045654524,0.03929986,0.02759405,0.77669555,0.026740236,4.6918793,1.469707,0.035156414,0.038063146,2024-04-06 23:17:00
1.4633443,0.05508612,4.2469487,0.1530941,0.025296556,0.16219003,0.28952903,0.15191017,0.031374898,0.14139755,0.06172245,0.39883098,0.11695226,2.1608884,1.6248709,4.4125023,0.029437529,0.02595095,0.05766976,0.039194833,0.03747081,0.020502819,0.6916481,0.020695038,4.6867986,1.502227,0.023780635,0.03661082,2024-04-06 23:18:00
1.4442427,0.05799556,4.296089,0.017872564,0.03350912,0.028051583,0.22815083,0.07170168,0.03242943,0.05813904,0.06827198,0.4140601,0.12960917,2.1809535,1.6362321,4.554207,0.012799716,0.024177587,0.055834718,0.036171976,0.03588444,0.021712773,0.7106136,0.015615063,4.807883,1.5219237,0.035760645,0.039221514,2024-04-06 23:19:00
1.4151239,0.05150982,4.4540176,0.028819088,0.01336431,0.023018176,0.26852632,0.079538725,0.0313761,0.04515604,0.088000186,0.34683436,0.4177165,2.194088,1.6059527,4.395702,0.026451683,0.028432105,0.047021173,0.041030195,0.0371724,0.026425323,0.68642914,0.025081629,4.8405313,1.5254475,0.038851548,0.03762426,2024-04-06 23:20:00
1.3280373,0.06032038,4.256001,0.028734157,0.02096132,0.038121466,0.23667443,0.12670062,0.03918578,0.2082164,0.09666444,0.30864096,0.06800671,2.150754,1.6677012,4.259004,0.010045228,0.034076832,0.0688729,0.03582798,0.033388857,0.038967215,0.7696403,0.017216735,4.668348,1.5354866,0.0337013,0.043171152,2024-04-06 23:21:00
1.3336824,0.058807738,4.119389,0.024147186,0.021626322,0.02860567,0.24494557,0.086456075,0.030221129,0.098334886,0.21808143,0.34087965,0.080300786,2.1351907,1.6583884,4.246446,0.013307797,0.02776236,0.08564171,0.03657248,0.036898196,0.02193929,0.71943545,0.019804178,4.3687778,1.5299131,0.02652318,0.038116988,2024-04-06 23:22:00
1.3101536,0.11507382,4.0935726,0.03592921,0.019154731,0.02326974,0.5844942,0.14605342,0.032210805,0.09445455,0.38149425,0.19493257,0.15877758,2.150511,1.6490401,4.3625016,0.033497058,0.023542384,0.08497837,0.041122377,0.040401712,0.020744447,0.7389453,0.014596995,4.5484896,1.5568275,0.04482164,0.10852547,2024-04-06 23:23:00
1.3506689,0.06443677,3.9840477,0.024845041,0.028242445,0.02388187,0.2390491,0.28272867,0.031425167,0.07610197,0.3655595,0.36357737,0.06630987,2.1261597,1.6053175,4.225742,0.026973983,0.03354162,0.099772215,0.050108097,0.03662224,0.040635705,0.7620335,0.036542475,4.5877047,1.5678287,0.03381767,0.037510734,2024-04-06 23:24:00
1.4248774,0.05800259,4.077109,0.031542234,0.031563334,0.020689527,0.25164783,0.071987614,0.02076144,0.06546478,0.43930885,0.41733617,0.10532093,2.1715465,1.7033207,4.44968,0.011316275,0.018410638,0.09540522,0.0358936,0.030425651,0.021362128,0.7739422,0.02604333,4.5103407,1.6140485,0.033956546,0.042376578,2024-04-06 23:25:00
1.3430507,0.059501976,3.997284,0.02049813,0.028268356,0.02053568,0.25942332,0.13591418,0.022059426,0.08148206,0.5347436,0.32281864,0.15786804,2.0564876,1.8014057,4.570069,0.010950287,0.019693984,0.08378504,0.035883155,0.03342578,0.023505159,1.0201417,0.03202863,4.6973634,1.637247,0.057822328,0.038148295,2024-04-06 23:26:00
1.3852899,0.08264525,4.0524235,0.1644477,0.02298275,0.023788113,0.22143282,0.07970495,0.022253186,0.080451004,0.5340385,0.33550152,0.18448682,2.2269678,1.9180404,4.536106,0.0111163445,0.019727452,0.07370579,0.03577407,0.039818067,0.020311141,0.9818888,0.021415003,4.6790643,1.6421976,0.026705548,0.037293945,2024-04-06 23:27:00
1.3314635,0.04205627,4.0476365,0.031754486,0.017125143,0.02128916,0.24611405,0.07403714,0.023985367,0.10830155,0.3048563,0.31193873,0.2073423,2.678427,2.1237664,4.4744477,0.021137321,0.029546415,0.1927875,0.038003977,0.026895037,0.023045668,0.92725223,0.01749167,4.6120777,1.6309325,0.040326465,0.03859886,2024-04-06 23:28:00
1.3494378,0.07357201,4.1533933,0.021223614,0.022011233,0.03745619,0.3066026,0.07136668,0.031081814,0.05219811,0.1657051,0.23775706,0.13266903,2.5421515,1.9954411,4.5570674,0.031316716,0.034497913,0.0935681,0.045000553,0.03998317,0.02963474,1.019966,0.008769187,4.489771,1.5474366,0.027454665,0.037568744,2024-04-06 23:29:00
1.3727292,0.073431686,4.193576,0.030358411,0.02675311,0.045863144,0.31822273,0.20791483,0.023135768,0.072281994,0.04593113,0.3685791,0.09246194,2.230453,2.0060306,4.5345817,0.019400587,0.021541836,0.06153674,0.045837108,0.03805627,0.024362808,0.66546416,0.017220402,4.628298,1.5580775,0.024922093,0.037485708,2024-04-06 23:30:00
1.374017,0.0815501,4.0812244,0.029192422,0.017533371,0.028649652,0.587622,0.09504337,0.031338613,0.108224235,0.04322385,0.3217424,0.023173371,2.160666,2.0075161,4.512941,0.022161016,0.041327573,0.09159418,0.04484262,0.03511629,0.020769523,0.7492613,0.01972804,4.716987,1.5553397,0.040221196,0.04345377,2024-04-06 23:31:00
1.4528244,0.060546946,4.0838604,0.024273181,0.01915058,0.052033607,0.25716883,0.06370631,0.025849406,0.080102324,0.041820124,0.37592813,0.02797573,2.138788,2.0108035,4.49963,0.025987174,0.028679974,0.08061057,0.05334774,0.036789797,0.017154686,0.9831853,0.025917402,4.5453205,1.5369257,0.04034149,0.03760196,2024-04-06 23:32:00
1.4521285,0.082254656,3.846989,0.036159042,0.026742205,0.08076007,0.24421203,0.08364953,0.024248686,0.0916482,0.03693429,0.10933812,0.04476847,2.2057507,2.1514366,4.518465,0.025611684,0.03837361,0.09581545,0.03619691,0.036092903,0.030532794,0.9881917,0.020822555,4.658416,1.5256238,0.019085275,0.03842109,2024-04-06 23:33:00
1.3788414,0.05508018,3.9871306,0.01206497,0.019148838,0.028372847,0.24643554,0.12207182,0.027443953,0.07807095,0.01804125,0.32863507,0.05247084,2.5596998,1.910225,4.599639,0.02294982,0.025559567,0.079346664,0.03609593,0.040827285,0.020443993,0.72209716,0.019348191,4.585956,1.4846134,0.05289466,0.03951901,2024-04-06 23:34:00
1.3822385,0.10008317,4.1292377,0.025047615,0.024818406,0.032533415,0.23230098,0.07404164,0.031554267,0.10789035,0.050146848,0.22359204,0.036313903,2.2302516,1.9216774,4.5369835,0.029330023,0.036765568,0.084809214,0.045170747,0.03697759,0.02849576,0.7457248,0.019494046,4.4980617,1.4712069,0.034413945,0.043483328,2024-04-06 23:35:00
1.390359,0.13515076,4.2044234,0.040221646,0.028764402,0.042096853,0.31786433,0.0723883,0.030526334,0.114225894,0.040598784,0.32343075,0.12274331,2.2329628,1.9723316,4.615569,0.015839055,0.022951279,0.14400981,0.043460593,0.03302381,0.019809907,0.99587977,0.023021553,4.376208,1.5166465,0.053581595,0.03564496,2024-04-06 23:36:00
1.3981533,0.07798556,4.1302905,0.037087202,0.018152047,0.020497093,0.24481304,0.11436847,0.029877659,0.12821145,0.043923263,0.39837214,0.09111539,2.2201545,1.9561647,4.5776,0.023843588,0.032562323,0.112656645,0.03549896,0.035709236,0.012164615,0.70619744,0.02195039,4.2750654,1.4989847,0.028239502,0.035577193,2024-04-06 23:37:00
1.4232917,0.053246517,4.2611666,0.023524713,0.019479485,0.02389912,0.22304773,0.0719434,0.022469334,0.08740995,0.032775678,0.29348344,0.09549559,2.1866674,1.9473063,4.688103,0.016613778,0.026220454,0.06895718,0.036507066,0.034968503,0.024855988,0.9487361,0.021009883,4.4514866,1.5297021,0.023096714,0.03806918,2024-04-06 23:38:00
1.4165217,0.05610657,4.2634873,0.028487159,0.032707434,0.045244936,0.32583773,0.091883175,0.032504916,0.086518586,0.042549632,0.3254153,0.060671277,2.2900035,1.990726,4.373842,0.020838218,0.028317094,0.06506476,0.04484198,0.038317285,0.021027384,0.7577694,0.019857783,4.5443177,1.524765,0.025979917,0.028932853,2024-04-06 23:39:00
1.4196326,0.05700537,4.115529,0.022454,0.0072764177,0.027070174,0.23570967,0.054124445,0.021761721,0.17199488,0.07117811,0.08261821,0.14372294,2.5612395,1.7593693,4.4391346,0.019341907,0.03522247,0.05072029,0.036140185,0.030918173,0.011266005,1.0029321,0.017663574,4.485394,1.5195158,0.04239054,0.03867375,2024-04-06 23:40:00
1.415143,0.06946229,3.8713684,0.022276608,0.019944664,0.027485361,0.25882313,0.06572643,0.020304184,0.067816235,0.04887952,0.21995796,0.039033446,2.2175267,1.6631712,4.408119,0.011851188,0.031158043,0.05621544,0.036208212,0.02731581,0.0382469,0.7365958,0.018910812,4.5852456,1.5602077,0.035695124,0.03406225,2024-04-06 23:41:00
1.3831016,0.08962033,3.7958653,0.028777895,0.023509752,0.030661693,0.3254817,0.07123929,0.028622646,0.054623257,0.033321574,0.27482083,0.09511722,2.2079039,1.5461181,4.5906043,0.015120459,0.0329853,0.06301455,0.039627884,0.027826287,0.021552918,0.7559969,0.01927186,4.565329,1.5617883,0.036993265,0.037506245,2024-04-06 23:42:00
1.4078346,0.085462004,3.7147121,0.031367637,0.022677395,0.030736057,0.27014557,0.1536203,0.033767,0.06568224,0.029105667,0.32733667,0.08469738,2.2809541,1.4234046,4.3871903,0.056766685,0.030984866,0.06511776,0.04536884,0.0381148,0.014628838,0.932344,0.018560434,4.3715286,1.5643829,0.03747296,0.04665937,2024-04-06 23:43:00
1.3686564,0.06906822,4.0322504,0.035050675,0.031283606,0.023636092,0.29059586,0.07008198,0.045381,0.058218494,0.04000832,0.27248368,0.11435989,2.1775174,1.3871633,4.3367867,0.021317549,0.025553467,0.0386688,0.040758885,0.024717743,0.017505946,0.9820442,0.046043295,4.520473,1.4375892,0.06639799,0.04778568,2024-04-06 23:44:00
1.407134,0.06961611,3.924173,0.0120597,0.019675456,0.024100376,0.26831925,0.12796406,0.0225749,0.059195075,0.048512407,0.37353253,0.028516745,2.2640433,1.2725232,4.441024,0.009983388,0.032012127,0.06854282,0.045812063,0.04539731,0.023098823,0.97278196,0.03309381,4.542342,1.4191612,0.024946045,0.037734356,2024-04-06 23:45:00
1.3693398,0.062761106,4.017116,0.038608678,0.027241763,0.03276894,0.2619692,0.07176302,0.031669665,0.06973355,0.03307131,0.120182626,0.02764133,2.502602,1.1999044,4.4884253,0.019691933,0.015616473,0.073291175,0.04486535,0.0434942,0.033581074,0.75406146,0.018878415,4.8523946,1.4340957,0.033749674,0.038381737,2024-04-06 23:46:00
1.3729522,0.056078568,3.8743415,0.033402905,0.02606697,0.02284609,0.29951903,0.19818057,0.030507833,0.0701315,0.026817909,0.2834367,0.10325508,2.1892133,1.2535886,4.5866046,0.022052214,0.028105749,0.07941784,0.04489532,0.03778671,0.013720654,0.80037975,0.020711355,4.6262393,1.4268067,0.025126366,0.037923723,2024-04-06 23:47:00
1.3743557,0.054145522,3.8101125,0.01734543,0.022169445,0.02916547,0.23239018,0.09314936,0.028615678,0.1263318,0.031962436,0.26225814,0.11372832,2.234735,1.163917,4.637034,0.013635393,0.02944952,0.061876725,0.044992723,0.03593703,0.029311014,0.7451854,0.022327181,4.564687,1.3622907,0.028442463,0.039528023,2024-04-06 23:48:00
1.3706213,0.11423538,3.8480253,0.021829052,0.026046595,0.019693846,0.4856644,0.07009293,0.049894936,0.06405907,0.05039172,0.28302076,0.030042915,2.5822098,0.9636511,4.6270556,0.0137012815,0.02587684,0.07160682,0.053949215,0.037274864,0.020222405,0.7360692,0.017078256,4.610506,1.3642329,0.03636826,0.035592258,2024-04-06 23:49:00
1.3705661,0.053221405,3.846243,0.019739283,0.021705851,0.024301995,0.24714974,0.20225494,0.033016846,0.15422569,0.042560294,0.31149426,0.04671075,2.5261264,1.0405734,4.6495414,0.011365875,0.033295102,0.0793202,0.04489358,0.03932501,0.019543821,0.6927789,0.033161074,4.601572,1.3206545,0.059936464,0.03638468,2024-04-06 23:50:00
1.4440703,0.056139037,4.099305,0.020538883,0.025507025,0.019995669,0.24892028,0.07355543,0.026406651,0.097098224,0.053253606,0.36213815,0.0694673,2.596622,1.0562552,4.7230887,0.026288096,0.023262985,0.02538249,0.041774835,0.037882417,0.14933325,0.71900046,0.025586328,4.610078,1.2240043,0.034992315,0.029427031,2024-04-06 23:51:00
1.375111,0.05220903,4.100514,0.03572694,0.021720804,0.03231881,0.23564851,0.05997705,0.021797834,0.060775235,0.054540712,0.16977277,0.042848572,2.5374215,1.041041,4.8222404,0.008087251,0.03121406,0.049317054,0.044778697,0.054027956,0.017410994,0.79026914,0.01926245,4.6901536,1.2221489,0.034091495,0.056692947,2024-04-06 23:52:00
1.3713213,0.050209787,3.986406,0.019828858,0.02221955,0.02994165,0.2688185,0.052969605,0.029406913,0.06344882,0.036831174,0.07821365,0.09254973,2.5750446,1.0347886,4.938661,0.006328595,0.034037095,0.07447816,0.049698092,0.03622232,0.011560683,0.77881753,0.02107366,4.6750827,1.2839319,0.032727055,0.025434624,2024-04-06 23:53:00
1.3657833,0.1204032,4.076655,0.023782372,0.014502335,0.025166485,0.35356137,0.06900428,0.024071967,0.16169502,0.034774166,0.41649583,0.10490159,2.887954,0.9676462,5.0304627,0.022087654,0.02519845,0.06321599,0.042750485,0.028163178,0.01793096,0.71114165,0.029121049,4.6094995,1.2628286,0.028719733,0.033840634,2024-04-06 23:54:00
1.4039865,0.08515667,4.0720563,0.026741091,0.01940689,0.024875572,0.23458967,0.06402271,0.032392677,0.0760275,0.025194583,0.32810557,0.09602722,2.9278235,1.0364604,5.1616635,0.015620306,0.027914265,0.054427687,0.03686162,0.02650109,0.019947762,0.7492477,0.022199797,4.6722827,1.2839154,0.04674399,0.0333752,2024-04-06 23:55:00
1.4422201,0.05374711,4.133681,0.023100382,0.01895694,0.03175596,0.23460527,0.08485366,0.088463224,0.10867266,0.061189644,0.3135067,0.094726786,2.9687548,1.0732981,5.2027345,0.03756875,0.032129686,0.046855893,0.044937707,0.04026273,0.03170464,0.778137,0.019621886,4.6112065,1.2769059,0.034087624,0.017303849,2024-04-06 23:56:00
1.3718536,0.05385836,4.1340375,0.033704463,0.024068976,0.03096049,0.25559995,0.062835984,0.032039925,0.063072175,0.024140928,0.29088303,0.022790289,2.5879214,1.0738798,5.105563,0.019596564,0.022804225,0.06439078,0.046333,0.034510553,0.018002938,0.7488551,0.018507743,4.5116277,1.3779464,0.081363015,0.017777834,2024-04-06 23:57:00
1.3695601,0.088020384,4.092028,0.020191329,0.016474742,0.020157104,0.25241008,0.080927275,0.030661205,0.09213357,0.04501718,0.23028582,0.07920898,2.5882907,1.1373329,5.0725603,0.022444861,0.035836276,0.05927507,0.047203936,0.03549673,0.022048844,0.7209948,0.041946582,4.504092,1.3374785,0.03506531,0.04144499,2024-04-06 23:58:00
1.3724493,0.115629785,4.2162867,0.032801487,0.017521856,0.031526495,0.6982259,0.06383428,0.028795322,0.061881162,0.047292586,0.2558,0.055463098,2.905165,1.1424693,5.1057544,0.019233676,0.023573933,0.02181485,0.036071993,0.030225944,0.025286919,1.0495592,0.035082076,4.472232,1.3655725,0.034017354,0.0376847,2024-04-06 23:59:00
,,,,,,,,,,,,,,,,,,,,,,,,,,,,2024-04-07 00:00:00
