{"mean": {"api": [[0.8649321794509888, 0.1284799426794052, 0.6390157341957092, 0.5557764172554016, 0.4703982472419739, 0.48808935284614563, 0.4221492111682892, 0.34109532833099365, 0.18956270813941956, 0.16584394872188568, 0.22402890026569366, 0.2551896274089813, 0.19818606972694397], [0.6758199334144592, 4.073810941918055e-06, 0.9656358957290649, 1.00825834274292, 0.15571853518486023, 0.012897251173853874, 0.001715080696158111, 0.007756439037621021, 0.0023964548017829657, 0.0028019333258271217, 3.7016550777480006e-05, 3.3329536108794855e-06, 4.613260171026923e-05], [0.6068770885467529, 3.8486712583107874e-05, 0.026415733620524406, 0.00905598234385252, 0.00038076037890277803, 0.00015710976731497794, 0.0001331030362052843, 0.00013151508755981922, 0.00010162336548091844, 8.123740553855896e-05, 5.779789717053063e-05, 3.095500869676471e-05, 0.00017290032701566815], [0.8627800345420837, 6.897516300341522e-07, 0.03470351919531822, 0.01803542859852314, 0.000358510558726266, 2.9615332096000202e-05, 1.6090611097752117e-05, 2.1223655494395643e-05, 6.494198260043049e-06, 4.371324394014664e-06, 4.861449724558042e-06, 1.40807708248758e-06, 1.1917436495423317e-06], [0.1300680935382843, 0.19705982506275177, 0.25400272011756897, 0.19321344792842865, 0.20410358905792236, 0.2057555913925171, 0.22375547885894775, 0.20824481546878815, 0.2022969275712967, 0.20285435020923615, 0.2083241194486618, 0.17766344547271729, 0.19881758093833923], [0.721116304397583, 0.10984046757221222, 0.000726493657566607, 0.0003614776360336691, 0.00023829723068047315, 0.00021331071911845356, 0.0001553854817757383, 0.0001273833040613681, 9.629843407310545e-05, 0.00010164014383917674, 0.026309635490179062, 7.512480078730732e-05, 0.29853174090385437], [0.6736189126968384, 0.02247478812932968, 0.002544598188251257, 0.0013327633496373892, 0.0008526341407559812, 0.0006171402637846768, 0.000399288343032822, 0.00036736924084834754, 0.00020773721917066723, 0.00026099319802597165, 0.011098707094788551, 0.00019277716637589037, 0.13408663868904114], [0.552990734577179, 0.17104607820510864, 0.33232611417770386, 0.2381766140460968, 0.2343466430902481, 0.23960986733436584, 0.22576527297496796, 0.20124635100364685, 0.16498899459838867, 0.17659452557563782, 0.19736787676811218, 0.19424045085906982, 0.26269668340682983], [0.5571792721748352, 0.12858650088310242, 0.2765171527862549, 0.1318265199661255, 0.10820119827985764, 0.07437360286712646, 0.04837673902511597, 0.05523689463734627, 0.05522061884403229, 0.05247773230075836, 0.11218550056219101, 0.15937386453151703, 0.20408689975738525], [0.7425346374511719, 1.5739487935206853e-05, 0.13703389465808868, 0.14448176324367523, 0.007705808151513338, 0.0007058006594888866, 0.00020577844406943768, 0.00039860347169451416, 0.00010249968181597069, 6.684290565317497e-05, 4.213136344333179e-05, 1.9018256352865137e-05, 2.4118782675941475e-05], [0.7195689082145691, 0.1537211537361145, 0.4480847418308258, 0.37902823090553284, 0.33983364701271057, 0.37077975273132324, 0.3456771671772003, 0.31661155819892883, 0.2997499406337738, 0.2532373368740082, 0.18758440017700195, 0.12776291370391846, 0.13727189600467682], [0.5014270544052124, 6.5428534981037956e-06, 0.03510386124253273, 0.01674516871571541, 0.0021742486860603094, 0.00023698105360381305, 5.52281089767348e-05, 0.00014019355876371264, 3.2168773032026365e-05, 1.3061977369943634e-05, 1.9185094060958363e-05, 8.385951332456898e-06, 7.389353413600475e-05], [0.45999109745025635, 2.651269710440829e-07, 0.08491998165845871, 0.06222869083285332, 0.005111261736601591, 0.00040847616037353873, 6.993564602453262e-05, 0.00022574186732526869, 3.0731727747479454e-05, 9.944663361238781e-06, 7.465019280061824e-06, 2.731006532030733e-07, 3.422001782382722e-06], [0.6455987095832825, 0.030966036021709442, 0.2868801951408386, 0.12064450234174728, 0.0651712566614151, 0.03771749883890152, 0.018850721418857574, 0.01980980671942234, 0.01703866384923458, 0.0161760114133358, 0.02442089654505253, 0.039836276322603226, 0.08269071578979492], [0.7623395323753357, 0.05930520221590996, 0.2761540114879608, 0.30778491497039795, 0.2690686285495758, 0.27342307567596436, 0.28009945154190063, 0.2810596227645874, 0.2512410581111908, 0.18691106140613556, 0.08711321651935577, 0.03253971412777901, 0.08602293580770493], [0.6304717659950256, 0.013629843480885029, 0.18546424806118011, 0.07131890207529068, 0.05226924270391464, 0.05976615101099014, 0.04263623431324959, 0.02304222621023655, 0.00884710531681776, 0.0037098489701747894, 0.03388166427612305, 0.03149866312742233, 0.04287073016166687], [0.4587264060974121, 2.7585704742705275e-07, 0.067005455493927, 0.042627736926078796, 0.0033635578583925962, 0.00024400281836278737, 3.997300882474519e-05, 0.00013710126222576946, 2.0375515305204317e-05, 7.1219228630070575e-06, 5.197153313929448e-06, 2.5968836325773736e-07, 3.7586416965496028e-06], [0.7807309031486511, 0.4863477051258087, 0.5594502687454224, 0.4909050762653351, 0.5307468771934509, 0.542324960231781, 0.5134166479110718, 0.54363614320755, 0.530944287776947, 0.5355032682418823, 0.5405964255332947, 0.49328675866127014, 0.37744590640068054], [0.8207213282585144, 0.42434775829315186, 0.5529914498329163, 0.49216288328170776, 0.5282682180404663, 0.5304110050201416, 0.5052947402000427, 0.5409049391746521, 0.5265151858329773, 0.5278233289718628, 0.5038773417472839, 0.4536360204219818, 0.34723222255706787], [0.5557242035865784, 0.26081380248069763, 0.47774338722229004, 0.5014201998710632, 0.538371205329895, 0.5215292572975159, 0.5235300660133362, 0.5607216954231262, 0.4747926592826843, 0.4657417833805084, 0.4171750843524933, 0.294827938079834, 0.23700328171253204], [0.8231944441795349, 0.046315763145685196, 0.4883054196834564, 0.5254905223846436, 0.4860301613807678, 0.4949676990509033, 0.4482336640357971, 0.3960099220275879, 0.15492936968803406, 0.08387479931116104, 0.21615204215049744, 0.07875896990299225, 0.05786271393299103], [0.6682702898979187, 0.020458180457353592, 0.5013306736946106, 0.37490370869636536, 0.17273089289665222, 0.061877209693193436, 0.025359677150845528, 0.04784434661269188, 0.03661486506462097, 0.037723176181316376, 0.024402165785431862, 0.021386541426181793, 0.028515467420220375], [0.8469390273094177, 0.00622622761875391, 0.6032345294952393, 0.3485030233860016, 0.17024655640125275, 0.896397590637207, 0.8186152577400208, 0.08272682875394821, 0.0031682054977864027, 0.0002181148884119466, 0.04469672217965126, 0.007168257609009743, 0.005783430766314268], [0.5913951992988586, 0.2091524600982666, 0.4265110492706299, 0.36997270584106445, 0.34862858057022095, 0.36085355281829834, 0.3395693004131317, 0.34097734093666077, 0.35674774646759033, 0.3221420347690582, 0.22471001744270325, 0.16317808628082275, 0.20063842833042145], [0.8032104969024658, 0.06455837190151215, 0.4955120086669922, 0.5424792170524597, 0.5365175008773804, 0.5717481970787048, 0.5370100140571594, 0.4603731036186218, 0.16970562934875488, 0.09139639139175415, 0.29906165599823, 0.12509925663471222, 0.07621066272258759], [0.8357585668563843, 0.0455925390124321, 0.5153201818466187, 0.5802159905433655, 0.5540465116500854, 0.5727624893188477, 0.5260749459266663, 0.4628838002681732, 0.16725723445415497, 0.0898403450846672, 0.254471093416214, 0.08997859060764313, 0.05632426217198372], [0.7580008506774902, 0.005041059106588364, 0.12385141104459763, 0.6634670495986938, 0.32340502738952637, 0.3020474314689636, 0.38342684507369995, 0.34096524119377136, 0.0389714390039444, 0.009518961422145367, 0.008134668692946434, 0.006102635525166988, 0.0037494252901524305], [0.8077818155288696, 0.07292654365301132, 0.6325910687446594, 0.3427858054637909, 0.24988004565238953, 0.23260296881198883, 0.1648516058921814, 0.15287062525749207, 0.11167269200086594, 0.11035732179880142, 0.10925078392028809, 0.1178172379732132, 0.13862822949886322], [0.7267631888389587, 0.039409566670656204, 0.4712912440299988, 0.16316719353199005, 0.14458028972148895, 0.3503870964050293, 0.3387869596481323, 0.09406185150146484, 0.024282580241560936, 0.009696805849671364, 0.09868635982275009, 0.1398720145225525, 0.14343322813510895], [0.827426016330719, 0.07024247944355011, 0.511870265007019, 0.3903530538082123, 0.32883185148239136, 0.32219064235687256, 0.2682838439941406, 0.24700085818767548, 0.13472972810268402, 0.09684740751981735, 0.18513014912605286, 0.11421850323677063, 0.08578679710626602], [0.7136233448982239, 0.0035244685132056475, 0.3241768777370453, 0.05618055909872055, 0.028422288596630096, 0.04202045872807503, 0.025764988735318184, 0.009747056290507317, 0.00245075486600399, 0.0012654197635129094, 0.0044203815050423145, 0.01176966167986393, 0.05305777117609978], [0.6444496512413025, 0.07750862091779709, 0.5582165122032166, 0.46796485781669617, 0.4061223864555359, 0.3686337172985077, 0.3129880428314209, 0.28720390796661377, 0.15095138549804688, 0.15096205472946167, 0.1607099026441574, 0.10831427574157715, 0.14643703401088715], [0.7468560338020325, 0.007353757042437792, 0.5859492421150208, 0.2460051327943802, 0.13806438446044922, 0.12324067950248718, 0.07742086797952652, 0.04838888347148895, 0.01968812569975853, 0.02553257718682289, 0.012719613499939442, 0.022714627906680107, 0.0766441747546196], [0.8349510431289673, 0.40218138694763184, 0.5431346893310547, 0.5156570076942444, 0.553758442401886, 0.5571305155754089, 0.5308675169944763, 0.5577442646026611, 0.5246426463127136, 0.5267041325569153, 0.5085672736167908, 0.4621654748916626, 0.36109286546707153], [0.833568274974823, 0.07201606780290604, 0.5811766982078552, 0.5059309601783752, 0.40958160161972046, 0.3360294997692108, 0.24719354510307312, 0.26674124598503113, 0.16950105130672455, 0.13554345071315765, 0.1638776808977127, 0.10113624483346939, 0.0894722118973732], [0.847019374370575, 0.044080205261707306, 0.5509626865386963, 0.48039206862449646, 0.3822203576564789, 0.31217533349990845, 0.22979484498500824, 0.24215081334114075, 0.12747454643249512, 0.09623099863529205, 0.12256155908107758, 0.06854752451181412, 0.07038271427154541], [0.6810399889945984, 0.19575072824954987, 0.43583443760871887, 0.45163822174072266, 0.4559912383556366, 0.43412813544273376, 0.42310240864753723, 0.46216097474098206, 0.4221315085887909, 0.4292132258415222, 0.27425679564476013, 0.18067367374897003, 0.22029006481170654], [0.6193645596504211, 0.1534348577260971, 0.44277065992355347, 0.4771653413772583, 0.47029924392700195, 0.42550140619277954, 0.4097455143928528, 0.4642104208469391, 0.4040866494178772, 0.4135248064994812, 0.24151697754859924, 0.14405883848667145, 0.1827084720134735]], "pod": [[0.11580399423837662, 0.009578944183886051, 0.38250067830085754, 0.34322863817214966, 4.899523986523491e-08, 4.5434322970550056e-08, 9.393182409667133e-08, 5.012929449321746e-08, 0.09170957654714584, 0.6486659646034241, 3.8728831697198984e-08, 5.443405015626013e-08, 0.3776363730430603, 0.6294140815734863], [0.06992863118648529, 0.0112988892942667, 0.7219449877738953, 0.6826885938644409, 7.380752453656214e-09, 3.307891960346865e-09, 4.047446466870497e-08, 6.467744118054952e-09, 0.05196429416537285, 0.5486210584640503, 8.0122246615133e-09, 1.0179393328257902e-08, 0.44293519854545593, 0.5633180737495422], [0.1469344049692154, 0.018604900687932968, 0.4496161639690399, 0.4217463433742523, 5.188470808548118e-08, 4.217252680405181e-08, 1.1248980769096306e-07, 5.39802016419344e-08, 0.10592108964920044, 0.5406906604766846, 5.4099192681178465e-08, 6.01319882775897e-08, 0.574104368686676, 0.5920264720916748], [0.21843762695789337, 0.01936669461429119, 0.5883174538612366, 0.5794941782951355, 3.4941890589834657e-06, 3.385443505976582e-06, 7.374437245744048e-06, 6.3348738876811694e-06, 0.12913787364959717, 0.6563693284988403, 2.618221742523019e-06, 5.225351742410567e-06, 0.41432851552963257, 0.5089922547340393], [0.3337273597717285, 0.03038415126502514, 0.6961072087287903, 0.6463687419891357, 3.153441525682865e-07, 2.339313454058356e-07, 5.275732064546901e-07, 2.753097874119703e-07, 0.19737982749938965, 0.5605190396308899, 2.188720742424266e-07, 3.3833694601526076e-07, 0.3533959984779358, 0.7648812532424927], [0.23855146765708923, 0.017714394256472588, 0.7676615715026855, 0.7999230027198792, 1.8630476006364916e-07, 1.43406296615467e-07, 3.43325837093289e-07, 1.6127525270803744e-07, 0.21492281556129456, 0.5595976114273071, 1.3898397810407914e-07, 1.962085462992036e-07, 0.44044262170791626, 0.7558179497718811], [0.2376348376274109, 0.018003595992922783, 0.8522379994392395, 0.8288000226020813, 1.066766870394531e-07, 8.845697152537468e-08, 1.8522366929119016e-07, 9.727923355740131e-08, 0.1797877848148346, 0.6384404897689819, 9.974263548429008e-08, 1.2216513312068855e-07, 0.3424607515335083, 0.754814863204956], [0.09202930331230164, 0.025747474282979965, 0.6935699582099915, 0.7713651061058044, 6.4686555560911074e-06, 6.1583955357491504e-06, 8.6081281551742e-06, 7.577197266073199e-06, 0.10436557233333588, 0.5711352229118347, 7.5557586569630075e-06, 7.988974175532348e-06, 0.7778712511062622, 0.5516362190246582], [0.7803283333778381, 0.11404309421777725, 0.34577882289886475, 0.3156287968158722, 1.1125533092126716e-05, 5.779802904726239e-06, 2.1714931790484115e-05, 1.0378456863691099e-05, 0.09939712285995483, 0.47405827045440674, 1.9649916794151068e-05, 1.4133541299088392e-05, 0.326214462518692, 0.5048544406890869], [0.40162864327430725, 0.04846256598830223, 0.5348390936851501, 0.46551698446273804, 8.274334106772585e-08, 3.585859786880974e-08, 3.017510721292638e-07, 5.422206683647346e-08, 0.06921599805355072, 0.577560305595398, 1.3169767498766305e-07, 1.0203099520822434e-07, 0.3211275637149811, 0.5731467604637146], [0.3544800579547882, 0.09442643076181412, 0.4644698202610016, 0.5257291197776794, 1.7688163822526803e-08, 9.024823555137118e-09, 8.567987208607519e-08, 1.3661100695117057e-08, 0.08076095581054688, 0.4848526120185852, 2.1340561318083928e-08, 2.317461067491422e-08, 0.3559143543243408, 0.5136535167694092], [0.21495531499385834, 0.09940503537654877, 0.3709336817264557, 0.3499586582183838, 4.164759593550116e-05, 2.9052500394755043e-05, 4.122933023609221e-05, 6.648207636317238e-05, 0.09696199744939804, 0.6658693552017212, 3.0490968129015528e-05, 5.197269638301805e-05, 0.3382478952407837, 0.6087779998779297], [0.19231142103672028, 0.014785398729145527, 0.32528477907180786, 0.38171687722206116, 1.616686404304346e-06, 1.07794232917513e-06, 2.727327455431805e-06, 1.6801297988422448e-06, 0.2830961346626282, 0.5236567258834839, 1.992042371057323e-06, 1.970412540686084e-06, 0.5076366662979126, 0.7525197267532349], [0.3992311358451843, 0.028203632682561874, 0.49671003222465515, 0.45240649580955505, 9.534533091937192e-07, 6.068470383979729e-07, 4.511729457590263e-06, 9.715648729979875e-07, 0.26542606949806213, 0.47506314516067505, 1.0297524113411782e-06, 1.1403064945625374e-06, 0.547149121761322, 0.7639546394348145], [0.18993039429187775, 0.013772605918347836, 0.3062538802623749, 0.3599531352519989, 3.8874666643096134e-05, 3.7746176531072706e-05, 4.5217770093586296e-05, 7.452890713466331e-05, 0.28782951831817627, 0.5215736031532288, 3.181891224812716e-05, 5.1659386372193694e-05, 0.5340979695320129, 0.7637838125228882], [0.1942051351070404, 0.027811512351036072, 0.31510987877845764, 0.34021469950675964, 1.0485306120244786e-05, 4.15034674006165e-06, 1.535340015834663e-05, 1.2990114555577748e-05, 0.30519798398017883, 0.2595047652721405, 5.961757779004984e-06, 1.2202012840134557e-05, 0.39787471294403076, 0.6734486818313599], [0.37575677037239075, 0.034752339124679565, 0.46771928668022156, 0.34546947479248047, 9.058852583621047e-07, 2.9379935995166306e-07, 2.661285634530941e-06, 5.101975943944126e-07, 0.05499814823269844, 0.4595431089401245, 1.881008415693941e-06, 1.0719625151978107e-06, 0.6638106107711792, 0.4216350317001343], [0.4692825376987457, 0.04086228832602501, 0.5782608389854431, 0.41808632016181946, 1.013600581245555e-06, 3.572928051198687e-07, 2.5543706669850508e-06, 5.721266802538594e-07, 0.04374273121356964, 0.48931559920310974, 1.7368835187880904e-06, 1.1671331776597071e-06, 0.6058667898178101, 0.41068241000175476], [0.4501635730266571, 0.03820303827524185, 0.4584237337112427, 0.3298756182193756, 2.698337766560144e-06, 1.3761415402768762e-06, 4.196789632260334e-06, 2.1545060917560477e-06, 0.05737461894750595, 0.47656452655792236, 4.183114924671827e-06, 3.3673634334263625e-06, 0.622017502784729, 0.42707473039627075], [0.24663059413433075, 0.023339133709669113, 0.46314114332199097, 0.3428788185119629, 1.010701211612286e-07, 4.382840756989026e-08, 6.154714355943725e-07, 6.369174343490158e-08, 0.05236263945698738, 0.5202457308769226, 2.0698922753581428e-07, 1.3536960352666938e-07, 0.6191316843032837, 0.4803122878074646], [0.4578797221183777, 0.01734170876443386, 0.5232802033424377, 0.48764556646347046, 4.686127340391977e-06, 9.120779395743739e-06, 6.89401304043713e-06, 1.4982279935793485e-05, 0.38004621863365173, 0.5229703187942505, 3.4704733025137102e-06, 6.676331850030692e-06, 0.4529736042022705, 0.8104394674301147], [0.3927454948425293, 0.017894860357046127, 0.33325839042663574, 0.34147968888282776, 2.4431019483017735e-06, 2.8947347345820162e-06, 4.664846528612543e-06, 4.5938008952362e-06, 0.3434573709964752, 0.5523987412452698, 2.072290271826205e-06, 3.3402488952560816e-06, 0.555589497089386, 0.7504259347915649], [0.44148892164230347, 0.018718400970101357, 0.3622892200946808, 0.36231109499931335, 8.857506145432126e-06, 9.861694707069546e-06, 1.0202196790487505e-05, 1.7900825696415268e-05, 0.37019115686416626, 0.6977798938751221, 6.891850262036314e-06, 1.1813937817350961e-05, 0.5673114657402039, 0.7754616737365723], [0.1912257969379425, 0.016982480883598328, 0.631988525390625, 0.7106446623802185, 5.839385863737334e-08, 3.824634120519477e-08, 1.4162013428631326e-07, 5.6581271223876684e-08, 0.22342051565647125, 0.3397026062011719, 4.418469501388245e-08, 6.94732307238155e-08, 0.5811313986778259, 0.6155030727386475], [0.04662250727415085, 0.003907186910510063, 0.6056970953941345, 0.6429593563079834, 1.8091885323201495e-08, 1.1882804074048181e-08, 4.395722541516989e-08, 1.101312374629515e-08, 0.03981428220868111, 0.5035887360572815, 2.333887572092408e-08, 1.6828431981252834e-08, 0.7469773888587952, 0.43907633423805237], [0.19285103678703308, 0.13850046694278717, 0.4775622487068176, 0.5106001496315002, 9.092256732401438e-06, 6.695595857308945e-06, 9.103149750444572e-06, 7.16614886187017e-06, 0.0343371145427227, 0.5131447315216064, 1.0683862456062343e-05, 9.012551345222164e-06, 0.7639062404632568, 0.44695305824279785], [0.033879078924655914, 0.003030558582395315, 0.5887334942817688, 0.603983998298645, 1.1156459578387512e-07, 6.051058676348475e-08, 1.5527245977864368e-07, 8.049702415746651e-08, 0.047558221966028214, 0.4238065481185913, 1.5572531708585302e-07, 1.1993124360287766e-07, 0.429630309343338, 0.4440201222896576], [0.5024496912956238, 0.003709997283294797, 0.5563868284225464, 0.47184085845947266, 1.4097772726984203e-08, 5.460266017109916e-09, 4.5777834856153277e-08, 6.3037286501810286e-09, 0.03949463367462158, 0.8359256386756897, 1.8903628884459067e-08, 1.6142289283038735e-08, 0.23848101496696472, 0.31403234601020813], [0.5200197696685791, 0.019514763727784157, 0.48170551657676697, 0.44677114486694336, 1.2226720400576596e-06, 6.342553433569265e-07, 2.861515895347111e-06, 1.1358686151652364e-06, 0.41762644052505493, 0.5666515231132507, 2.1982516500429483e-06, 1.429814801667817e-06, 0.697127103805542, 0.8192204833030701], [0.5121038556098938, 0.021476473659276962, 0.3396422863006592, 0.31948500871658325, 6.867763318041398e-07, 2.791062740925554e-07, 3.804474999924423e-06, 7.121903422557807e-07, 0.599563479423523, 0.5732792019844055, 1.13036219318019e-06, 9.063747370419151e-07, 0.6700714826583862, 0.8298258185386658], [0.5240278840065002, 0.020811133086681366, 0.4653676152229309, 0.4563576877117157, 2.0990523807995487e-07, 1.1705276392603992e-07, 5.74132798192295e-07, 1.7208670044510654e-07, 0.4985710382461548, 0.4940538704395294, 1.8727183714872808e-07, 2.074672096341601e-07, 0.4731157720088959, 0.8200626373291016], [0.2587375342845917, 0.016634538769721985, 0.40075939893722534, 0.4792400300502777, 1.7932498508343997e-07, 1.2637796942271962e-07, 4.109310509647912e-07, 1.8837891957446118e-07, 0.2943941652774811, 0.417839914560318, 1.6534087876607373e-07, 1.8854942140933417e-07, 0.5423824191093445, 0.5449796915054321], [0.43302223086357117, 0.024789704009890556, 0.3139198422431946, 0.3046950697898865, 4.6984033019725757e-07, 2.3852081199038366e-07, 1.446766304979974e-06, 4.4474208493738843e-07, 0.2948486804962158, 0.700707197189331, 6.287553446782113e-07, 5.456591338770522e-07, 0.5535439252853394, 0.7493541836738586], [0.4722401201725006, 0.03159555047750473, 0.4049191176891327, 0.3446955978870392, 1.4821877130088978e-06, 5.11313146489556e-07, 3.953125997213647e-06, 1.036662752085249e-06, 0.26054906845092773, 0.5612088441848755, 2.28934936785663e-06, 1.5791383702890016e-06, 0.546127200126648, 0.7640677690505981], [0.45169079303741455, 0.024919582530856133, 0.5446450114250183, 0.47715887427330017, 4.1018046204044367e-07, 1.9310446930376202e-07, 8.426495128333045e-07, 2.5232202460756525e-07, 0.2508913278579712, 0.5461687445640564, 5.884293159397203e-07, 3.754639976705221e-07, 0.5920133590698242, 0.7543644905090332], [0.2531502842903137, 0.015414087101817131, 0.5082603096961975, 0.4156077206134796, 2.517664086099103e-07, 8.574964027729948e-08, 9.642461691328208e-07, 1.1222582685377347e-07, 0.18113602697849274, 0.49363040924072266, 4.4143308741695364e-07, 2.8955443553968507e-07, 0.5932546257972717, 0.7621394991874695], [0.03516458347439766, 0.007116873282939196, 0.39167484641075134, 0.4767431914806366, 1.8931348222395172e-06, 1.0701486417019623e-06, 2.07068728741433e-06, 1.8876265812650672e-06, 0.10118459910154343, 0.5557901859283447, 3.091562803092529e-06, 2.169846766264527e-06, 0.5434753894805908, 0.6699315309524536], [0.0383896604180336, 0.00664525618776679, 0.40787917375564575, 0.4940282106399536, 5.115528622923193e-08, 3.658804104134106e-08, 2.0636285569253232e-07, 5.245136236453618e-08, 0.1053321585059166, 0.5680432915687561, 8.132096240842657e-08, 7.124469902919373e-08, 0.5878943204879761, 0.6680665612220764], [0.0509040430188179, 0.006618911400437355, 0.3644505739212036, 0.35384401679039, 2.1673923100706816e-08, 1.171051522419475e-08, 1.1225527885017073e-07, 1.5408549103312907e-08, 0.06413007527589798, 0.6157079935073853, 3.9914603178203834e-08, 2.6349674442371906e-08, 0.6209794878959656, 0.6735408306121826], [0.048377685248851776, 0.008571499958634377, 0.5214812159538269, 0.4384371340274811, 1.0498545321979691e-07, 1.2056671039317735e-07, 3.910250256922154e-07, 2.0134147860062512e-07, 0.047049630433321, 0.47143539786338806, 1.0930179428214615e-07, 1.6977249117644533e-07, 0.5500698089599609, 0.6969078779220581]]}, "cov": {"api": [[[0.0007201009429991245, 3.871498483931646e-05, -0.00010209107131231576, 2.647698056534864e-05, 9.181925997836515e-05, 0.00013141690578777343, 0.00017957667296286672, 0.00016912122373469174, 0.00013974455941934139, 0.0001472818257752806, 3.3129388611996546e-05, 1.3136174175087945e-06, 0.00016224940191023052], [3.871498483931646e-05, 0.00031530408887192607, -5.799463178846054e-05, 0.00022593524772673845, 0.00034919881727546453, 0.0002709962136577815, 0.000298039463814348, 0.00041741938912309706, 0.00035240192664787173, 0.00032214116072282195, 0.0005040637333877385, 0.0004492144798859954, 0.000150210180436261], [-0.00010209107131231576, -5.799463178846054e-05, 0.00014049244055058807, -1.8025855752057396e-05, -6.598517211386934e-05, 2.1355304852477275e-05, 4.90017919219099e-06, -0.00010231230407953262, -9.386116289533675e-05, -8.182687452062964e-05, -0.00012362773122731596, -2.8544513043016195e-05, -7.127146091079339e-06], [2.647698056534864e-05, 0.00022593524772673845, -1.8025855752057396e-05, 0.0006102518527768552, 0.000695672701112926, 0.00038393796421587467, 0.00036868962342850864, 0.0007006300729699433, 0.0005177510902285576, 0.0004885446396656334, 0.0005640685558319092, 0.00020294543355703354, -6.475775444414467e-05], [9.181925997836515e-05, 0.00034919881727546453, -6.598517211386934e-05, 0.000695672701112926, 0.0008498919778503478, 0.0005382300587370992, 0.0005507399328052998, 0.0008998637204058468, 0.0006632505101151764, 0.0006135226576589048, 0.0007876289892010391, 0.0003927252546418458, 5.521112143469509e-06], [0.00013141690578777343, 0.0002709962136577815, 2.1355304852477275e-05, 0.00038393796421587467, 0.0005382300587370992, 0.0005867656436748803, 0.0006503427866846323, 0.000623453757725656, 0.00040014766273088753, 0.00034505673102103174, 0.0005741984932683408, 0.00046132979332469404, 0.000136951741296798], [0.00017957667296286672, 0.000298039463814348, 4.90017919219099e-06, 0.00036868962342850864, 0.0005507399328052998, 0.0006503427866846323, 0.0007342727622017264, 0.0006604441441595554, 0.00041479870560579, 0.00035040552029386163, 0.0006226213299669325, 0.0005280757904984057, 0.00017814077727962285], [0.00016912122373469174, 0.00041741938912309706, -0.00010231230407953262, 0.0007006300729699433, 0.0008998637204058468, 0.000623453757725656, 0.0006604441441595554, 0.0009859835263341665, 0.0007245411397889256, 0.000662508886307478, 0.0008972542709670961, 0.0005108257755637169, 6.950359238544479e-05], [0.00013974455941934139, 0.00035240192664787173, -9.386116289533675e-05, 0.0005177510902285576, 0.0006632505101151764, 0.00040014766273088753, 0.00041479870560579, 0.0007245411397889256, 0.0005728596006520092, 0.0005355524481274188, 0.0006878967396914959, 0.0004060781211592257, 7.146875577745959e-05], [0.0001472818257752806, 0.00032214116072282195, -8.182687452062964e-05, 0.0004885446396656334, 0.0006135226576589048, 0.00034505673102103174, 0.00035040552029386163, 0.000662508886307478, 0.0005355524481274188, 0.0005075968219898641, 0.000618624733760953, 0.00035321389441378415, 6.199371273396537e-05], [3.3129388611996546e-05, 0.0005040637333877385, -0.00012362773122731596, 0.0005640685558319092, 0.0007876289892010391, 0.0005741984932683408, 0.0006226213299669325, 0.0008972542709670961, 0.0006878967396914959, 0.000618624733760953, 0.0009534399723634124, 0.000686060287989676, 0.0001491120783612132], [1.3136174175087945e-06, 0.0004492144798859954, -2.8544513043016195e-05, 0.00020294543355703354, 0.0003927252546418458, 0.00046132979332469404, 0.0005280757904984057, 0.0005108257755637169, 0.0004060781211592257, 0.00035321389441378415, 0.000686060287989676, 0.0007478107581846416, 0.00028706694138236344], [0.00016224940191023052, 0.000150210180436261, -7.127146091079339e-06, -6.475775444414467e-05, 5.521112143469509e-06, 0.000136951741296798, 0.00017814077727962285, 6.950359238544479e-05, 7.146875577745959e-05, 6.199371273396537e-05, 0.0001491120783612132, 0.00028706694138236344, 0.00019380835874471813]], [[0.0016262974822893739, -1.4163351380602762e-08, -0.000585411034990102, 0.00036010221811011434, 5.922391210333444e-05, -2.3869069991633296e-05, -4.448922936717281e-06, 3.3384678772563348e-06, 3.963227754866239e-06, 5.716462510463316e-06, -9.959983771068437e-08, -2.48891574017307e-08, -1.1745531480755744e-07], [-1.4163351380602762e-08, 3.223196666166106e-12, -1.697602769468176e-08, -4.506291872985457e-08, -1.194223719913623e-09, 4.560939681486076e-10, 1.2832719609168208e-10, 5.36546751472855e-10, 5.373085865123528e-10, 7.976725946434726e-10, 1.670715649160215e-11, 2.6071866020271894e-12, 2.53646843112465e-11], [-0.000585411034990102, -1.697602769468176e-08, 0.0007604886777698994, 0.000604381668381393, 0.00011529406037880108, 2.8121068680775352e-05, 4.223707946948707e-06, 3.398529315745691e-06, -4.160928710916778e-06, -7.063872999424348e-06, -5.3830529367360214e-08, -5.9306506372536205e-09, -1.3116060415541142e-07], [0.00036010221811011434, -4.506291872985457e-08, 0.000604381668381393, 0.0014610220678150654, 0.00027074667741544545, 1.7882561223814264e-05, 1.664394403633196e-06, 9.014373063109815e-06, -3.619675908339559e-06, -6.9293423621275e-06, -1.938049081218196e-07, -3.7799996022158666e-08, -3.8706224358975305e-07], [5.922391210333444e-05, -1.194223719913623e-09, 0.00011529406037880108, 0.00027074667741544545, 9.235523612005636e-05, 1.25096239571576e-05, 1.974423184947227e-06, 6.624848992942134e-06, 8.858995101945766e-07, 2.3611262633949082e-07, 1.9076583868127273e-08, -3.459116326709477e-10, -1.836100871344115e-08], [-2.3869069991633296e-05, 4.560939681486076e-10, 2.8121068680775352e-05, 1.7882561223814264e-05, 1.25096239571576e-05, 3.6653373172157444e-06, 6.385320716617571e-07, 1.194430637951882e-06, 1.4139597048767882e-08, -2.7189329898646974e-07, 9.261840183683034e-09, 1.0882882373053349e-09, 3.684775595758083e-09], [-4.448922936717281e-06, 1.2832719609168208e-10, 4.223707946948707e-06, 1.664394403633196e-06, 1.974423184947227e-06, 6.385320716617571e-07, 1.12950743869078e-07, 2.070444082846734e-07, 6.8881425008271435e-09, -4.1356301494488434e-08, 1.8768686604886398e-09, 2.3401805493428185e-10, 1.0574396913654027e-09], [3.3384678772563348e-06, 5.36546751472855e-10, 3.398529315745691e-06, 9.014373063109815e-06, 6.624848992942134e-06, 1.194430637951882e-06, 2.070444082846734e-07, 6.426274126170028e-07, 1.599107690708479e-07, 1.306072761053656e-07, 5.1766839703759615e-09, 5.223127486075896e-10, 3.706488449495282e-09], [3.963227754866239e-06, 5.373085865123528e-10, -4.160928710916778e-06, -3.619675908339559e-06, 8.858995101945766e-07, 1.4139597048767882e-08, 6.8881425008271435e-09, 1.599107690708479e-07, 1.3388709874107008e-07, 1.995897207507369e-07, 2.717867930712714e-09, 3.59283380824138e-10, 4.038609890955058e-09], [5.716462510463316e-06, 7.976725946434726e-10, -7.063872999424348e-06, -6.9293423621275e-06, 2.3611262633949082e-07, -2.7189329898646974e-07, -4.1356301494488434e-08, 1.306072761053656e-07, 1.995897207507369e-07, 3.281433293977898e-07, 3.3773426277861063e-09, 4.840879919143504e-10, 6.019420961678179e-09], [-9.959983771068437e-08, 1.670715649160215e-11, -5.3830529367360214e-08, -1.938049081218196e-07, 1.9076583868127273e-08, 9.261840183683034e-09, 1.8768686604886398e-09, 5.1766839703759615e-09, 2.717867930712714e-09, 3.3773426277861063e-09, 1.0202994699115564e-10, 1.482019194865014e-11, 1.3071609072934365e-10], [-2.48891574017307e-08, 2.6071866020271894e-12, -5.9306506372536205e-09, -3.7799996022158666e-08, -3.459116326709477e-10, 1.0882882373053349e-09, 2.3401805493428185e-10, 5.223127486075896e-10, 3.59283380824138e-10, 4.840879919143504e-10, 1.482019194865014e-11, 2.364456937534176e-12, 2.0898574537575598e-11], [-1.1745531480755744e-07, 2.53646843112465e-11, -1.3116060415541142e-07, -3.8706224358975305e-07, -1.836100871344115e-08, 3.684775595758083e-09, 1.0574396913654027e-09, 3.706488449495282e-09, 4.038609890955058e-09, 6.019420961678179e-09, 1.3071609072934365e-10, 2.0898574537575598e-11, 2.0336562989164975e-10]], [[0.012439722195267677, -3.911408696932739e-11, -0.001002865144982934, -0.0004121456004213542, -1.1022812941519078e-05, -1.1307420066941631e-07, -4.889455951229138e-09, -6.950569542141238e-08, -2.5100844069925188e-08, -2.910914176368351e-08, -3.200930076552311e-10, -1.645484616619175e-11, -5.2835704700271435e-09], [-3.911408696932739e-11, 1.384537494230672e-18, 1.798863835666964e-11, 7.578646044059667e-12, 2.6662323065508586e-13, 3.680894327675547e-15, 1.7465063660176045e-16, 2.1784211448470014e-15, 7.607120313578514e-16, 6.977775892559753e-16, 1.234382437522672e-17, 5.726381129163723e-19, 1.7414518292537624e-16], [-0.001002865144982934, 1.798863835666964e-11, 0.0004861499182879925, 0.00020263422629795969, 5.446399882202968e-06, 5.745268794044023e-08, 2.4933513032010524e-09, 3.5124489983218155e-08, 1.2402474602879465e-08, 1.3326288517134799e-08, 1.462436977073267e-10, 7.587546042853166e-12, 2.4935877807052975e-09], [-0.0004121456004213542, 7.578646044059667e-12, 0.00020263422629795969, 8.705279469722882e-05, 2.342668040000717e-06, 2.4966796630110366e-08, 1.0929434024475881e-09, 1.5268582842509204e-08, 5.300392125207054e-09, 5.714237083509488e-09, 6.289050530350337e-11, 3.2471761824554024e-12, 9.914422616219554e-10], [-1.1022812941519078e-05, 2.6662323065508586e-13, 5.446399882202968e-06, 2.342668040000717e-06, 6.878156000311719e-08, 8.111150084921803e-10, 3.676491749926569e-11, 4.889357807513761e-10, 1.690554640720876e-10, 1.7121701278988155e-10, 2.3017976413797214e-12, 1.1289094523558516e-13, 3.386105285052565e-11], [-1.1307420066941631e-07, 3.680894327675547e-15, 5.745268794044023e-08, 2.4966796630110366e-08, 8.111150084921803e-10, 1.0586533386036656e-11, 4.947135908393852e-13, 6.293676083762856e-12, 2.161816732570987e-12, 2.0608822808021454e-12, 3.274044243725162e-14, 1.5503869779185243e-15, 4.477117461487712e-13], [-4.889455951229138e-09, 1.7465063660176045e-16, 2.4933513032010524e-09, 1.0929434024475881e-09, 3.676491749926569e-11, 4.947135908393852e-13, 2.3361912380201293e-14, 2.9326771588435163e-13, 1.0030125059505568e-13, 9.410586865972112e-14, 1.5760900868238377e-15, 7.358180506754027e-17, 2.0972527303687004e-14], [-6.950569542141238e-08, 2.1784211448470014e-15, 3.5124489983218155e-08, 1.5268582842509204e-08, 4.889357807513761e-10, 6.293676083762856e-12, 2.9326771588435163e-13, 3.7532759018799045e-12, 1.2923167310580075e-12, 1.245758054005397e-12, 1.929536479867381e-14, 9.187534503598085e-16, 2.663684702496061e-13], [-2.5100844069925188e-08, 7.607120313578514e-16, 1.2402474602879465e-08, 5.300392125207054e-09, 1.690554640720876e-10, 2.161816732570987e-12, 1.0030125059505568e-13, 1.2923167310580075e-12, 4.5311879790822795e-13, 4.4019673431545947e-13, 6.556958277660792e-15, 3.193635289575281e-16, 9.437214871328356e-14], [-2.910914176368351e-08, 6.977775892559753e-16, 1.3326288517134799e-08, 5.714237083509488e-09, 1.7121701278988155e-10, 2.0608822808021454e-12, 9.410586865972112e-14, 1.245758054005397e-12, 4.4019673431545947e-13, 4.499351195438872e-13, 5.8384354750980194e-15, 2.9663692029864596e-16, 8.688385568726004e-14], [-3.200930076552311e-10, 1.234382437522672e-17, 1.462436977073267e-10, 6.289050530350337e-11, 2.3017976413797214e-12, 3.274044243725162e-14, 1.5760900868238377e-15, 1.929536479867381e-14, 6.556958277660792e-15, 5.8384354750980194e-15, 1.16549655664493e-16, 5.107477977406648e-18, 1.549975108147922e-15], [-1.645484616619175e-11, 5.726381129163723e-19, 7.587546042853166e-12, 3.2471761824554024e-12, 1.1289094523558516e-13, 1.5503869779185243e-15, 7.358180506754027e-17, 9.187534503598085e-16, 3.193635289575281e-16, 2.9663692029864596e-16, 5.107477977406648e-18, 2.3893031860472363e-19, 7.048444380744771e-17], [-5.2835704700271435e-09, 1.7414518292537624e-16, 2.4935877807052975e-09, 9.914422616219554e-10, 3.386105285052565e-11, 4.477117461487712e-13, 2.0972527303687004e-14, 2.663684702496061e-13, 9.437214871328356e-14, 8.688385568726004e-14, 1.549975108147922e-15, 7.048444380744771e-17, 2.427128356424172e-14]], [[0.0032317626755684614, 3.6275404338356743e-13, -0.0002457768132444471, -0.00018239156634081155, -2.213922243754496e-06, -1.298780638592234e-08, -2.8853930356120827e-10, -5.126032931457303e-09, 1.2570301743952683e-10, 1.9667007605805864e-11, 6.298834284018673e-12, 7.729484641314649e-14, 2.393961140434442e-10], [3.6275404338356743e-13, 1.7360848924804472e-21, -9.269307191380957e-14, -7.825723847155325e-14, 5.314836870675972e-16, 2.4634826650897028e-17, 1.5912525142470878e-18, 1.48986477977131e-17, 2.7222939957135606e-18, 8.643837843856361e-19, 6.538211337499298e-20, 5.999679216521253e-22, 5.869826138101724e-19], [-0.0002457768132444471, -9.269307191380957e-14, 4.159947275184095e-05, 3.1661609682487324e-05, 3.6377781498231343e-07, 2.6643369732681776e-09, 6.334726493362197e-11, 7.943116164810249e-10, -5.938149971740359e-11, -3.477268126217403e-11, -2.2598513772092987e-12, -2.6336676844365345e-14, -5.265542168952919e-11], [-0.00018239156634081155, -7.825723847155325e-14, 3.1661609682487324e-05, 2.70284763246309e-05, 3.583906220683275e-07, 3.1307421100024158e-09, 1.004564209594605e-10, 1.1566515523142584e-09, -3.1013153850567576e-11, -3.2716676590105465e-11, -1.3026718375871993e-12, -2.0978895297384462e-14, -4.593710481448632e-11], [-2.213922243754496e-06, 5.314836870675972e-16, 3.6377781498231343e-07, 3.583906220683275e-07, 7.22278148401756e-09, 9.065306838529352e-11, 4.034110719086659e-12, 4.236619735586977e-11, 2.7461264599099033e-12, 3.8843234184682274e-13, 5.59273493402207e-14, 2.999663685862862e-16, -1.5024801877910193e-13], [-1.298780638592234e-08, 2.4634826650897028e-17, 2.6643369732681776e-09, 3.1307421100024158e-09, 9.065306838529352e-11, 1.3789191143087631e-12, 6.755899550729694e-14, 6.820435600844721e-13, 6.174035349811036e-14, 1.2860840898373891e-14, 1.3868519149789127e-15, 9.880368014480496e-18, 4.487711844660108e-15], [-2.8853930356120827e-10, 1.5912525142470878e-18, 6.334726493362197e-11, 1.004564209594605e-10, 4.034110719086659e-12, 6.755899550729694e-14, 3.4616032151038026e-15, 3.454416182897997e-14, 3.5055269556166216e-15, 8.058741340395562e-16, 8.090613204967271e-17, 6.105069583469328e-19, 3.7566435312364334e-16], [-5.126032931457303e-09, 1.48986477977131e-17, 7.943116164810249e-10, 1.1566515523142584e-09, 4.236619735586977e-11, 6.820435600844721e-13, 3.454416182897997e-14, 3.4908818999541957e-13, 3.439889906665765e-14, 7.908095260176964e-15, 7.815985932877216e-16, 5.798971604589233e-18, 3.35680300491358e-15], [1.2570301743952683e-10, 2.7222939957135606e-18, -5.938149971740359e-11, -3.1013153850567576e-11, 2.7461264599099033e-12, 6.174035349811036e-14, 3.5055269556166216e-15, 3.439889906665765e-14, 4.8998162433889006e-15, 1.4412750523894223e-15, 1.1276736238742692e-16, 9.711821072481232e-19, 8.429896354805819e-16], [1.9667007605805864e-11, 8.643837843856361e-19, -3.477268126217403e-11, -3.2716676590105465e-11, 3.8843234184682274e-13, 1.2860840898373891e-14, 8.058741340395562e-16, 7.908095260176964e-15, 1.4412750523894223e-15, 4.871870932393087e-16, 3.251371702238094e-17, 3.001815436994151e-19, 2.9221916702268196e-16], [6.298834284018673e-12, 6.538211337499298e-20, -2.2598513772092987e-12, -1.3026718375871993e-12, 5.59273493402207e-14, 1.3868519149789127e-15, 8.090613204967271e-17, 7.815985932877216e-16, 1.1276736238742692e-16, 3.251371702238094e-17, 2.702682784160847e-18, 2.3314347289922776e-20, 2.0424078631946867e-17], [7.729484641314649e-14, 5.999679216521253e-22, -2.6336676844365345e-14, -2.0978895297384462e-14, 2.999663685862862e-16, 9.880368014480496e-18, 6.105069583469328e-19, 5.798971604589233e-18, 9.711821072481232e-19, 3.001815436994151e-19, 2.3314347289922776e-20, 2.1001554841063324e-22, 1.9668801417923047e-19], [2.393961140434442e-10, 5.869826138101724e-19, -5.265542168952919e-11, -4.593710481448632e-11, -1.5024801877910193e-13, 4.487711844660108e-15, 3.7566435312364334e-16, 3.35680300491358e-15, 8.429896354805819e-16, 2.9221916702268196e-16, 2.0424078631946867e-17, 1.9668801417923047e-19, 2.1698282867646822e-16]], [[9.427210898138583e-05, 0.00031052151462063193, 0.0004034724261146039, 0.00029390398412942886, 0.000312680727802217, 0.0003176710451953113, 0.00036050076596438885, 0.00032566473237238824, 0.0003172029973939061, 0.00030176882864907384, 0.00033317162888124585, 0.0002863789559341967, 0.00027708912966772914], [0.00031052151462063193, 0.0010228223400190473, 0.001328991842456162, 0.0009680860675871372, 0.0010299343848600984, 0.001046371879056096, 0.0011874480405822396, 0.0010727022308856249, 0.0010448303073644638, 0.0009939918527379632, 0.0010974290780723095, 0.0009432993829250336, 0.0009126998484134674], [0.0004034724261146039, 0.001328991842456162, 0.0017268096562474966, 0.0012578709283843637, 0.001338232890702784, 0.0013595909113064408, 0.0015428964979946613, 0.0013938029296696186, 0.001357587636448443, 0.0012915314873680472, 0.001425931346602738, 0.001225664746016264, 0.0011859056539833546], [0.00029390398412942886, 0.0009680860675871372, 0.0012578709283843637, 0.0009162789792753756, 0.0009748175507411361, 0.0009903754107654095, 0.0011239020386710763, 0.001015296671539545, 0.0009889161447063088, 0.0009407985489815474, 0.0010387003421783447, 0.0008928188472054899, 0.0008638566941954195], [0.000312680727